39 <--# of nodes, 138 edges
23 1
25 1
30 1
3 2
22 2
31 2
2 3
4 3
22 3
3 4
5 4
21 4
4 5
6 5
21 5
5 6
7 6
8 6
6 7
8 7
9 7
6 8
7 8
9 8
7 9
8 9
10 9
20 9
9 10
11 10
20 10
24 10
10 11
12 11
20 11
24 11
11 12
13 12
26 12
12 13
26 13
32 13
26 14
32 14
33 14
27 15
33 15
36 15
27 16
35 16
38 16
34 17
37 17
39 17
19 18
28 18
29 18
34 18
18 19
28 19
29 19
9 20
10 20
11 20
24 20
4 21
5 21
22 21
2 22
3 22
21 22
30 22
31 22
1 23
25 23
30 23
31 23
10 24
11 24
20 24
1 25
23 25
30 25
12 26
13 26
14 26
32 26
15 27
16 27
33 27
35 27
36 27
38 27
18 28
19 28
29 28
18 29
19 29
28 29
1 30
22 30
23 30
25 30
31 30
2 31
22 31
23 31
30 31
13 32
14 32
26 32
14 33
15 33
27 33
36 33
17 34
18 34
37 34
39 34
16 35
27 35
38 35
39 35
15 36
27 36
33 36
17 37
34 37
39 37
16 38
27 38
35 38
39 38
17 39
34 39
35 39
37 39
38 39
Loss 0 0 0 0 78 0 0 27 0 0 0 64 0 77 91 0 0 0 68 0 0 0 0 0 1 59 2 0 0 0 9 21 0 0 0 0 20 94 0 
