24 <--# of nodes, 78 edges
2 1
13 1
14 1
1 2
3 2
13 2
14 2
15 2
2 3
4 3
15 3
3 4
5 4
16 4
4 5
6 5
16 5
5 6
7 6
16 6
6 7
16 7
18 7
17 8
18 8
19 8
10 9
22 9
23 9
24 9
9 10
21 10
24 10
12 11
20 11
21 11
11 12
20 12
21 12
1 13
2 13
14 13
15 13
1 14
2 14
13 14
2 15
3 15
13 15
4 16
5 16
6 16
7 16
8 17
19 17
22 17
7 18
8 18
19 18
8 19
17 19
18 19
11 20
12 20
21 20
10 21
11 21
12 21
20 21
9 22
17 22
23 22
9 23
22 23
24 23
9 24
10 24
23 24
Loss 0 97 0 0 61 0 0 0 47 0 51 0 0 0 0 0 0 27 35 0 68 0 3 0 
