38 <--# of nodes, 182 edges
2 1
3 1
4 1
1 2
3 2
4 2
21 2
30 2
1 3
2 3
4 3
21 3
1 4
2 4
3 4
5 4
20 4
4 5
6 5
7 5
8 5
20 5
5 6
7 6
8 6
5 7
6 7
8 7
5 8
6 8
7 8
9 8
19 8
8 9
10 9
11 9
19 9
23 9
9 10
11 10
12 10
23 10
9 11
10 11
12 11
13 11
10 12
11 12
13 12
25 12
11 13
12 13
14 13
15 13
31 13
32 13
13 14
15 14
16 14
26 14
35 14
13 15
14 15
16 15
17 15
18 15
26 15
37 15
14 16
15 16
17 16
18 16
33 16
38 16
15 17
16 17
18 17
36 17
15 18
16 18
17 18
27 18
8 19
9 19
23 19
25 19
31 19
4 20
5 20
21 20
29 20
30 20
2 21
3 21
20 21
29 21
30 21
24 22
29 22
30 22
9 23
10 23
19 23
25 23
31 23
22 24
29 24
30 24
12 25
19 25
23 25
31 25
32 25
14 26
15 26
32 26
34 26
35 26
37 26
18 27
28 27
33 27
36 27
27 28
33 28
36 28
20 29
21 29
22 29
24 29
30 29
2 30
20 30
21 30
22 30
24 30
29 30
13 31
19 31
23 31
25 31
32 31
35 31
13 32
25 32
26 32
31 32
34 32
35 32
16 33
27 33
28 33
34 33
36 33
38 33
26 34
32 34
33 34
35 34
36 34
37 34
38 34
14 35
26 35
31 35
32 35
34 35
17 36
27 36
28 36
33 36
34 36
38 36
15 37
26 37
34 37
38 37
16 38
33 38
34 38
36 38
37 38
Loss 0 17 0 0 0 16 0 0 0 0 0 0 0 22 0 0 0 0 0 0 0 0 35 65 0 0 95 0 0 0 64 82 0 9 0 0 0 0 
