23 <--# of nodes, 88 edges
2 1
3 1
9 1
1 2
3 2
9 2
1 3
2 3
9 3
10 3
5 4
9 4
10 4
11 4
4 5
11 5
12 5
13 5
8 6
13 6
17 6
14 7
18 7
19 7
6 8
15 8
16 8
17 8
1 9
2 9
3 9
4 9
10 9
3 10
4 10
9 10
11 10
4 11
5 11
10 11
12 11
5 12
11 12
13 12
5 13
6 13
12 13
7 14
15 14
16 14
17 14
8 15
14 15
16 15
17 15
8 16
14 16
15 16
17 16
6 17
8 17
14 17
15 17
16 17
7 18
19 18
21 18
22 18
7 19
18 19
21 19
22 19
21 20
22 20
23 20
18 21
19 21
20 21
22 21
23 21
18 22
19 22
20 22
21 22
23 22
20 23
21 23
22 23
Loss 0 0 0 50 0 26 0 0 0 72 0 0 0 76 79 0 50 0 19 0 93 0 0 
