40 <--# of nodes, 350 edges
1 20
1 21
1 11
1 3
1 22
23 24
23 25
23 18
13 26
13 5
13 14
13 7
13 15
13 8
13 27
13 16
13 17
13 25
13 28
13 29
5 12
5 2
5 6
5 29
5 7
5 15
5 8
5 27
5 16
5 17
5 25
5 28
5 14
6 20
6 12
6 11
6 15
6 17
6 2
6 30
6 19
6 21
6 29
6 31
6 32
6 9
6 10
6 25
6 33
6 22
6 3
6 34
6 35
6 24
6 16
7 26
7 2
7 3
7 4
7 15
7 8
7 9
7 16
7 17
7 21
7 25
7 10
15 26
15 12
15 36
15 4
15 29
15 28
15 9
15 16
15 27
15 8
15 25
15 14
15 20
15 17
15 11
8 20
8 36
8 4
8 34
8 24
8 28
8 27
8 16
8 17
8 25
8 22
8 29
8 11
8 14
17 20
17 14
17 37
17 19
17 38
17 29
17 27
17 31
17 11
17 9
17 25
17 33
17 3
17 4
17 35
17 39
17 24
17 16
18 20
18 3
18 37
18 19
18 2
18 38
18 24
18 39
18 9
18 40
18 31
18 25
18 33
18 29
18 35
26 16
26 9
2 12
2 28
2 36
2 19
2 21
2 29
2 31
2 11
2 32
2 9
2 10
2 25
2 22
2 3
2 34
2 35
2 24
2 16
2 38
36 3
36 34
36 21
36 24
36 11
36 16
36 22
36 29
37 20
37 12
37 3
37 4
37 19
37 35
37 38
37 9
37 40
37 33
37 31
19 3
19 32
19 39
19 38
19 24
19 11
19 9
19 40
19 25
19 33
19 29
19 31
19 35
21 3
21 34
21 32
21 24
21 9
21 16
21 25
21 10
21 22
21 29
21 20
21 11
29 20
29 12
29 28
29 11
29 27
29 31
29 14
29 30
29 10
29 9
29 25
29 22
29 3
29 34
29 35
29 24
29 16
29 38
28 12
28 9
28 16
27 16
27 14
40 39
40 38
40 24
40 35
40 31
40 25
40 33
31 3
31 39
31 38
31 35
31 25
31 33
31 24
14 20
14 11
14 16
14 25
20 3
20 4
20 35
20 11
20 9
20 16
20 25
20 10
11 12
11 32
11 9
11 10
11 25
11 22
11 3
11 35
11 24
11 16
32 12
32 3
32 9
32 10
32 25
30 12
30 25
12 3
12 35
12 9
12 10
12 38
12 25
12 24
9 10
9 25
9 33
9 3
9 4
9 35
9 16
9 38
25 33
25 10
25 3
25 34
25 35
25 24
25 16
33 39
33 38
33 24
33 35
10 3
10 16
22 3
22 34
22 24
3 4
3 34
3 35
3 24
3 16
4 16
34 24
35 39
35 38
35 16
35 24
39 38
39 24
24 38
Loss 0 49 78 0 0 0 55 0 0 0 0 0 2 0 0 0 0 0 0 0 0 34 0 0 0 21 0 0 27 0 0 0 17 0 0 87 0 0 89 0 
