19 <--# of nodes, 70 edges
13 1
15 1
16 1
3 2
16 2
17 2
18 2
19 2
2 3
4 3
17 3
3 4
5 4
14 4
17 4
4 5
14 5
17 5
7 6
12 6
14 6
6 7
11 7
12 7
9 8
10 8
11 8
8 9
10 9
11 9
8 10
9 10
11 10
7 11
8 11
9 11
10 11
12 11
6 12
7 12
11 12
1 13
15 13
16 13
4 14
5 14
6 14
1 15
13 15
16 15
18 15
19 15
1 16
2 16
13 16
15 16
18 16
19 16
2 17
3 17
4 17
5 17
2 18
15 18
16 18
19 18
2 19
15 19
16 19
18 19
Loss 0 92 0 0 0 16 58 54 0 0 32 12 0 0 0 38 91 0 0 
