20 <--# of nodes, 72 edges
14 1
16 1
17 1
3 2
17 2
18 2
19 2
20 2
2 3
4 3
18 3
3 4
5 4
15 4
18 4
4 5
15 5
18 5
7 6
13 6
15 6
6 7
12 7
13 7
9 8
10 8
11 8
12 8
8 9
10 9
11 9
8 10
9 10
11 10
8 11
9 11
10 11
7 12
8 12
13 12
6 13
7 13
12 13
1 14
16 14
17 14
4 15
5 15
6 15
1 16
14 16
17 16
19 16
20 16
1 17
2 17
14 17
16 17
19 17
20 17
2 18
3 18
4 18
5 18
2 19
16 19
17 19
20 19
2 20
16 20
17 20
19 20
Loss 0 0 0 2 0 0 0 64 0 0 0 0 0 0 0 19 0 60 0 0 
