40 <--# of nodes, 188 edges
2 1
3 1
4 1
1 2
3 2
4 2
21 2
30 2
1 3
2 3
4 3
5 3
31 3
1 4
2 4
3 4
5 4
20 4
3 5
4 5
6 5
32 5
5 6
7 6
8 6
6 7
8 7
9 7
6 8
7 8
9 8
7 9
8 9
10 9
19 9
9 10
11 10
12 10
19 10
23 10
10 11
12 11
13 11
23 11
10 12
11 12
13 12
14 12
11 13
12 13
14 13
25 13
12 14
13 14
15 14
16 14
33 14
34 14
14 15
16 15
17 15
18 15
26 15
37 15
14 16
15 16
17 16
18 16
26 16
36 16
15 17
16 17
18 17
38 17
40 17
15 18
16 18
17 18
27 18
35 18
9 19
10 19
23 19
25 19
33 19
4 20
21 20
31 20
32 20
2 21
20 21
29 21
30 21
31 21
32 21
24 22
29 22
30 22
10 23
11 23
19 23
25 23
33 23
22 24
29 24
30 24
13 25
19 25
23 25
33 25
34 25
15 26
16 26
34 26
36 26
37 26
39 26
18 27
28 27
35 27
38 27
27 28
35 28
38 28
21 29
22 29
24 29
30 29
2 30
21 30
22 30
24 30
29 30
31 30
3 31
20 31
21 31
30 31
32 31
5 32
20 32
21 32
31 32
14 33
19 33
23 33
25 33
34 33
37 33
14 34
25 34
26 34
33 34
36 34
37 34
18 35
27 35
28 35
36 35
38 35
40 35
16 36
26 36
34 36
35 36
37 36
38 36
39 36
40 36
15 37
26 37
33 37
34 37
36 37
17 38
27 38
28 38
35 38
36 38
40 38
26 39
36 39
40 39
17 40
35 40
36 40
38 40
39 40
Loss 0 0 0 0 46 0 0 0 30 0 0 0 0 0 0 0 0 98 0 19 0 0 0 0 0 0 0 0 7 0 0 21 0 43 0 96 0 0 0 39 
