23 <--# of nodes, 84 edges
2 1
3 1
9 1
1 2
3 2
9 2
1 3
2 3
9 3
10 3
5 4
9 4
10 4
11 4
4 5
11 5
12 5
13 5
13 6
16 6
17 6
8 7
14 7
19 7
7 8
18 8
19 8
1 9
2 9
3 9
4 9
10 9
3 10
4 10
9 10
11 10
4 11
5 11
10 11
12 11
5 12
11 12
13 12
5 13
6 13
12 13
7 14
15 14
16 14
17 14
14 15
16 15
17 15
6 16
14 16
15 16
17 16
6 17
14 17
15 17
16 17
8 18
19 18
21 18
22 18
7 19
8 19
18 19
21 19
21 20
22 20
23 20
18 21
19 21
20 21
22 21
23 21
18 22
20 22
21 22
23 22
20 23
21 23
22 23
Loss 0 65 39 0 0 32 0 60 0 0 0 77 0 0 0 0 0 10 0 51 0 0 0 
