25 <--# of nodes, 94 edges
2 1
14 1
15 1
1 2
3 2
13 2
14 2
2 3
4 3
5 3
13 3
16 3
3 4
5 4
16 4
3 5
4 5
6 5
16 5
17 5
5 6
7 6
17 6
6 7
17 7
18 7
18 8
20 8
22 8
19 9
21 9
24 9
12 10
19 10
23 10
25 10
12 11
23 11
25 11
10 12
11 12
23 12
2 13
3 13
14 13
15 13
16 13
1 14
2 14
13 14
15 14
1 15
13 15
14 15
3 16
4 16
5 16
13 16
17 16
5 17
6 17
7 17
16 17
7 18
8 18
20 18
9 19
10 19
21 19
24 19
25 19
8 20
18 20
22 20
9 21
19 21
22 21
24 21
8 22
20 22
21 22
24 22
10 23
11 23
12 23
25 23
9 24
19 24
21 24
22 24
10 25
11 25
19 25
23 25
Loss 0 42 53 58 0 0 90 54 0 0 24 0 0 0 50 0 0 0 0 45 86 0 0 0 36 
