22 <--# of nodes, 167 edges
19 10
19 8
19 13
22 9
22 18
22 6
5 2
5 8
5 13
5 18
5 7
5 16
5 20
5 21
5 17
5 9
5 14
5 10
5 11
5 3
5 4
5 6
5 15
9 1
9 2
9 8
9 13
9 18
9 16
9 20
9 21
9 17
9 14
9 10
9 11
9 3
9 4
9 6
9 12
9 15
9 7
14 1
14 2
14 8
14 18
14 7
14 16
14 20
14 21
14 17
14 10
14 11
14 3
14 4
14 6
14 12
14 15
10 1
10 2
10 8
10 13
10 7
10 16
10 20
10 21
10 17
10 11
10 3
10 4
10 6
10 12
10 18
10 15
11 1
11 8
11 13
11 18
11 7
11 16
11 20
11 21
11 17
11 3
11 6
3 2
3 18
3 7
3 16
3 20
3 4
3 6
4 2
4 8
4 13
4 18
4 7
4 20
4 21
4 6
4 12
4 15
6 1
6 2
6 8
6 13
6 18
6 16
6 20
6 21
6 17
6 12
6 15
6 7
12 1
12 2
12 8
12 13
12 18
12 7
12 16
12 21
12 15
15 1
15 2
15 8
15 13
15 18
15 7
15 16
15 20
15 21
1 2
1 8
1 18
1 7
1 20
1 21
2 8
2 13
2 18
2 7
2 16
2 20
2 21
2 17
8 13
8 7
8 16
8 20
8 21
8 18
13 7
13 16
13 20
13 21
13 18
18 16
18 20
18 21
18 17
18 7
7 16
7 20
7 21
16 20
16 21
20 21
Loss 0 0 71 0 43 0 0 0 0 0 82 0 13 0 0 0 0 0 0 0 0 78 
