36 <--# of nodes, 156 edges
2 1
12 1
13 1
1 2
3 2
12 2
13 2
14 2
2 3
4 3
5 3
3 4
5 4
13 4
3 5
4 5
15 5
22 5
7 6
8 6
9 6
17 6
30 6
6 7
8 7
9 7
17 7
6 8
7 8
9 8
17 8
18 8
6 9
7 9
8 9
18 9
25 9
11 10
20 10
21 10
23 10
10 11
20 11
21 11
1 12
2 12
13 12
1 13
2 13
4 13
12 13
14 13
15 13
2 14
13 14
15 14
5 15
13 15
14 15
16 15
15 16
17 16
22 16
24 16
30 16
6 17
7 17
8 17
16 17
29 17
8 18
9 18
19 18
28 18
35 18
18 19
20 19
21 19
33 19
34 19
10 20
11 20
19 20
21 20
27 20
10 21
11 21
19 21
20 21
32 21
5 22
16 22
24 22
30 22
10 23
25 23
28 23
31 23
34 23
16 24
22 24
30 24
9 25
23 25
28 25
29 25
31 25
34 25
35 25
27 26
32 26
33 26
36 26
20 27
26 27
32 27
33 27
36 27
18 28
23 28
25 28
31 28
34 28
17 29
25 29
31 29
35 29
6 30
16 30
22 30
24 30
23 31
25 31
28 31
29 31
35 31
21 32
26 32
27 32
33 32
36 32
19 33
26 33
27 33
32 33
19 34
23 34
25 34
28 34
18 35
25 35
29 35
31 35
26 36
27 36
32 36
Loss 0 0 48 0 0 0 0 0 89 0 0 0 26 0 0 64 28 12 68 0 0 0 0 0 0 0 67 96 0 34 0 0 69 0 55 0 
