84 <--# of nodes, 83 edges
32 29
32 55
66 48
25 13
25 10
25 76
36 77
36 12
78 54
43 56
43 60
43 75
43 63
5 41
5 74
79 4
79 24
79 7
79 80
28 6
28 9
81 70
81 54
81 23
72 71
13 64
13 82
8 2
8 7
8 38
35 29
19 20
20 18
20 17
20 73
12 31
12 11
12 27
12 69
44 42
17 18
59 53
59 83
68 46
52 51
75 60
75 63
62 39
69 77
69 31
69 27
64 27
64 31
37 29
37 3
29 55
29 3
14 15
77 31
21 2
21 53
84 51
34 33
47 58
40 57
2 38
26 30
27 31
65 46
1 24
49 67
60 61
7 4
7 22
7 6
4 22
4 16
50 45
6 24
6 9
16 22
24 9
46 39
Loss 0 0 0 0 0 0 84 0 0 0 0 0 22 0 75 0 0 34 10 0 43 91 0 0 0 36 43 0 0 0 0 20 0 0 1 46 0 0 0 0 0 0 0 0 66 0 0 0 0 89 0 0 0 0 0 62 0 73 6 0 0 57 0 0 78 0 0 41 66 55 0 0 41 0 85 90 0 0 0 36 19 0 0 0 
