30 <--# of nodes, 116 edges
2 1
14 1
1 2
3 2
13 2
25 2
2 3
14 3
25 3
26 3
5 4
15 4
17 4
26 4
27 4
4 5
6 5
16 5
18 5
27 5
5 6
7 6
17 6
6 7
8 7
20 7
7 8
9 8
19 8
8 9
10 9
11 9
20 9
9 10
11 10
12 10
9 11
10 11
12 11
24 11
10 12
11 12
23 12
2 13
14 13
1 14
3 14
13 14
15 14
28 14
4 15
14 15
28 15
29 15
5 16
17 16
29 16
30 16
4 17
6 17
16 17
18 17
30 17
5 18
17 18
19 18
8 19
18 19
20 19
7 20
9 20
19 20
21 20
20 21
22 21
23 21
21 22
23 22
24 22
12 23
21 23
22 23
24 23
11 24
22 24
23 24
2 25
3 25
26 25
29 25
3 26
4 26
25 26
27 26
28 26
30 26
4 27
5 27
26 27
29 27
30 27
14 28
15 28
26 28
29 28
15 29
16 29
25 29
27 29
28 29
30 29
16 30
17 30
26 30
27 30
29 30
Loss 0 0 0 0 0 0 0 0 45 0 15 21 0 73 0 0 35 33 0 0 0 15 19 0 23 0 0 0 0 89 
