25 <--# of nodes, 103 edges
19 13
24 1
24 2
24 5
24 9
24 10
24 11
24 3
24 4
23 1
23 2
23 9
23 14
23 10
23 11
23 3
23 4
25 9
25 14
25 11
25 3
25 12
25 15
5 1
5 18
5 9
5 14
5 10
5 11
5 3
5 4
5 6
5 15
9 1
9 2
9 21
9 14
9 10
9 11
9 16
9 4
9 6
9 15
9 3
14 1
14 2
14 8
14 10
14 11
14 3
14 4
14 6
14 12
14 15
10 1
10 2
10 13
10 20
10 21
10 17
10 11
10 16
10 4
10 6
10 3
11 2
11 8
11 3
11 6
11 15
3 1
3 2
3 13
3 4
3 6
3 12
3 15
3 7
4 2
4 13
4 18
4 20
4 21
4 17
4 6
4 16
4 7
6 1
6 2
6 8
6 13
6 21
6 17
6 15
12 1
12 8
12 7
15 2
15 16
2 13
2 18
2 21
13 17
Loss 0 93 0 0 0 45 0 0 0 0 81 42 0 0 0 0 0 9 0 0 0 94 0 0 55 
