34 <--# of nodes, 134 edges
2 1
15 1
1 2
3 2
14 2
29 2
2 3
15 3
28 3
29 3
5 4
16 4
18 4
27 4
28 4
4 5
6 5
17 5
19 5
27 5
5 6
18 6
30 6
8 7
21 7
30 7
7 8
9 8
20 8
21 8
8 9
10 9
11 9
21 9
9 10
11 10
12 10
9 11
10 11
12 11
10 12
11 12
13 12
12 13
25 13
26 13
2 14
15 14
1 15
3 15
14 15
16 15
33 15
4 16
15 16
32 16
33 16
5 17
18 17
31 17
32 17
4 18
6 18
17 18
19 18
31 18
5 19
18 19
34 19
8 20
21 20
34 20
7 21
8 21
9 21
20 21
22 21
21 22
23 22
22 23
24 23
25 23
23 24
25 24
26 24
13 25
23 25
24 25
26 25
13 26
24 26
25 26
4 27
5 27
28 27
30 27
32 27
34 27
3 28
4 28
27 28
29 28
31 28
33 28
2 29
3 29
28 29
32 29
6 30
7 30
27 30
31 30
34 30
17 31
18 31
28 31
30 31
32 31
34 31
16 32
17 32
27 32
29 32
31 32
33 32
15 33
16 33
28 33
32 33
19 34
20 34
27 34
30 34
31 34
Loss 0 92 11 10 0 54 0 0 36 0 0 20 17 64 63 82 82 0 61 0 0 90 0 0 0 0 0 57 0 0 0 0 0 0 
