25 <--# of nodes, 86 edges
2 1
13 1
14 1
1 2
3 2
13 2
14 2
15 2
2 3
4 3
15 3
16 3
3 4
5 4
16 4
4 5
6 5
16 5
17 5
5 6
7 6
17 6
19 6
6 7
17 7
19 7
18 8
19 8
20 8
23 8
10 9
24 9
25 9
9 10
22 10
25 10
12 11
21 11
22 11
11 12
21 12
22 12
1 13
2 13
14 13
15 13
1 14
2 14
13 14
2 15
3 15
13 15
3 16
4 16
5 16
5 17
6 17
7 17
8 18
20 18
23 18
24 18
6 19
7 19
8 19
20 19
8 20
18 20
19 20
11 21
12 21
22 21
10 22
11 22
12 22
21 22
8 23
18 23
24 23
9 24
18 24
23 24
25 24
9 25
10 25
24 25
Loss 0 0 0 0 0 0 0 0 0 0 4 0 0 0 0 0 8 63 43 94 37 0 73 28 0 
