30 <--# of nodes, 161 edges
1 4
1 6
1 14
1 15
2 3
2 4
2 7
2 9
2 11
2 12
2 13
2 14
2 15
2 16
2 17
2 21
2 23
2 25
2 26
3 5
3 7
3 14
3 17
3 18
3 19
3 20
3 23
3 24
3 25
3 26
3 29
4 6
4 7
4 8
4 9
4 13
4 16
4 17
4 19
4 23
4 25
4 27
5 7
5 8
5 19
5 20
5 22
5 23
5 24
5 25
5 30
6 7
6 8
6 10
6 15
6 17
6 19
6 20
6 22
6 30
7 8
7 16
7 17
7 18
7 22
7 23
7 24
7 26
7 27
7 28
7 29
7 30
8 9
8 10
8 11
8 15
8 16
8 18
8 20
8 21
8 22
8 24
8 26
8 27
8 29
8 30
9 10
9 16
9 20
9 24
9 26
9 30
10 12
10 13
10 16
10 17
10 20
11 24
12 14
12 16
12 18
12 21
12 22
12 24
12 27
12 29
13 15
13 16
13 23
13 27
13 30
14 15
14 16
14 19
14 23
14 24
14 25
15 16
15 21
16 21
16 23
16 24
16 27
16 28
16 29
17 20
17 21
17 24
17 25
17 26
17 30
18 19
18 23
18 24
18 26
18 28
19 21
19 22
19 24
19 26
19 29
19 30
20 24
20 25
20 26
20 27
20 29
21 23
22 23
23 24
23 27
23 28
23 30
24 27
24 28
24 30
25 27
25 29
25 30
26 30
27 30
Loss 0 0 0 0 0 0 80 16 93 0 0 0 0 0 0 76 0 81 10 0 0 89 0 0 0 0 0 0 0 0 
