36 <--# of nodes, 154 edges
24 1
26 1
29 1
3 2
4 2
27 2
2 3
4 3
28 3
2 4
3 4
5 4
28 4
4 5
6 5
7 5
5 6
7 6
8 6
5 7
6 7
8 7
6 8
7 8
9 8
10 8
25 8
8 9
10 9
11 9
25 9
8 10
9 10
11 10
25 10
9 11
10 11
12 11
13 11
25 11
11 12
13 12
23 12
31 12
11 13
12 13
14 13
23 13
13 14
15 14
16 14
31 14
32 14
14 15
16 15
22 15
32 15
14 16
15 16
17 16
18 16
19 16
22 16
33 16
16 17
18 17
19 17
34 17
35 17
36 17
16 18
17 18
19 18
34 18
16 19
17 19
18 19
21 19
21 20
34 20
36 20
19 21
20 21
34 21
36 21
15 22
16 22
32 22
33 22
35 22
12 23
13 23
25 23
31 23
1 24
26 24
29 24
30 24
8 25
9 25
10 25
11 25
23 25
1 26
24 26
29 26
30 26
2 27
28 27
29 27
30 27
3 28
4 28
27 28
1 29
24 29
26 29
27 29
30 29
24 30
26 30
27 30
29 30
12 31
14 31
23 31
32 31
14 32
15 32
22 32
31 32
33 32
16 33
22 33
32 33
35 33
36 33
17 34
18 34
20 34
21 34
35 34
36 34
17 35
22 35
33 35
34 35
36 35
17 36
20 36
21 36
33 36
34 36
35 36
Loss 0 0 67 0 61 43 0 0 0 0 0 12 0 0 0 63 0 95 1 0 0 0 0 34 0 68 0 0 12 0 0 0 0 0 0 0 
