39 <--# of nodes, 320 edges
1 2
1 3
1 4
5 6
5 7
5 8
9 10
9 11
8 7
8 11
8 12
13 14
13 15
16 6
16 3
16 17
2 17
7 18
19 11
19 12
3 20
3 14
3 4
21 18
18 22
23 20
24 25
24 11
11 10
11 12
11 22
10 12
17 14
17 12
12 26
4 15
19 21
19 18
19 9
1 15
5 22
9 24
9 15
27 18
27 28
27 22
27 26
27 4
29 30
29 26
29 4
30 11
28 23
21 12
18 4
24 4
11 6
11 17
31 26
25 14
25 22
17 12
17 4
12 20
12 26
20 22
1 21
1 32
1 33
1 26
5 16
5 21
5 18
5 26
5 4
9 17
27 20
27 28
27 21
27 24
16 6
16 21
16 33
16 17
2 28
33 15
33 7
33 4
29 23
29 11
7 32
3 14
3 32
28 22
28 6
28 12
18 20
18 6
18 32
23 22
23 25
24 12
11 15
11 31
17 15
17 4
32 22
32 26
4 20
4 26
6 26
30 10
30 12
30 33
30 20
30 7
30 31
30 8
1 24
1 4
5 25
9 28
9 33
13 3
26 20
26 6
27 15
27 6
2 15
33 4
33 14
33 15
33 34
7 34
7 6
7 19
19 10
19 35
3 18
28 14
28 24
28 21
28 17
21 34
18 22
11 34
10 15
10 12
10 35
4 15
4 35
15 35
1 2
1 12
5 20
9 6
9 7
8 10
13 3
13 4
27 20
27 28
27 3
2 10
2 11
33 15
33 21
33 30
33 7
29 6
7 28
30 34
30 4
3 14
28 18
18 22
11 10
34 25
31 15
10 6
17 20
32 15
32 26
20 26
19 2
19 11
19 21
19 9
1 10
1 11
1 12
5 12
9 13
9 12
13 27
13 11
27 2
27 32
27 20
27 17
27 18
27 11
16 6
16 11
2 3
33 15
33 29
33 34
33 31
29 34
7 25
30 15
3 11
3 35
3 4
28 20
28 11
21 20
18 6
18 12
24 22
11 32
34 6
31 35
31 12
25 14
36 20
14 20
15 20
6 22
1 11
1 34
1 26
35 4
35 11
35 34
35 22
35 29
9 14
37 32
16 34
2 25
2 12
2 14
2 38
2 28
2 11
2 34
2 31
29 22
29 5
29 31
7 25
7 11
7 32
30 34
3 23
3 14
3 25
3 11
3 26
21 17
23 25
24 20
24 11
24 26
11 36
11 15
11 31
34 22
34 31
39 12
31 12
31 4
25 12
17 32
20 5
22 26
19 16
1 12
1 3
5 18
5 26
9 24
9 21
9 30
9 3
9 4
27 7
27 32
27 6
27 26
27 24
27 34
27 21
16 25
29 30
7 4
7 34
7 30
30 32
30 12
30 15
30 11
3 6
3 11
3 12
18 24
18 12
11 22
34 26
25 17
25 32
25 20
25 22
25 26
32 26
20 22
22 26
6 26
Loss 0 17 0 0 55 0 0 58 0 0 0 0 0 0 0 22 36 0 0 66 0 0 40 0 57 12 0 0 34 0 0 0 55 70 0 0 45 0 0
