30 <--# of nodes, 185 edges
1 2
1 3
1 5
1 6
1 7
1 11
1 13
1 14
1 15
1 16
1 17
1 19
1 20
1 22
1 23
1 25
1 26
1 28
2 3
2 6
2 8
2 18
2 23
2 25
2 26
2 27
3 7
3 10
3 11
3 12
3 15
3 18
3 25
3 26
3 27
3 28
3 29
3 30
4 5
4 7
4 10
4 11
4 12
4 13
4 14
4 19
4 20
4 23
4 24
5 8
5 9
5 11
5 12
5 15
5 19
5 20
5 21
5 22
5 24
5 25
5 26
5 27
5 28
6 13
6 14
6 16
6 19
6 20
6 22
6 23
7 9
7 13
7 14
7 16
7 17
7 19
7 20
7 22
7 24
7 25
7 26
7 30
8 13
8 16
8 22
8 23
9 11
9 14
9 15
9 16
9 17
9 19
9 20
9 23
9 24
9 25
9 26
9 28
9 29
10 13
10 16
10 18
10 22
10 24
10 25
10 30
11 14
11 17
11 19
11 22
11 25
11 30
12 13
12 14
12 17
12 19
12 20
12 23
12 28
12 29
13 19
13 20
13 22
13 23
13 24
13 25
13 26
13 28
13 29
13 30
14 18
14 19
14 21
14 25
14 27
15 21
15 27
15 28
15 29
16 17
16 20
16 22
16 24
16 25
16 29
17 20
17 22
17 23
17 26
17 27
17 28
17 30
18 19
18 21
19 20
19 21
19 22
19 25
20 22
20 23
20 25
20 26
20 27
20 28
20 29
21 23
21 24
21 26
21 27
22 23
22 24
22 25
22 26
22 27
22 29
22 30
23 26
24 25
25 28
25 30
26 27
26 28
26 29
28 29
29 30
Loss 0 74 0 0 0 0 0 18 0 0 0 0 0 0 81 91 0 0 0 78 79 0 7 48 0 1 0 0 46 0 
