40 <--# of nodes, 140 edges
2 1
22 1
23 1
1 2
3 2
21 2
22 2
23 2
2 3
21 3
24 3
5 4
24 4
25 4
4 5
6 5
25 5
29 5
5 6
29 6
31 6
8 7
30 7
31 7
7 8
28 8
30 8
10 9
27 9
28 9
9 10
27 10
28 10
26 11
27 11
32 11
13 12
33 12
34 12
12 13
14 13
33 13
34 13
13 14
39 14
40 14
37 15
39 15
40 15
17 16
36 16
37 16
16 17
18 17
35 17
36 17
17 18
19 18
35 18
36 18
18 19
20 19
35 19
38 19
19 20
35 20
38 20
2 21
3 21
22 21
24 21
1 22
2 22
21 22
23 22
1 23
2 23
22 23
3 24
4 24
21 24
4 25
5 25
29 25
11 26
27 26
32 26
33 26
9 27
10 27
11 27
26 27
8 28
9 28
10 28
30 28
5 29
6 29
25 29
7 30
8 30
28 30
31 30
6 31
7 31
30 31
11 32
26 32
33 32
34 32
12 33
13 33
26 33
32 33
34 33
12 34
13 34
32 34
33 34
17 35
18 35
19 35
20 35
38 35
16 36
17 36
18 36
37 36
15 37
16 37
36 37
19 38
20 38
35 38
14 39
15 39
40 39
14 40
15 40
39 40
Loss 0 0 0 16 56 0 0 0 0 0 0 0 0 37 0 0 30 0 0 0 0 0 0 0 0 0 25 24 0 97 79 0 0 58 0 0 0 0 0 0 
