32 <--# of nodes, 130 edges
2 1
3 1
4 1
1 2
3 2
4 2
27 2
1 3
2 3
4 3
26 3
27 3
1 4
2 4
3 4
5 4
6 4
25 4
26 4
4 5
6 5
25 5
26 5
28 5
4 6
5 6
7 6
28 6
6 7
8 7
9 7
28 7
7 8
9 8
10 8
7 9
8 9
10 9
11 9
8 10
9 10
11 10
12 10
13 10
9 11
10 11
12 11
13 11
10 12
11 12
13 12
10 13
11 13
12 13
15 14
16 14
31 14
14 15
16 15
31 15
14 16
15 16
17 16
30 16
31 16
16 17
18 17
19 17
29 17
30 17
17 18
19 18
20 18
29 18
17 19
18 19
20 19
32 19
18 20
19 20
21 20
32 20
20 21
22 21
23 21
24 21
21 22
23 22
24 22
21 23
22 23
24 23
21 24
22 24
23 24
4 25
5 25
26 25
27 25
28 25
3 26
4 26
5 26
25 26
27 26
2 27
3 27
25 27
26 27
5 28
6 28
7 28
25 28
17 29
18 29
30 29
31 29
32 29
16 30
17 30
29 30
31 30
14 31
15 31
16 31
29 31
30 31
19 32
20 32
29 32
Loss 0 0 0 0 0 0 60 54 45 0 29 0 0 0 0 0 11 98 69 92 0 0 0 0 0 0 0 0 0 0 0 0 
