44 <--# of nodes, 180 edges
2 1
11 1
1 2
3 2
10 2
12 2
16 2
2 3
7 3
12 3
15 3
20 3
8 4
13 4
14 4
17 4
6 5
5 6
7 6
3 7
6 7
11 7
25 7
4 8
9 8
14 8
34 8
8 9
13 9
2 10
11 10
1 11
7 11
10 11
12 11
36 11
2 12
3 12
11 12
35 12
40 12
4 13
9 13
14 13
37 13
4 14
8 14
13 14
3 15
16 15
36 15
2 16
15 16
35 16
4 17
24 17
28 17
34 17
44 17
22 18
23 18
27 18
31 18
32 18
33 18
21 19
22 19
26 19
29 19
30 19
41 19
42 19
3 20
21 20
25 20
19 21
20 21
25 21
40 21
18 22
19 22
26 22
30 22
39 22
18 23
24 23
28 23
17 24
23 24
28 24
34 24
37 24
43 24
44 24
7 25
20 25
21 25
29 25
40 25
19 26
22 26
29 26
30 26
39 26
18 27
28 27
32 27
33 27
17 28
23 28
24 28
27 28
34 28
43 28
44 28
19 29
25 29
26 29
19 30
22 30
26 30
31 30
42 30
18 31
30 31
32 31
38 31
18 32
27 32
31 32
33 32
38 32
18 33
27 33
32 33
38 33
8 34
17 34
24 34
28 34
37 34
12 35
16 35
36 35
11 36
15 36
35 36
13 37
24 37
34 37
44 37
31 38
32 38
33 38
42 38
43 38
22 39
26 39
41 39
42 39
12 40
21 40
25 40
41 40
19 41
39 41
40 41
19 42
30 42
38 42
39 42
24 43
28 43
38 43
44 43
17 44
24 44
28 44
37 44
43 44
Loss 0 5 73 0 0 3 75 0 0 0 0 0 0 0 0 0 72 0 64 0 93 0 0 0 0 63 0 82 0 0 82 0 24 0 64 0 0 0 0 0 0 0 0 0 
