42 <--# of nodes, 152 edges
3 4
3 5
6 7
6 1
6 8
9 10
9 11
9 12
9 13
8 14
8 15
8 16
8 17
8 18
8 7
8 1
8 19
8 20
13 11
13 12
21 22
21 19
23 24
23 4
2 25
2 19
19 22
19 21
19 14
19 16
19 26
19 22
19 27
19 28
19 22
19 29
19 30
19 31
19 15
19 32
19 33
19 17
19 7
19 25
19 5
21 14
21 34
21 32
21 22
21 33
21 22
21 29
21 22
21 35
21 10
21 15
21 27
21 36
35 15
35 33
35 36
37 18
38 39
14 15
14 32
14 22
14 33
14 22
14 7
14 27
16 7
16 17
26 11
26 5
11 12
22 34
22 33
22 34
22 32
22 33
22 29
22 10
22 27
10 22
10 33
1 7
1 15
1 36
27 32
27 22
27 33
27 30
27 25
27 31
27 28
28 31
28 30
28 25
22 32
22 33
22 29
29 34
30 31
30 25
24 4
31 25
15 33
15 36
32 33
33 36
17 20
17 7
7 20
Loss 0 0 0 0 0 84 0 0 0 0 0 0 0 0 0 12 0 0 0 0 60 0 0 0 71 0 0 47 0 53 10 0 0 0 66 0 0 48 0 0 0 52 
