27 <--# of nodes, 102 edges
2 1
3 1
16 1
17 1
1 2
3 2
4 2
16 2
1 3
2 3
4 3
15 3
2 4
3 4
6 4
15 4
18 4
6 5
7 5
18 5
4 6
5 6
7 6
18 6
19 6
5 7
6 7
8 7
19 7
7 8
9 8
19 8
8 9
19 9
20 9
20 10
22 10
24 10
21 11
23 11
26 11
14 12
21 12
25 12
27 12
14 13
25 13
27 13
12 14
13 14
25 14
3 15
4 15
16 15
17 15
18 15
1 16
2 16
15 16
17 16
1 17
15 17
16 17
4 18
5 18
6 18
15 18
6 19
7 19
8 19
9 19
9 20
10 20
22 20
11 21
12 21
23 21
26 21
27 21
10 22
20 22
24 22
11 23
21 23
24 23
26 23
10 24
22 24
23 24
26 24
12 25
13 25
14 25
27 25
11 26
21 26
23 26
24 26
12 27
13 27
21 27
25 27
Loss 0 43 0 0 0 0 0 0 0 0 28 0 0 0 0 88 0 0 0 65 0 0 0 35 0 60 0 
