33 <--# of nodes, 136 edges
23 1
25 1
28 1
3 2
4 2
26 2
2 3
4 3
5 3
27 3
2 4
3 4
5 4
27 4
3 5
4 5
6 5
7 5
5 6
7 6
8 6
5 7
6 7
8 7
6 8
7 8
9 8
8 9
10 9
11 9
24 9
9 10
11 10
12 10
24 10
9 11
10 11
12 11
22 11
24 11
10 12
11 12
13 12
22 12
30 12
12 13
14 13
15 13
30 13
31 13
13 14
15 14
21 14
31 14
13 15
14 15
16 15
21 15
32 15
15 16
17 16
18 16
32 16
33 16
16 17
18 17
19 17
20 17
33 17
16 18
17 18
19 18
20 18
17 19
18 19
20 19
17 20
18 20
19 20
33 20
14 21
15 21
31 21
32 21
33 21
11 22
12 22
24 22
30 22
1 23
25 23
28 23
9 24
10 24
11 24
22 24
1 25
23 25
28 25
29 25
2 26
27 26
28 26
29 26
3 27
4 27
26 27
29 27
1 28
23 28
25 28
26 28
29 28
25 29
26 29
27 29
28 29
12 30
13 30
22 30
31 30
13 31
14 31
21 31
30 31
32 31
15 32
16 32
21 32
31 32
33 32
16 33
17 33
20 33
21 33
32 33
Loss 0 0 0 44 0 39 8 0 0 51 0 0 0 0 0 0 0 0 28 9 87 0 0 0 0 0 0 0 0 0 0 70 0 
