28 <--# of nodes, 205 edges
1 5
1 7
1 8
1 11
1 12
1 13
1 15
1 16
1 17
1 18
1 19
1 23
1 27
1 28
2 3
2 4
2 5
2 6
2 7
2 8
2 9
2 11
2 13
2 14
2 15
2 16
2 17
2 19
2 22
2 23
2 25
2 26
2 28
3 4
3 5
3 6
3 8
3 11
3 14
3 17
3 23
3 25
3 28
4 5
4 6
4 8
4 14
4 15
4 16
4 17
4 19
4 21
4 22
4 23
4 28
5 6
5 8
5 12
5 14
5 16
5 17
5 18
5 19
5 22
5 23
5 25
5 26
5 28
6 11
6 12
6 13
6 18
6 23
6 25
7 12
7 14
7 15
7 16
7 18
7 28
8 11
8 12
8 13
8 14
8 15
8 16
8 17
8 18
8 19
8 21
8 22
8 23
8 25
8 27
8 28
10 11
10 12
10 13
10 14
10 15
10 16
10 17
10 18
10 19
10 20
10 21
10 22
10 24
11 12
11 14
11 16
11 17
11 21
11 22
11 23
11 24
11 25
11 27
11 28
12 13
12 14
12 15
12 16
12 17
12 18
12 20
12 21
12 23
12 24
12 25
12 26
12 27
12 28
13 14
13 16
13 17
13 21
13 23
13 24
13 25
13 26
13 27
14 15
14 16
14 17
14 19
14 20
14 21
14 22
14 23
14 25
14 26
14 28
15 17
15 18
15 19
15 20
15 22
15 27
15 28
16 17
16 18
16 19
16 21
16 23
16 25
16 26
16 27
17 18
17 19
17 21
17 22
17 23
17 24
17 25
17 27
17 28
18 19
18 22
18 23
18 24
18 25
19 21
19 22
19 23
19 24
20 25
21 22
21 23
21 24
21 25
21 27
22 23
22 24
22 25
22 27
22 28
23 24
23 28
24 25
24 26
24 27
24 28
25 27
25 28
Loss 0 0 0 0 0 63 9 0 52 0 0 0 0 0 88 29 0 0 0 0 0 0 0 64 0 0 0 0 
