38 <--# of nodes, 150 edges
9 1
16 1
28 1
3 2
10 2
11 2
22 2
23 2
2 3
4 3
11 3
22 3
3 4
5 4
10 4
12 4
4 5
11 5
12 5
24 5
34 5
7 6
8 6
14 6
25 6
6 7
8 7
13 7
14 7
6 8
7 8
13 8
14 8
1 9
16 9
28 9
30 9
2 10
4 10
35 10
36 10
2 11
3 11
5 11
12 11
34 11
4 12
5 12
11 12
37 12
7 13
8 13
14 13
38 13
6 14
7 14
8 14
13 14
16 15
26 15
28 15
1 16
9 16
15 16
18 16
26 16
27 16
18 17
19 17
30 17
31 17
16 18
17 18
29 18
17 19
23 19
29 19
36 19
21 20
24 20
33 20
37 20
20 21
25 21
32 21
33 21
38 21
2 22
3 22
23 22
34 22
2 23
19 23
22 23
31 23
35 23
5 24
20 24
32 24
6 25
21 25
33 25
38 25
15 26
16 26
27 26
16 27
26 27
28 27
1 28
9 28
15 28
27 28
18 29
19 29
30 29
31 29
9 30
17 30
29 30
17 31
23 31
29 31
36 31
21 32
24 32
33 32
37 32
20 33
21 33
25 33
32 33
38 33
5 34
11 34
22 34
35 34
10 35
23 35
34 35
10 36
19 36
31 36
12 37
20 37
32 37
13 38
21 38
25 38
33 38
Loss 0 43 0 0 93 0 0 0 39 0 0 0 48 0 0 0 89 0 0 0 26 0 88 0 0 0 0 0 0 0 0 0 0 0 0 0 78 0 
