38 <--# of nodes, 176 edges
2 1
3 1
4 1
1 2
3 2
4 2
18 2
19 2
1 3
2 3
4 3
21 3
22 3
1 4
2 4
3 4
6 4
22 4
26 4
22 5
24 5
26 5
4 6
7 6
8 6
9 6
25 6
27 6
6 7
8 7
9 7
27 7
6 8
7 8
9 8
28 8
6 9
7 9
8 9
10 9
11 9
28 9
29 9
9 10
11 10
12 10
32 10
9 11
10 11
12 11
33 11
10 12
11 12
13 12
34 12
36 12
12 13
14 13
15 13
36 13
37 13
13 14
15 14
16 14
17 14
37 14
38 14
13 15
14 15
16 15
17 15
38 15
14 16
15 16
17 16
35 16
14 17
15 17
16 17
35 17
2 18
19 18
20 18
21 18
22 18
2 19
18 19
20 19
21 19
18 20
19 20
21 20
3 21
18 21
19 21
20 21
22 21
3 22
4 22
5 22
18 22
21 22
26 22
24 23
25 23
27 23
5 24
23 24
25 24
26 24
6 25
23 25
24 25
27 25
4 26
5 26
22 26
24 26
6 27
7 27
23 27
25 27
28 27
8 28
9 28
27 28
29 28
30 28
9 29
28 29
30 29
31 29
32 29
28 30
29 30
31 30
32 30
29 31
30 31
32 31
10 32
29 32
30 32
31 32
33 32
11 33
32 33
34 33
36 33
12 34
33 34
36 34
37 34
16 35
17 35
36 35
37 35
38 35
12 36
13 36
33 36
34 36
35 36
37 36
38 36
13 37
14 37
34 37
35 37
36 37
38 37
14 38
15 38
35 38
36 38
37 38
Loss 0 0 0 0 0 0 63 0 0 0 94 28 0 88 0 0 75 0 98 0 49 74 0 0 0 13 0 0 48 0 0 0 0 0 0 0 0 69 
