33 <--# of nodes, 138 edges
2 1
3 1
4 1
1 2
3 2
4 2
19 2
20 2
1 3
2 3
4 3
5 3
17 3
20 3
1 4
2 4
3 4
5 4
6 4
17 4
3 5
4 5
6 5
7 5
4 6
5 6
7 6
8 6
5 7
6 7
8 7
21 7
6 8
7 8
9 8
21 8
23 8
8 9
22 9
23 9
24 9
11 10
12 10
30 10
10 11
12 11
13 11
27 11
10 12
11 12
13 12
14 12
28 12
11 13
12 13
14 13
12 14
13 14
15 14
31 14
33 14
14 15
16 15
32 15
15 16
32 16
33 16
3 17
4 17
18 17
19 17
20 17
21 17
17 18
19 18
20 18
2 19
17 19
18 19
20 19
2 20
3 20
17 20
18 20
19 20
7 21
8 21
17 21
23 21
24 21
9 22
24 22
25 22
26 22
8 23
9 23
21 23
24 23
9 24
21 24
22 24
23 24
22 25
26 25
29 25
30 25
22 26
25 26
29 26
11 27
28 27
29 27
30 27
12 28
27 28
30 28
31 28
25 29
26 29
27 29
30 29
10 30
25 30
27 30
28 30
29 30
14 31
28 31
32 31
33 31
15 32
16 32
31 32
33 32
14 33
16 33
31 33
32 33
Loss 0 0 0 0 0 86 0 87 0 0 0 66 0 77 43 0 0 26 0 67 74 88 72 0 0 0 43 0 36 0 2 0 0 
