38 <--# of nodes, 132 edges
24 1
26 1
29 1
3 2
27 2
31 2
2 3
4 3
28 3
31 3
32 3
3 4
5 4
28 4
32 4
4 5
6 5
7 5
32 5
5 6
7 6
8 6
5 7
6 7
8 7
9 7
6 8
7 8
9 8
7 9
8 9
10 9
9 10
11 10
25 10
10 11
12 11
25 11
11 12
13 12
23 12
25 12
12 13
23 13
33 13
23 14
33 14
34 14
16 15
22 15
34 15
15 16
22 16
35 16
37 16
36 17
37 17
38 17
19 18
20 18
21 18
36 18
38 18
18 19
20 19
21 19
36 19
18 20
19 20
21 20
18 21
19 21
20 21
15 22
16 22
34 22
35 22
12 23
13 23
14 23
33 23
1 24
26 24
29 24
10 25
11 25
12 25
1 26
24 26
29 26
30 26
2 27
29 27
30 27
31 27
3 28
4 28
32 28
1 29
24 29
26 29
27 29
30 29
26 30
27 30
29 30
2 31
3 31
27 31
3 32
4 32
5 32
28 32
13 33
14 33
23 33
14 34
15 34
22 34
16 35
22 35
37 35
17 36
18 36
19 36
38 36
16 37
17 37
35 37
17 38
18 38
36 38
Loss 0 33 0 28 10 0 0 18 27 9 0 0 0 0 51 0 1 79 0 0 60 0 0 58 0 0 0 0 31 0 0 0 35 0 0 0 0 43 
