32 <--# of nodes, 128 edges
2 1
6 1
1 2
6 2
13 2
21 2
25 2
4 3
7 3
9 3
14 3
3 4
8 4
9 4
6 5
16 5
17 5
23 5
27 5
1 6
2 6
5 6
25 6
29 6
3 7
8 7
9 7
26 7
28 7
4 8
7 8
9 8
28 8
3 9
4 9
7 9
8 9
11 10
23 10
10 11
16 11
17 11
22 11
18 12
20 12
30 12
32 12
2 13
19 13
31 13
3 14
20 14
28 14
30 14
17 15
21 15
27 15
29 15
5 16
11 16
17 16
23 16
5 17
11 17
15 17
16 17
23 17
12 18
19 18
24 18
32 18
13 19
18 19
25 19
31 19
12 20
14 20
24 20
26 20
30 20
2 21
15 21
27 21
29 21
11 22
23 22
5 23
10 23
16 23
17 23
22 23
18 24
20 24
30 24
32 24
2 25
6 25
19 25
31 25
7 26
20 26
28 26
30 26
5 27
15 27
21 27
29 27
7 28
8 28
14 28
26 28
6 29
15 29
21 29
27 29
12 30
14 30
20 30
24 30
26 30
13 31
19 31
25 31
32 31
12 32
18 32
24 32
31 32
Loss 0 24 0 0 0 2 0 66 0 0 0 67 0 0 0 45 0 14 0 0 0 0 63 91 0 0 58 0 23 0 22 0 
