24 <--# of nodes, 92 edges
2 1
3 1
22 1
1 2
3 2
22 2
1 3
2 3
4 3
5 3
21 3
22 3
3 4
5 4
21 4
3 5
4 5
6 5
20 5
5 6
7 6
8 6
20 6
6 7
8 7
20 7
6 8
7 8
9 8
10 8
20 8
8 9
10 9
11 9
12 9
8 10
9 10
11 10
12 10
9 11
10 11
12 11
9 12
10 12
11 12
13 12
23 12
24 12
12 13
23 13
24 13
15 14
16 14
17 14
24 14
14 15
16 15
17 15
14 16
15 16
17 16
18 16
19 16
14 17
15 17
16 17
18 17
19 17
16 18
17 18
19 18
16 19
17 19
18 19
5 20
6 20
7 20
8 20
3 21
4 21
22 21
1 22
2 22
3 22
21 22
12 23
13 23
24 23
12 24
13 24
14 24
23 24
Loss 0 0 0 0 10 0 0 0 1 19 0 86 0 6 0 0 0 0 0 17 0 0 0 0 
