28 <--# of nodes, 110 edges
2 1
3 1
14 1
15 1
1 2
3 2
4 2
20 2
1 3
2 3
4 3
2 4
3 4
13 4
16 5
23 5
25 5
7 6
27 6
28 6
6 7
18 7
27 7
28 7
9 8
17 8
21 8
8 9
17 9
21 9
11 10
12 10
14 10
10 11
12 11
14 11
15 11
10 12
11 12
14 12
15 12
4 13
16 13
19 13
20 13
23 13
1 14
10 14
11 14
12 14
15 14
20 14
1 15
11 15
12 15
14 15
20 15
5 16
13 16
19 16
23 16
8 17
9 17
18 17
21 17
22 17
7 18
17 18
21 18
22 18
13 19
16 19
23 19
2 20
13 20
14 20
15 20
8 21
9 21
17 21
18 21
22 21
17 22
18 22
21 22
5 23
13 23
16 23
19 23
25 23
25 24
26 24
27 24
28 24
5 25
23 25
24 25
26 25
24 26
25 26
27 26
6 27
7 27
24 27
26 27
28 27
6 28
7 28
24 28
27 28
Loss 0 87 0 0 0 5 0 75 0 0 32 0 98 0 0 0 44 0 36 15 50 0 7 0 41 0 18 0 
