23 <--# of nodes, 78 edges
2 1
18 1
21 1
1 2
18 2
21 2
4 3
21 3
22 3
3 4
5 4
22 4
4 5
22 5
23 5
7 6
8 6
23 6
6 7
8 7
9 7
23 7
6 8
7 8
9 8
10 8
23 8
7 9
8 9
10 9
11 9
8 10
9 10
11 10
9 11
10 11
12 11
20 11
11 12
19 12
20 12
14 13
15 13
19 13
13 14
15 14
16 14
17 14
13 15
14 15
16 15
17 15
14 16
15 16
17 16
14 17
15 17
16 17
1 18
2 18
21 18
12 19
13 19
20 19
11 20
12 20
19 20
1 21
2 21
3 21
18 21
3 22
4 22
5 22
5 23
6 23
7 23
8 23
Loss 0 0 0 0 0 0 0 0 0 0 0 78 0 0 4 0 34 51 0 0 0 57 0 
