39 <--# of nodes, 140 edges
13 1
14 1
29 1
30 1
15 2
16 2
34 2
35 2
4 3
16 3
36 3
3 4
16 4
20 4
36 4
20 5
22 5
36 5
21 6
23 6
37 6
21 7
25 7
26 7
38 7
24 8
27 8
39 8
10 9
28 9
39 9
9 10
28 10
39 10
12 11
17 11
34 11
35 11
11 12
18 12
19 12
33 12
1 13
19 13
30 13
31 13
32 13
1 14
29 14
30 14
2 15
34 15
35 15
2 16
3 16
4 16
11 17
34 17
35 17
12 18
19 18
33 18
12 19
13 19
18 19
31 19
32 19
33 19
4 20
5 20
36 20
6 21
7 21
26 21
5 22
23 22
37 22
6 23
22 23
37 23
8 24
25 24
27 24
7 25
24 25
26 25
38 25
7 26
21 26
25 26
38 26
8 27
24 27
28 27
39 27
9 28
10 28
27 28
39 28
1 29
14 29
30 29
1 30
13 30
14 30
29 30
13 31
19 31
32 31
13 32
19 32
31 32
12 33
18 33
19 33
2 34
11 34
15 34
17 34
35 34
2 35
11 35
15 35
17 35
34 35
3 36
4 36
5 36
20 36
6 37
22 37
23 37
7 38
25 38
26 38
8 39
9 39
10 39
27 39
28 39
Loss 0 45 0 0 0 0 0 0 0 0 0 0 0 0 0 0 0 8 0 0 68 54 0 52 44 0 0 85 0 0 7 0 0 0 46 0 0 0 0 
