40 <--# of nodes, 146 edges
23 1
25 1
30 1
3 2
4 2
22 2
31 2
2 3
4 3
5 3
32 3
2 4
3 4
5 4
3 5
4 5
21 5
7 6
21 6
33 6
6 7
8 7
9 7
33 7
7 8
9 8
10 8
7 9
8 9
10 9
8 10
9 10
20 10
12 11
20 11
24 11
11 12
13 12
20 12
24 12
12 13
14 13
26 13
13 14
26 14
34 14
26 15
34 15
35 15
27 16
35 16
36 16
27 17
37 17
39 17
37 18
38 18
39 18
40 18
28 19
29 19
38 19
40 19
10 20
11 20
12 20
24 20
5 21
6 21
32 21
33 21
2 22
30 22
31 22
32 22
1 23
25 23
30 23
31 23
11 24
12 24
20 24
1 25
23 25
30 25
13 26
14 26
15 26
34 26
16 27
17 27
35 27
36 27
37 27
39 27
19 28
29 28
40 28
19 29
28 29
40 29
1 30
22 30
23 30
25 30
31 30
2 31
22 31
23 31
30 31
32 31
3 32
21 32
22 32
31 32
6 33
7 33
21 33
14 34
15 34
26 34
15 35
16 35
27 35
36 35
16 36
27 36
35 36
17 37
18 37
27 37
38 37
39 37
18 38
19 38
37 38
40 38
17 39
18 39
27 39
37 39
18 40
19 40
28 40
29 40
38 40
Loss 0 0 0 0 0 0 0 41 0 0 0 56 0 90 0 0 72 0 0 89 0 0 0 0 21 0 0 0 0 0 0 0 75 0 0 0 9 0 0 23 
