20 <--# of nodes, 80 edges
14 1
16 1
17 1
3 2
18 2
19 2
20 2
2 3
4 3
5 3
18 3
3 4
5 4
18 4
3 5
4 5
6 5
15 5
5 6
7 6
13 6
15 6
6 7
8 7
12 7
13 7
7 8
9 8
10 8
11 8
12 8
8 9
10 9
11 9
8 10
9 10
11 10
8 11
9 11
10 11
12 11
7 12
8 12
11 12
13 12
6 13
7 13
12 13
15 13
1 14
16 14
17 14
5 15
6 15
13 15
18 15
1 16
14 16
17 16
19 16
20 16
1 17
14 17
16 17
19 17
20 17
2 18
3 18
4 18
15 18
20 18
2 19
16 19
17 19
20 19
2 20
16 20
17 20
18 20
19 20
Loss 0 0 12 94 0 87 0 0 0 0 56 0 67 0 31 0 0 0 0 0 
