35 <--# of nodes, 148 edges
2 1
25 1
27 1
1 2
3 2
4 2
28 2
31 2
2 3
4 3
5 3
28 3
2 4
3 4
5 4
6 4
29 4
3 5
4 5
6 5
7 5
29 5
4 6
5 6
7 6
5 7
6 7
8 7
9 7
7 8
9 8
10 8
7 9
8 9
10 9
8 10
9 10
11 10
10 11
12 11
13 11
26 11
11 12
13 12
14 12
26 12
11 13
12 13
14 13
24 13
26 13
12 14
13 14
15 14
24 14
32 14
14 15
16 15
17 15
32 15
33 15
15 16
17 16
23 16
33 16
15 17
16 17
18 17
23 17
34 17
17 18
19 18
20 18
34 18
35 18
18 19
20 19
21 19
22 19
35 19
18 20
19 20
21 20
22 20
19 21
20 21
22 21
19 22
20 22
21 22
35 22
16 23
17 23
33 23
34 23
35 23
13 24
14 24
26 24
32 24
1 25
27 25
30 25
11 26
12 26
13 26
24 26
1 27
25 27
30 27
31 27
2 28
3 28
29 28
30 28
31 28
4 29
5 29
28 29
31 29
25 30
27 30
28 30
31 30
2 31
27 31
28 31
29 31
30 31
14 32
15 32
24 32
33 32
15 33
16 33
23 33
32 33
34 33
17 34
18 34
23 34
33 34
35 34
18 35
19 35
22 35
23 35
34 35
Loss 0 0 82 0 0 0 0 0 0 0 0 0 22 0 14 0 62 19 0 0 0 0 0 0 0 0 0 0 0 0 0 0 58 81 0 
