25 <--# of nodes, 181 edges
22 8
22 18
22 7
22 16
22 20
22 21
22 17
22 23
22 24
22 15
22 6
22 12
22 19
22 25
19 2
19 8
19 18
19 7
19 16
19 20
19 21
19 25
19 23
19 14
19 10
19 12
19 15
19 24
24 8
24 13
24 7
24 16
24 20
24 21
24 25
24 23
24 9
24 14
24 10
24 3
24 12
23 1
23 8
23 13
23 16
23 2
23 25
23 20
23 9
23 14
23 10
23 15
23 4
23 6
23 12
23 18
23 7
25 8
25 13
25 21
25 17
25 14
25 10
25 16
25 4
25 6
25 7
5 1
5 2
5 8
5 13
5 18
5 7
5 16
5 20
5 17
5 10
5 11
5 4
5 6
5 12
9 1
9 13
9 21
9 3
9 4
9 15
9 7
14 1
14 2
14 21
14 11
14 4
14 6
14 12
14 15
10 1
10 2
10 8
10 13
10 21
10 17
10 20
10 3
10 4
10 12
10 7
11 1
11 2
11 8
11 18
11 16
11 20
11 3
11 4
11 6
11 12
3 8
3 18
3 6
3 12
3 15
4 1
4 2
4 8
4 18
4 15
6 1
6 18
6 16
6 17
6 20
6 15
12 1
12 8
12 13
12 2
12 21
12 17
12 18
12 16
15 1
15 8
15 13
15 16
15 20
15 18
1 2
1 13
1 18
1 16
1 21
1 17
2 8
2 13
2 7
2 20
2 17
2 18
8 17
8 20
8 18
8 16
8 7
13 21
13 17
13 7
18 7
18 21
18 17
18 20
18 16
7 21
7 17
7 20
7 16
16 21
16 20
20 21
20 17
21 17
Loss 0 0 0 0 0 0 0 0 42 95 47 64 0 0 0 0 0 0 82 0 0 0 82 0 0 
