26 <--# of nodes, 98 edges
2 1
14 1
15 1
1 2
3 2
13 2
14 2
15 2
2 3
4 3
5 3
13 3
16 3
3 4
5 4
16 4
3 5
4 5
6 5
16 5
17 5
5 6
7 6
17 6
6 7
17 7
18 7
20 7
9 8
20 8
22 8
8 9
19 9
21 9
22 9
25 9
19 10
23 10
24 10
12 11
23 11
26 11
11 12
23 12
26 12
2 13
3 13
16 13
1 14
2 14
15 14
1 15
2 15
14 15
3 16
4 16
5 16
13 16
5 17
6 17
7 17
7 18
20 18
22 18
9 19
10 19
21 19
24 19
7 20
8 20
18 20
22 20
9 21
19 21
22 21
25 21
8 22
9 22
18 22
20 22
21 22
25 22
10 23
11 23
12 23
24 23
26 23
10 24
19 24
23 24
26 24
9 25
21 25
22 25
11 26
12 26
23 26
24 26
Loss 0 0 63 0 0 0 0 89 56 87 0 0 34 20 0 0 0 27 17 0 0 0 0 0 0 0 
