24 <--# of nodes, 80 edges
2 1
14 1
1 2
3 2
13 2
2 3
4 3
16 3
3 4
5 4
15 4
17 4
4 5
6 5
7 5
16 5
18 5
5 6
7 6
17 6
5 7
6 7
8 7
7 8
9 8
10 8
8 9
10 9
11 9
12 9
8 10
9 10
11 10
12 10
9 11
10 11
12 11
9 12
10 12
11 12
2 13
14 13
1 14
13 14
15 14
4 15
14 15
16 15
3 16
5 16
15 16
17 16
4 17
6 17
16 17
18 17
19 17
5 18
17 18
19 18
17 19
18 19
20 19
19 20
21 20
22 20
20 21
22 21
23 21
24 21
20 22
21 22
23 22
24 22
21 23
22 23
24 23
21 24
22 24
23 24
Loss 0 0 0 1 0 0 0 0 85 49 0 4 0 0 0 17 0 13 53 0 0 76 0 0 
