29 <--# of nodes, 98 edges
2 1
14 1
15 1
1 2
14 2
15 2
14 3
18 3
19 3
5 4
16 4
20 4
4 5
16 5
17 5
7 6
17 6
21 6
6 7
8 7
17 7
21 7
7 8
21 8
23 8
10 9
22 9
24 9
9 10
22 10
27 10
28 10
26 11
28 11
29 11
13 12
25 12
26 12
12 13
25 13
26 13
1 14
2 14
3 14
15 14
18 14
19 14
1 15
2 15
14 15
4 16
5 16
20 16
5 17
6 17
7 17
3 18
14 18
19 18
3 19
14 19
18 19
20 19
4 20
16 20
19 20
6 21
7 21
8 21
23 21
9 22
10 22
24 22
27 22
8 23
21 23
24 23
9 24
22 24
23 24
12 25
13 25
26 25
11 26
12 26
13 26
25 26
29 26
10 27
22 27
28 27
10 28
11 28
27 28
29 28
11 29
26 29
28 29
Loss 0 87 81 0 36 87 44 0 0 40 51 46 0 0 0 0 0 0 0 0 0 0 69 0 11 0 0 35 0 
