28 <--# of nodes, 131 edges
1 5
1 9
1 10
1 11
1 15
1 17
1 18
1 19
1 25
1 26
1 28
2 3
2 9
2 10
2 12
2 13
2 15
2 17
2 18
2 19
2 24
2 26
2 27
2 28
3 4
3 12
3 13
3 15
3 16
3 17
3 20
3 27
3 28
4 25
5 7
5 8
5 11
5 18
5 21
5 27
5 28
6 14
7 10
7 14
7 15
7 16
7 19
7 20
7 21
7 22
7 26
7 27
8 12
8 15
8 18
8 20
8 24
8 25
8 27
8 28
9 12
9 15
9 17
9 19
9 20
9 22
9 25
10 11
10 13
10 16
10 17
10 18
10 19
10 20
10 26
10 27
10 28
11 14
11 16
11 17
11 18
11 19
11 20
12 13
12 15
12 17
12 19
12 22
12 24
12 25
13 15
13 17
13 18
13 19
13 21
13 22
13 23
13 25
13 26
13 27
14 16
14 18
14 19
14 22
14 24
14 25
14 26
14 27
15 16
15 19
15 24
16 28
17 18
17 19
17 27
18 26
18 27
19 21
19 22
20 24
20 25
20 28
22 23
22 24
22 25
23 25
23 27
24 25
25 27
25 28
26 27
Loss 0 0 0 0 0 0 93 0 0 8 0 0 72 0 0 0 0 0 0 0 20 10 24 0 27 0 0 71 
