22 <--# of nodes, 72 edges
2 1
16 1
17 1
1 2
16 2
17 2
18 2
4 3
18 3
19 3
3 4
5 4
19 4
4 5
6 5
19 5
20 5
5 6
7 6
20 6
6 7
8 7
20 7
7 8
9 8
21 8
8 9
10 9
21 9
9 10
11 10
21 10
10 11
12 11
22 11
11 12
13 12
14 12
15 12
22 12
12 13
14 13
15 13
12 14
13 14
15 14
12 15
13 15
14 15
22 15
1 16
2 16
17 16
1 17
2 17
16 17
18 17
2 18
3 18
17 18
3 19
4 19
5 19
5 20
6 20
7 20
8 21
9 21
10 21
11 22
12 22
15 22
Loss 0 0 0 0 62 40 0 0 0 0 0 78 0 0 0 0 0 86 90 0 87 0 
