33 <--# of nodes, 110 edges
2 1
17 1
18 1
1 2
17 2
18 2
18 3
21 3
22 3
5 4
16 4
20 4
24 4
4 5
15 5
16 5
7 6
15 6
25 6
6 7
8 7
15 7
25 7
7 8
25 8
27 8
10 9
26 9
28 9
9 10
26 10
31 10
32 10
12 11
32 11
33 11
11 12
30 12
33 12
14 13
29 13
30 13
13 14
29 14
30 14
5 15
6 15
7 15
4 16
5 16
20 16
1 17
2 17
18 17
1 18
2 18
3 18
17 18
21 18
21 19
22 19
23 19
4 20
16 20
24 20
3 21
18 21
19 21
22 21
3 22
19 22
21 22
23 22
19 23
22 23
24 23
4 24
20 24
23 24
6 25
7 25
8 25
27 25
9 26
10 26
28 26
31 26
8 27
25 27
28 27
9 28
26 28
27 28
13 29
14 29
30 29
12 30
13 30
14 30
29 30
10 31
26 31
32 31
10 32
11 32
31 32
33 32
11 33
12 33
32 33
Loss 0 0 0 95 0 2 0 25 0 0 0 0 0 25 0 0 92 0 0 0 63 0 0 0 0 0 0 0 0 0 0 89 0 
