33 <--# of nodes, 123 edges
1 2
1 3
4 5
4 6
4 7
4 7
4 8
4 9
4 10
4 9
4 11
4 12
7 13
7 14
7 15
7 16
17 18
19 20
21 22
21 22
21 16
13 22
13 23
13 22
13 24
13 25
10 22
10 26
10 22
10 27
10 14
10 8
10 9
10 28
10 29
10 9
10 15
10 12
9 5
9 26
9 14
9 9
9 6
9 11
9 12
16 22
16 14
16 22
16 15
3 26
3 22
3 22
3 30
3 31
3 2
3 32
5 33
5 18
5 9
5 11
5 12
26 22
26 22
26 8
26 14
26 27
26 22
26 9
26 30
26 15
26 12
26 32
22 26
22 27
22 14
22 23
22 8
22 24
22 30
22 25
22 32
22 15
22 12
8 26
8 22
8 14
8 27
8 15
8 12
22 32
22 30
9 14
9 6
9 11
9 12
1 2
30 32
11 12
26 14
26 12
33 18
23 24
23 22
23 25
24 22
24 25
25 22
15 28
15 27
15 14
15 22
15 29
15 12
12 22
12 27
12 14
28 14
28 27
28 29
22 27
22 14
14 27
14 29
27 29
Loss 0 0 65 0 54 51 0 0 0 0 0 77 0 48 19 0 0 0 0 0 0 0 80 0 0 0 0 0 0 10 0 0 0 
