26 <--# of nodes, 118 edges
2 1
3 1
4 1
1 2
3 2
4 2
19 2
22 2
1 3
2 3
4 3
5 3
6 3
19 3
22 3
1 4
2 4
3 4
5 4
6 4
23 4
3 5
4 5
6 5
23 5
3 6
4 6
5 6
7 6
24 6
6 7
8 7
9 7
24 7
7 8
9 8
10 8
7 9
8 9
10 9
11 9
12 9
8 10
9 10
11 10
12 10
21 10
9 11
10 11
12 11
21 11
9 12
10 12
11 12
20 12
14 13
15 13
20 13
21 13
25 13
13 14
15 14
16 14
25 14
13 15
14 15
16 15
17 15
25 15
26 15
14 16
15 16
17 16
18 16
26 16
15 17
16 17
18 17
26 17
16 18
17 18
26 18
2 19
3 19
22 19
23 19
12 20
13 20
21 20
25 20
10 21
11 21
13 21
20 21
24 21
2 22
3 22
19 22
23 22
4 23
5 23
19 23
22 23
24 23
6 24
7 24
21 24
23 24
13 25
14 25
15 25
20 25
26 25
15 26
16 26
17 26
18 26
25 26
Loss 0 0 0 84 0 0 0 83 0 0 0 85 40 0 0 59 0 0 0 0 0 24 74 0 73 55 
