30 <--# of nodes, 108 edges
15 1
16 1
26 1
3 2
4 2
14 2
27 2
2 3
4 3
13 3
14 3
27 3
2 4
3 4
13 4
19 4
19 5
23 5
24 5
7 6
17 6
18 6
6 7
17 7
20 7
9 8
22 8
29 8
30 8
8 9
22 9
30 9
11 10
12 10
25 10
10 11
12 11
25 11
10 12
11 12
15 12
16 12
25 12
3 13
4 13
19 13
2 14
3 14
26 14
27 14
1 15
12 15
16 15
26 15
1 16
12 16
15 16
26 16
6 17
7 17
18 17
6 18
17 18
23 18
24 18
28 18
4 19
5 19
13 19
7 20
21 20
29 20
20 21
22 21
29 21
8 22
9 22
21 22
29 22
30 22
5 23
18 23
24 23
28 23
5 24
18 24
23 24
28 24
10 25
11 25
12 25
1 26
14 26
15 26
16 26
2 27
3 27
14 27
18 28
23 28
24 28
8 29
20 29
21 29
22 29
8 30
9 30
22 30
Loss 0 58 0 0 0 0 92 0 0 1 0 0 0 0 0 59 0 46 0 11 0 39 0 0 0 81 0 36 0 0 
