39 <--# of nodes, 166 edges
9 1
20 1
7 2
8 2
19 2
23 2
4 3
5 3
6 3
18 3
34 3
39 3
3 4
5 4
6 4
34 4
3 5
4 5
6 5
3 6
4 6
5 6
2 7
8 7
9 7
20 7
2 8
7 8
9 8
1 9
7 9
8 9
24 9
13 10
18 10
25 10
34 10
39 10
12 11
13 11
34 11
39 11
11 12
13 12
34 12
10 13
11 13
12 13
15 14
28 14
29 14
14 15
21 15
22 15
28 15
29 15
27 16
30 16
32 16
35 16
37 16
26 17
31 17
33 17
36 17
38 17
3 18
10 18
25 18
32 18
34 18
37 18
39 18
2 19
24 19
33 19
38 19
1 20
7 20
21 20
22 20
23 20
15 21
20 21
22 21
23 21
28 21
15 22
20 22
21 22
23 22
28 22
2 23
20 23
21 23
22 23
9 24
19 24
33 24
38 24
10 25
18 25
32 25
34 25
37 25
39 25
17 26
31 26
33 26
36 26
38 26
16 27
30 27
32 27
35 27
37 27
14 28
15 28
21 28
22 28
29 28
14 29
15 29
28 29
16 30
27 30
31 30
17 31
26 31
30 31
16 32
18 32
25 32
27 32
17 33
19 33
24 33
26 33
3 34
4 34
10 34
11 34
12 34
18 34
25 34
39 34
16 35
27 35
36 35
17 36
26 36
35 36
16 37
18 37
25 37
27 37
17 38
19 38
24 38
26 38
3 39
10 39
11 39
18 39
25 39
34 39
Loss 0 0 0 0 0 0 50 5 0 97 0 0 89 0 0 0 93 0 0 0 97 0 0 0 0 30 53 56 0 0 0 24 0 0 0 0 21 0 0 
