37 <--# of nodes, 158 edges
23 1
25 1
28 1
3 2
26 2
30 2
2 3
4 3
27 3
3 4
5 4
27 4
31 4
4 5
6 5
7 5
5 6
7 6
8 6
5 7
6 7
8 7
6 8
7 8
9 8
24 8
8 9
10 9
11 9
24 9
9 10
11 10
12 10
24 10
9 11
10 11
12 11
22 11
32 11
10 12
11 12
13 12
22 12
12 13
14 13
15 13
32 13
33 13
13 14
15 14
21 14
33 14
13 15
14 15
16 15
17 15
18 15
21 15
34 15
15 16
17 16
18 16
35 16
36 16
37 16
15 17
16 17
18 17
35 17
15 18
16 18
17 18
20 18
20 19
35 19
37 19
18 20
19 20
35 20
37 20
14 21
15 21
33 21
34 21
36 21
11 22
12 22
24 22
32 22
1 23
25 23
28 23
29 23
8 24
9 24
10 24
22 24
1 25
23 25
28 25
29 25
2 26
28 26
29 26
30 26
3 27
4 27
30 27
31 27
1 28
23 28
25 28
26 28
29 28
23 29
25 29
26 29
28 29
30 29
2 30
26 30
27 30
29 30
31 30
4 31
27 31
30 31
11 32
13 32
22 32
33 32
13 33
14 33
21 33
32 33
34 33
15 34
21 34
33 34
36 34
37 34
16 35
17 35
19 35
20 35
36 35
37 35
16 36
21 36
34 36
35 36
37 36
16 37
19 37
20 37
34 37
35 37
36 37
Loss 0 0 58 0 0 0 0 0 0 56 59 43 0 3 0 0 63 0 0 0 0 0 65 0 0 0 44 57 59 0 0 0 0 0 0 97 0 
