40 <--# of nodes, 174 edges
2 1
3 1
23 1
1 2
3 2
4 2
21 2
22 2
1 3
2 3
4 3
5 3
21 3
24 3
2 4
3 4
5 4
24 4
25 4
3 5
4 5
6 5
25 5
29 5
5 6
7 6
29 6
31 6
6 7
8 7
9 7
30 7
31 7
7 8
9 8
10 8
28 8
30 8
7 9
8 9
10 9
11 9
28 9
8 10
9 10
11 10
27 10
9 11
10 11
26 11
27 11
13 12
14 12
33 12
34 12
12 13
14 13
34 13
12 14
13 14
40 14
16 15
37 15
39 15
15 16
17 16
18 16
36 16
37 16
16 17
18 17
19 17
36 17
16 18
17 18
19 18
20 18
35 18
36 18
17 19
18 19
20 19
35 19
38 19
18 20
19 20
38 20
2 21
3 21
22 21
23 21
24 21
25 21
2 22
21 22
23 22
24 22
1 23
21 23
22 23
3 24
4 24
21 24
22 24
25 24
4 25
5 25
21 25
24 25
29 25
11 26
27 26
32 26
33 26
10 27
11 27
26 27
28 27
32 27
8 28
9 28
27 28
30 28
31 28
5 29
6 29
25 29
30 29
31 29
7 30
8 30
28 30
29 30
31 30
6 31
7 31
28 31
29 31
30 31
26 32
27 32
33 32
34 32
12 33
26 33
32 33
34 33
12 34
13 34
32 34
33 34
18 35
19 35
36 35
38 35
16 36
17 36
18 36
35 36
37 36
15 37
16 37
36 37
39 37
40 37
19 38
20 38
35 38
15 39
37 39
40 39
14 40
37 40
39 40
Loss 0 0 55 0 75 0 23 0 0 0 95 0 0 0 90 0 38 0 0 17 78 0 0 0 0 0 0 3 0 13 0 0 0 0 0 0 0 0 0 34 
