28 <--# of nodes, 108 edges
2 1
14 1
15 1
1 2
3 2
4 2
16 2
2 3
4 3
13 3
16 3
2 4
3 4
13 4
21 5
24 5
27 5
7 6
20 6
22 6
6 7
22 7
25 7
9 8
17 8
26 8
8 9
17 9
26 9
11 10
12 10
14 10
10 11
12 11
14 11
15 11
10 12
11 12
14 12
15 12
3 13
4 13
19 13
21 13
24 13
1 14
10 14
11 14
12 14
15 14
1 15
11 15
12 15
14 15
16 15
2 16
3 16
15 16
8 17
9 17
18 17
25 17
26 17
17 18
25 18
26 18
13 19
21 19
24 19
6 20
22 20
23 20
27 20
28 20
5 21
13 21
19 21
24 21
6 22
7 22
20 22
23 22
28 22
20 23
22 23
27 23
28 23
5 24
13 24
19 24
21 24
7 25
17 25
18 25
26 25
8 26
9 26
17 26
18 26
25 26
5 27
20 27
23 27
28 27
20 28
22 28
23 28
27 28
Loss 0 0 0 0 44 0 2 0 0 0 55 84 32 0 0 0 54 0 0 39 0 0 0 0 0 0 0 99 
