30 <--# of nodes, 155 edges
1 27
1 20
2 4
2 9
2 14
2 15
2 17
2 18
2 20
2 22
2 23
2 24
2 25
2 26
2 28
3 6
3 7
3 13
3 15
3 16
3 17
3 19
3 23
3 25
3 26
3 28
3 29
4 9
4 16
4 17
4 20
4 22
4 24
4 25
4 28
4 29
5 17
5 26
5 21
5 29
5 13
6 7
6 9
6 13
6 17
6 19
6 24
6 26
6 27
6 29
7 9
7 10
7 11
7 14
7 15
7 16
7 18
7 19
7 20
7 22
7 23
7 26
7 27
7 29
7 30
8 14
8 18
8 19
8 20
8 28
8 29
9 15
9 16
9 20
9 21
9 22
9 24
9 25
9 26
9 28
10 17
10 18
10 21
10 22
11 24
11 29
11 30
12 13
12 17
12 22
12 23
12 25
12 28
13 18
13 21
13 22
13 24
13 26
13 28
13 29
13 30
14 15
14 16
14 19
14 22
14 23
14 24
14 26
14 28
14 30
15 17
15 20
15 22
15 24
15 25
15 26
16 19
16 21
16 22
16 23
16 26
16 28
17 20
17 22
17 24
17 25
17 26
17 27
17 30
18 20
18 22
18 24
18 29
19 27
19 28
19 29
20 22
20 28
20 29
21 27
21 29
22 24
22 25
22 26
22 28
22 29
22 30
23 27
23 28
24 28
24 29
24 30
25 28
26 30
27 29
Loss 0 0 0 0 35 31 0 99 0 0 0 61 0 62 0 0 0 0 0 0 0 60 0 0 0 70 0 0 0 15 
