57 <--# of nodes, 322 edges
1 55
2 56
3 12
3 21
3 28
3 31
3 55
3 56
4 3
4 10
4 16
4 28
4 37
4 38
4 40
4 43
4 47
5 16
5 17
5 22
5 27
5 34
5 42
5 43
5 45
6 2
6 13
6 15
6 23
6 24
6 29
6 30
6 32
6 35
6 37
7 5
7 24
7 25
7 28
7 29
7 31
7 34
8 2
8 5
8 18
8 31
8 35
8 48
9 1
9 14
9 33
9 56
10 1
10 2
10 22
10 24
10 30
10 36
10 37
10 41
10 42
10 44
11 4
11 6
11 16
11 21
11 22
11 25
11 31
11 38
11 47
11 55
12 2
12 31
12 46
12 55
13 3
13 22
13 40
13 41
13 50
13 53
13 55
14 3
14 9
14 18
14 45
15 1
15 8
15 13
15 29
15 34
15 37
15 43
15 45
15 56
16 8
16 11
16 14
16 21
16 28
16 50
16 51
16 52
16 53
17 5
17 13
17 21
17 23
17 26
18 7
18 26
18 36
18 47
18 48
19 9
19 12
19 26
19 27
19 47
19 54
20 8
20 9
20 14
20 38
20 42
21 7
21 34
21 38
21 40
21 53
21 55
22 1
22 6
22 10
22 21
22 23
22 53
23 1
23 14
23 36
23 43
23 44
23 51
24 7
24 21
24 40
24 57
25 10
25 17
25 19
25 32
25 48
26 9
26 18
26 20
26 35
27 16
27 26
27 32
28 4
28 5
28 6
28 8
28 9
28 38
28 50
29 6
29 12
29 17
29 19
29 37
29 41
29 56
30 2
30 11
30 17
30 21
30 31
30 32
30 42
31 2
31 5
31 11
31 12
31 22
31 30
31 44
31 54
31 55
32 7
32 25
32 39
32 51
32 53
33 5
33 9
33 28
33 31
33 41
33 44
33 57
34 26
34 44
35 11
35 43
35 49
37 5
37 15
38 7
38 9
38 14
38 18
38 23
38 35
38 49
39 12
39 19
39 34
39 36
39 50
39 54
40 2
40 5
40 10
40 28
40 45
41 14
41 31
41 34
41 42
41 55
42 1
42 6
42 13
42 24
42 28
42 57
43 8
43 11
43 14
43 28
43 32
43 44
43 54
44 2
44 9
44 11
44 27
44 48
44 51
45 11
45 24
45 27
45 38
45 40
46 2
46 16
46 18
46 35
47 22
47 26
47 42
47 46
47 55
48 18
48 29
48 33
48 53
49 11
49 35
50 7
50 27
50 33
50 35
50 54
51 3
51 23
51 24
51 34
51 52
51 54
52 6
52 30
52 31
52 51
52 57
53 14
53 18
53 31
53 54
53 55
54 1
54 4
54 8
54 26
54 27
54 43
55 4
55 16
55 20
55 25
55 37
55 42
55 46
55 49
56 9
56 18
56 23
56 25
56 27
56 41
56 43
56 50
56 52
56 53
57 4
57 5
57 23
57 24
57 49
57 51
Loss 0 0 0 0 0 0 14 0 0 65 0 0 17 0 0 0 0 42 0 0 0 0 0 0 14 0 0 0 84 0 0 15 0 67 91 0 0 64 0 0 0 98 0 0 0 0 0 0 0 0 0 0 43 0 0 23 81 
