63 <--# of nodes, 372 edges
1 6
1 15
1 22
1 55
1 59
1 63
2 9
2 10
2 37
2 39
2 47
2 52
2 53
2 56
3 16
3 20
3 26
3 37
3 48
3 60
3 62
4 5
4 14
4 18
4 27
4 52
4 55
5 2
5 15
5 19
5 21
5 36
5 48
5 55
5 57
6 1
6 18
7 23
7 60
8 9
8 21
8 34
8 35
8 38
9 8
9 13
9 14
9 28
9 50
9 53
9 54
10 5
10 14
10 19
10 29
10 35
10 39
11 20
11 39
11 45
11 47
11 59
12 11
12 25
12 42
12 55
12 56
13 9
13 10
13 31
13 40
13 56
14 31
14 36
14 47
14 51
14 53
14 57
15 1
15 9
15 28
15 49
15 53
16 2
16 5
16 19
16 34
16 39
16 42
16 43
17 24
17 27
17 44
17 45
17 57
17 58
17 62
18 4
18 10
18 25
18 28
18 58
19 5
19 12
19 57
19 62
20 1
20 22
20 44
20 51
21 4
21 48
22 41
22 63
23 22
23 28
23 44
24 19
24 22
24 25
24 29
24 31
24 49
24 56
25 19
25 20
25 26
25 51
25 59
26 6
26 7
26 16
26 37
26 47
26 51
26 56
27 3
27 25
27 28
27 33
27 44
27 47
27 49
27 55
27 56
28 13
28 19
28 22
28 32
28 33
28 61
29 5
29 6
29 8
29 28
29 40
29 43
29 63
30 10
30 12
30 37
30 46
30 54
30 56
30 61
30 62
30 63
31 12
31 16
31 25
31 30
31 32
31 41
31 46
31 52
31 60
32 3
32 4
32 5
32 12
32 15
32 18
32 58
32 62
33 14
33 20
33 48
33 53
34 20
34 29
34 38
34 49
35 3
35 4
35 22
35 43
35 44
35 45
36 9
36 27
36 35
36 45
36 46
36 51
36 58
36 59
36 60
37 21
37 30
37 38
37 40
37 62
38 4
38 16
38 36
38 42
38 44
39 7
39 9
39 19
39 26
39 34
39 45
39 51
39 52
39 62
40 14
40 38
41 4
41 14
41 21
41 23
41 29
41 34
41 38
41 44
42 4
42 5
42 8
42 9
42 29
42 45
42 58
43 10
43 22
43 48
43 53
44 11
44 13
44 23
44 25
44 28
44 55
45 1
45 11
45 13
45 28
45 29
45 42
46 7
46 15
46 22
46 27
46 32
46 49
46 57
46 58
47 2
47 14
47 45
47 54
48 4
48 41
48 47
48 52
48 60
49 12
49 13
49 24
49 36
49 53
49 57
50 8
50 12
50 31
50 42
50 61
51 11
51 52
52 10
52 13
52 27
52 38
52 42
52 48
52 49
53 11
53 12
53 27
53 32
53 59
54 9
54 21
54 22
54 55
55 3
55 5
55 17
55 23
55 29
55 54
55 57
56 2
56 3
56 19
56 22
56 23
56 32
56 36
56 44
56 58
56 63
57 8
57 15
57 18
57 19
57 21
57 27
57 44
57 45
57 61
58 18
58 21
58 40
58 41
58 56
59 6
59 9
59 33
59 49
59 50
60 2
60 3
60 9
60 15
60 24
60 25
60 26
60 39
60 49
60 58
60 59
60 61
61 2
61 11
61 13
61 27
61 28
61 31
61 36
61 42
62 34
62 36
62 41
62 44
62 58
62 60
63 2
63 16
63 18
63 21
63 28
Loss 0 0 0 0 66 39 0 18 0 0 0 0 0 0 0 0 0 0 0 31 98 50 0 0 0 52 99 0 0 0 92 0 0 0 0 0 46 0 0 18 0 0 0 0 1 0 36 0 45 1 0 0 0 0 0 0 0 0 0 0 0 0 0 
