69 <--# of nodes, 428 edges
1 7
1 32
1 35
1 38
1 40
1 56
1 69
2 1
2 27
2 37
2 40
2 42
2 43
2 53
3 1
3 4
3 9
3 10
3 29
3 34
3 38
3 50
3 68
4 18
4 47
4 54
5 8
5 9
5 14
5 21
5 24
5 30
5 40
6 3
6 16
6 23
6 44
6 56
6 57
6 59
6 60
7 32
7 36
7 39
7 47
7 60
7 64
8 2
8 6
8 27
8 40
8 58
9 17
9 35
10 3
10 11
10 18
10 34
10 38
11 28
11 55
12 15
12 33
12 37
12 45
12 50
12 55
12 57
13 41
13 44
13 46
13 68
14 21
14 24
14 29
14 31
14 34
14 57
14 63
14 66
15 45
15 47
15 53
15 54
15 61
15 67
16 2
16 33
16 41
16 61
16 63
17 12
17 25
17 50
18 7
18 36
18 41
18 43
18 45
18 49
19 16
19 24
19 33
19 39
19 41
19 47
19 58
20 2
20 50
20 54
21 1
21 9
21 46
21 54
22 24
22 32
22 56
22 57
23 11
23 39
23 65
24 1
24 3
24 5
24 14
24 23
24 27
24 35
24 39
24 45
24 69
25 8
25 21
25 26
25 41
25 45
25 50
25 52
25 60
26 6
26 10
26 12
26 24
26 29
26 39
26 46
26 54
26 59
27 31
27 33
27 36
27 41
27 45
27 62
28 15
28 24
28 29
28 62
29 10
29 21
29 34
29 36
30 19
30 24
30 31
30 33
30 39
30 40
30 42
31 13
31 26
31 32
31 35
31 49
31 52
31 57
32 4
32 7
32 17
32 30
32 31
32 42
32 43
32 65
33 3
33 44
33 50
33 61
33 62
34 3
34 7
34 17
34 19
34 22
34 28
35 14
35 15
35 17
35 22
35 40
35 56
35 57
36 9
36 15
36 21
36 31
36 34
36 41
36 43
36 62
36 65
36 69
37 10
37 17
37 22
37 30
37 41
37 43
37 45
37 53
37 56
37 58
37 68
38 9
38 28
38 51
38 64
38 69
39 2
39 10
39 32
39 33
39 57
39 68
40 14
40 22
40 28
40 36
40 46
40 67
40 68
40 69
41 23
41 32
41 33
41 46
41 52
41 64
42 3
42 35
42 41
42 44
42 45
42 51
43 7
43 13
43 16
43 22
43 44
43 46
43 51
43 58
43 63
43 68
44 20
44 41
44 43
44 52
44 64
45 10
45 13
45 51
45 56
46 3
46 10
46 12
46 17
46 19
46 21
46 35
46 66
46 67
47 3
47 17
47 33
47 69
48 20
48 31
48 60
49 1
49 5
49 13
49 16
49 17
49 21
49 23
49 24
49 33
49 37
49 65
50 4
50 7
50 12
50 16
50 19
50 35
50 39
50 62
50 64
51 5
51 9
51 14
51 20
51 21
51 36
51 40
51 42
51 46
51 60
51 64
52 2
52 27
52 34
52 53
52 57
52 59
53 30
53 35
53 40
53 55
53 69
54 45
54 66
55 9
55 36
55 45
55 48
55 57
56 11
56 12
56 23
56 41
56 43
56 45
56 55
56 66
57 7
57 17
57 19
57 33
57 38
57 43
57 46
57 64
58 33
59 41
59 69
60 33
60 39
60 46
60 54
60 58
60 63
60 64
61 20
61 47
61 48
62 14
62 39
62 43
62 47
62 54
62 56
63 4
63 9
63 11
63 14
63 15
63 16
63 19
63 21
63 26
63 57
64 28
64 40
64 47
64 60
64 65
65 8
65 12
65 15
65 20
65 48
65 59
66 7
66 19
66 38
66 40
66 46
66 50
66 56
66 57
67 7
67 13
67 16
67 19
67 57
67 60
67 66
67 68
68 18
68 25
68 29
68 41
68 56
68 58
68 69
69 7
69 9
69 13
69 21
69 29
69 40
69 44
69 49
69 55
69 56
69 61
Loss 0 0 76 1 0 0 7 0 0 0 0 0 0 0 0 0 0 24 93 0 0 0 0 0 0 0 0 0 0 0 95 0 0 0 0 0 58 0 95 0 0 96 18 0 0 67 0 46 0 0 0 0 0 0 0 0 0 0 37 61 0 0 0 0 0 0 1 0 0 
