52 <--# of nodes, 257 edges
1 5
1 29
1 30
1 39
1 47
2 4
2 5
2 6
2 15
2 37
2 42
2 50
2 52
3 4
3 34
3 47
4 15
4 28
4 35
4 51
5 17
5 34
6 7
6 15
6 31
6 34
6 44
7 1
7 4
7 23
8 1
8 2
8 12
8 18
8 22
8 29
8 43
9 2
9 4
9 13
9 31
9 33
10 2
10 26
10 36
11 22
11 49
12 2
12 3
12 11
12 13
12 29
13 17
13 21
13 23
13 44
14 12
14 18
14 21
14 23
15 10
16 4
16 7
16 19
16 21
16 31
16 32
16 52
17 27
17 28
17 45
17 47
17 51
18 1
18 8
18 9
18 14
18 17
18 22
18 25
18 30
18 40
18 43
19 30
19 31
19 37
19 44
20 3
20 33
20 34
20 35
20 36
20 38
20 42
20 44
20 50
21 1
21 2
21 12
21 27
21 32
21 44
22 17
22 27
22 33
22 41
23 16
23 35
23 39
24 20
25 3
25 7
25 30
25 32
25 34
25 45
26 6
26 23
26 31
26 36
27 3
27 29
27 32
28 7
28 11
28 20
28 24
28 29
28 44
29 1
29 32
29 33
29 34
30 2
30 28
30 31
30 35
30 38
30 44
30 48
31 8
31 18
31 29
31 33
31 46
31 47
32 2
32 3
32 10
32 13
32 27
32 37
32 43
33 12
33 18
33 25
33 43
33 50
34 1
34 9
34 15
34 25
34 26
34 32
34 36
35 5
35 38
35 48
36 5
36 18
36 21
36 25
36 35
36 50
37 6
37 15
38 4
38 23
38 25
38 26
38 39
38 42
38 43
38 46
39 9
39 11
39 15
39 33
39 36
39 44
39 47
40 5
40 42
40 49
40 50
41 3
41 28
41 40
41 44
42 4
42 13
42 16
42 19
42 20
42 37
42 51
43 6
43 23
43 25
43 26
43 33
43 39
43 41
43 42
43 45
43 49
44 19
44 24
45 20
45 28
45 46
46 3
46 6
46 10
46 22
46 23
46 36
46 51
47 9
47 14
47 15
47 19
47 21
47 39
47 46
48 3
48 12
48 17
48 29
48 33
48 35
48 43
49 5
49 8
49 18
49 22
49 46
50 48
51 22
51 27
51 37
51 52
52 3
52 20
52 30
52 34
52 48
Loss 0 36 0 0 0 0 86 0 0 0 0 20 0 0 0 31 0 0 0 48 0 2 0 30 0 0 29 0 0 24 0 24 0 39 0 0 0 22 0 0 0 0 70 0 0 0 0 0 0 0 0 0 
