64 <--# of nodes, 407 edges
1 7
1 9
1 12
1 17
1 18
1 28
1 33
1 58
1 60
2 20
2 40
2 41
2 44
2 54
2 62
3 10
3 15
3 16
3 20
3 27
3 36
3 41
3 56
4 5
4 8
4 29
4 33
4 52
5 12
5 17
5 30
5 32
5 34
5 53
5 56
5 59
6 9
6 20
6 21
6 22
6 23
6 36
6 53
7 2
7 13
7 18
7 22
7 31
7 62
8 3
8 18
8 22
8 38
8 39
9 8
9 30
9 36
9 38
9 40
9 49
10 2
10 5
10 34
10 47
10 49
10 51
10 52
10 60
11 29
11 30
11 49
11 56
12 14
12 17
12 26
12 39
12 48
13 5
13 28
13 31
13 32
13 55
14 4
14 15
14 17
14 26
14 28
14 30
14 38
14 54
14 57
14 58
14 60
14 61
15 8
15 14
15 16
15 18
15 27
15 35
15 44
15 59
16 9
16 10
16 11
16 25
16 33
16 37
16 44
16 59
16 64
17 1
17 18
17 19
17 57
18 3
18 34
18 43
18 59
18 60
19 22
19 38
19 62
20 14
20 37
20 53
20 56
21 4
21 18
21 37
21 44
21 56
21 57
22 8
22 17
22 21
22 28
22 34
22 39
22 47
22 58
22 59
23 32
23 33
23 38
23 44
23 51
23 63
23 64
24 2
24 3
24 27
24 29
24 36
24 41
24 49
25 11
25 19
25 36
25 49
25 55
26 12
26 18
26 32
26 41
26 54
27 17
27 26
27 35
27 47
27 52
27 53
27 54
28 1
28 4
28 14
28 22
28 29
28 33
28 35
28 36
28 46
28 51
28 54
28 60
28 64
29 2
29 21
29 40
29 46
29 47
29 58
30 4
30 16
30 40
30 49
30 52
30 55
30 61
31 5
31 7
31 10
31 13
31 23
31 28
31 30
31 48
32 45
32 47
33 7
33 9
33 13
33 21
33 26
33 31
33 35
33 50
33 53
33 59
34 5
34 16
34 58
34 59
35 6
35 20
35 28
35 29
35 42
35 51
35 52
36 10
36 15
36 23
36 31
36 32
36 37
36 41
36 47
36 50
36 51
37 1
37 9
37 21
37 24
37 28
37 32
37 63
38 2
38 9
38 26
38 39
38 54
39 7
39 16
39 19
39 33
39 44
39 59
39 60
39 63
40 1
40 4
40 26
40 29
40 33
40 39
41 2
41 25
41 31
41 33
42 9
42 12
42 19
42 26
42 41
42 51
43 40
43 42
43 63
44 20
44 27
44 29
44 41
44 42
45 32
45 36
46 4
46 18
46 23
46 28
46 47
46 51
47 29
47 35
47 43
47 54
48 9
48 12
48 17
48 19
48 22
48 23
48 60
49 23
49 28
49 35
49 41
49 45
49 48
49 63
50 9
50 12
50 43
51 24
51 58
51 63
51 64
52 6
52 15
52 19
52 34
52 43
53 10
53 16
53 28
53 31
53 37
53 40
53 41
53 46
53 48
53 56
54 16
54 22
54 38
54 59
55 4
55 39
55 43
55 50
55 56
56 7
56 9
56 13
56 17
56 21
56 29
56 48
57 9
57 27
57 30
57 31
57 36
57 37
57 39
57 41
57 47
57 61
58 3
58 26
58 27
58 37
58 39
58 45
58 57
58 59
58 63
59 11
59 13
59 14
59 18
59 36
59 39
60 6
60 45
60 62
61 5
61 16
61 20
61 22
61 34
61 36
61 60
62 8
62 29
62 48
62 59
63 3
63 5
63 8
63 25
63 27
63 39
63 43
63 45
63 47
63 51
63 58
63 62
64 12
64 13
64 17
64 19
64 29
64 34
64 44
64 61
Loss 0 0 0 0 81 0 0 0 0 54 89 0 0 0 0 0 0 0 0 37 0 0 0 0 0 0 77 0 28 0 0 68 0 0 0 0 0 0 0 0 0 0 0 0 0 0 0 0 0 15 0 0 0 0 0 0 0 58 0 0 0 0 0 0 
