56 <--# of nodes, 292 edges
1 22
1 24
1 26
1 41
1 51
1 52
1 56
2 19
2 30
2 44
3 2
3 8
3 16
3 18
3 22
3 23
3 30
3 37
3 43
3 46
3 54
4 6
4 8
4 12
4 18
4 29
4 34
4 37
5 2
5 11
5 19
5 33
5 34
5 48
6 15
6 34
6 42
6 45
7 1
7 8
7 11
7 23
7 35
7 43
8 20
8 32
8 39
8 45
9 10
9 11
9 21
9 24
9 33
9 45
9 52
10 14
10 29
10 30
10 48
10 50
11 8
11 9
11 19
11 25
11 36
11 47
11 50
11 54
12 31
12 56
13 28
13 31
13 32
14 6
14 34
15 12
15 26
15 30
15 49
15 54
16 4
16 28
16 29
16 30
16 31
16 32
16 54
17 3
17 4
17 12
17 16
17 23
17 32
17 35
17 50
17 53
18 45
19 4
19 22
19 24
19 26
19 42
19 43
19 54
20 24
20 26
20 28
20 29
20 33
20 44
20 47
21 39
22 6
22 10
22 14
22 20
22 25
22 43
22 47
22 56
23 7
23 22
23 27
23 32
23 50
24 12
24 17
24 19
24 21
24 26
24 47
25 13
25 14
25 16
25 27
25 30
25 31
25 50
25 52
25 53
26 12
26 24
26 42
27 9
27 18
27 20
27 53
28 8
28 18
29 5
29 22
29 26
29 38
29 43
30 4
30 39
30 40
30 53
31 9
31 16
31 24
31 54
32 1
32 6
32 50
33 7
33 8
33 13
34 10
34 21
34 25
34 31
34 50
35 6
35 26
35 31
35 36
35 43
36 6
36 17
36 18
36 25
36 28
36 30
36 37
36 40
36 47
36 50
36 55
36 56
37 3
37 13
37 16
37 52
38 3
38 5
38 12
38 53
39 12
39 16
39 27
39 42
39 51
39 52
40 3
40 4
40 9
40 33
40 39
40 46
41 38
41 43
42 9
42 12
42 18
42 31
42 38
43 11
43 13
43 26
43 35
43 37
43 51
44 16
44 49
45 14
45 40
46 12
46 13
46 23
46 49
46 50
46 54
47 1
47 8
47 21
47 23
47 27
47 37
47 51
48 2
48 6
48 23
48 25
48 44
48 55
49 12
49 27
49 40
50 7
50 22
50 31
50 34
50 45
51 3
51 10
51 14
51 44
51 45
52 21
52 35
52 41
52 43
53 6
53 11
53 19
53 25
53 27
53 29
53 46
53 48
53 54
54 3
54 7
54 19
54 28
54 31
54 38
55 8
55 26
55 33
55 36
55 43
55 47
56 16
56 22
56 23
56 27
56 30
56 34
56 35
56 54
Loss 0 0 28 0 0 0 0 0 0 54 16 0 0 62 0 0 0 0 77 0 0 56 0 0 0 0 0 0 5 0 0 0 0 0 0 0 0 18 59 0 40 0 0 0 57 0 0 0 13 0 0 0 0 0 0 0 
