33 <--# of nodes, 107 edges
1 8
1 21
2 13
2 29
3 9
3 13
3 22
3 23
3 29
3 31
4 2
4 10
5 14
5 25
5 29
6 20
6 26
6 27
7 9
7 26
7 29
8 11
8 17
8 24
8 26
9 1
9 11
9 12
9 13
10 8
10 12
10 22
11 21
11 22
11 24
11 26
11 28
12 27
13 5
13 9
13 10
13 21
13 22
13 27
14 2
14 3
14 24
14 30
15 20
15 21
15 22
16 3
16 29
17 3
17 10
17 11
17 30
18 23
18 30
18 31
19 11
19 28
20 32
21 2
21 5
21 13
21 32
22 11
22 14
22 33
23 10
23 22
24 2
24 11
24 12
24 15
24 16
24 31
24 33
25 2
25 24
25 31
26 3
26 7
26 28
27 12
28 14
28 16
28 18
28 30
29 9
29 20
29 31
30 8
30 19
30 20
30 24
31 5
31 15
31 19
31 20
31 21
31 25
32 13
32 26
32 29
33 31
Loss 0 0 0 0 0 0 69 0 0 0 0 0 0 0 0 44 0 0 24 0 12 0 0 0 0 59 0 56 0 0 0 10 0 
