67 <--# of nodes, 460 edges
1 3
1 6
1 8
1 9
1 29
1 35
1 51
1 56
2 10
2 30
2 38
2 48
2 50
2 51
2 54
3 14
3 31
3 43
3 50
4 21
4 22
4 43
4 47
4 55
4 61
4 63
5 1
5 2
5 14
5 15
5 31
5 52
5 54
5 59
5 66
6 8
6 10
6 13
6 26
6 33
6 58
7 2
7 17
7 22
7 36
7 39
7 51
7 52
7 54
7 60
7 63
8 2
8 13
8 15
8 43
8 54
9 4
9 6
9 16
9 25
9 28
9 35
9 38
9 46
9 67
10 7
10 24
10 26
10 29
10 31
10 45
10 64
11 9
11 24
11 27
11 42
11 50
11 56
12 5
12 36
12 46
12 55
13 23
13 33
13 48
13 49
13 53
13 54
13 66
13 67
14 34
14 37
14 56
14 58
15 5
15 10
15 13
15 14
15 16
15 47
15 59
16 1
16 23
16 25
16 31
16 37
16 40
16 65
17 7
17 10
17 11
17 32
17 33
17 37
17 41
17 43
17 45
17 46
17 49
17 53
17 54
17 56
17 64
18 3
18 9
18 14
18 32
18 38
18 39
18 67
19 22
19 33
19 34
19 59
19 62
19 63
20 9
20 10
20 18
20 24
20 26
20 33
20 36
20 41
20 45
20 62
21 7
21 14
21 26
21 33
21 48
21 54
21 55
21 67
22 2
22 15
22 21
22 29
22 31
22 32
22 44
22 45
22 60
22 61
22 63
23 2
23 7
23 10
23 15
23 16
23 25
23 43
23 60
24 29
24 37
24 38
24 39
24 54
24 57
24 65
25 35
25 38
25 47
25 58
26 6
26 9
26 28
26 30
26 44
27 7
27 8
27 18
27 28
27 37
27 48
27 52
28 9
29 1
29 8
29 12
29 13
29 14
29 22
29 30
29 49
29 52
29 62
30 9
30 15
30 16
30 19
30 33
30 60
31 1
31 16
31 19
31 29
31 39
31 45
31 49
31 54
31 63
32 5
32 16
32 21
32 30
32 51
32 64
33 10
33 17
33 19
33 26
33 60
34 2
34 9
34 21
34 44
34 46
34 59
35 12
35 20
35 25
35 45
36 5
36 7
36 11
36 37
36 39
36 42
36 64
37 25
37 36
37 40
37 52
37 65
38 21
38 28
38 29
38 31
38 40
38 41
38 49
38 64
39 30
40 17
40 22
40 44
40 45
40 53
40 57
41 1
41 12
41 18
41 19
41 31
41 52
41 61
42 11
42 12
42 37
42 54
42 58
43 13
43 27
43 30
43 65
44 13
44 24
44 38
44 53
44 62
45 11
45 16
45 48
45 55
45 63
46 3
46 7
46 12
46 25
46 27
46 32
46 34
46 39
46 53
46 54
46 60
47 11
47 18
47 21
47 38
47 61
47 62
48 16
48 21
48 39
48 40
48 61
48 65
49 3
49 4
49 8
49 9
49 12
49 17
49 32
49 39
49 45
49 46
49 54
49 64
49 67
50 1
50 13
50 15
50 22
50 46
51 2
51 9
51 10
51 17
51 23
51 26
51 33
51 37
51 60
51 61
51 65
52 48
52 51
53 3
53 14
53 23
53 45
53 50
53 54
53 55
53 57
53 59
54 10
54 17
54 24
54 27
54 28
54 40
54 50
54 57
54 65
55 5
55 9
55 10
55 14
55 24
55 30
55 49
55 52
56 28
56 39
56 52
56 54
57 7
57 9
57 10
57 18
57 22
57 27
57 29
57 37
57 50
58 2
58 11
58 36
58 42
58 44
58 46
58 53
58 54
58 55
58 62
59 4
59 10
59 15
59 41
59 60
60 4
60 7
60 42
60 64
61 4
61 28
61 38
61 46
61 48
61 56
62 14
62 20
62 34
62 35
62 43
62 44
62 51
63 2
63 12
63 19
63 31
63 54
64 1
64 15
64 20
64 26
64 43
65 2
65 23
65 32
65 39
65 44
65 54
65 64
65 66
66 2
66 9
66 21
66 26
66 28
66 35
66 41
66 43
66 45
66 54
66 58
66 62
66 64
67 3
67 6
67 13
67 17
67 19
67 28
67 56
67 59
Loss 0 0 0 0 0 28 0 0 0 0 0 0 0 58 0 0 0 0 0 44 0 0 0 0 75 0 0 67 0 0 20 0 0 0 0 0 0 0 0 69 34 0 0 0 0 41 0 0 62 0 0 0 0 18 0 0 0 0 0 0 0 0 0 0 0 0 75 
