47 <--# of nodes, 213 edges
1 2
1 3
1 7
1 20
1 25
1 31
1 46
2 7
2 9
2 18
2 20
2 36
2 45
3 19
3 31
3 34
3 35
3 36
3 41
4 22
5 8
5 11
5 28
5 36
5 40
6 35
6 43
7 3
7 10
7 20
7 37
7 38
7 40
8 19
8 32
8 33
9 16
9 32
9 35
9 40
10 1
10 5
10 25
10 35
10 43
10 44
11 7
11 23
11 34
11 36
12 2
12 31
12 35
12 46
13 17
13 36
13 38
13 45
14 6
14 10
14 23
14 24
14 33
14 42
15 7
15 30
15 37
16 20
16 22
16 29
16 34
16 38
17 2
17 10
17 18
17 20
17 24
17 35
17 37
17 39
17 46
18 9
18 19
18 20
18 33
18 39
19 2
19 13
19 23
19 25
20 18
20 25
20 37
20 40
21 5
21 6
21 15
21 38
21 42
21 44
22 2
22 12
22 20
22 30
22 37
23 13
23 32
24 1
24 41
25 6
25 29
25 35
26 31
26 34
26 41
26 42
26 45
27 12
27 14
27 16
27 23
27 31
27 34
27 35
28 1
28 5
28 20
28 24
29 7
29 21
29 36
29 41
29 45
30 2
30 19
30 35
30 37
30 38
31 4
31 12
31 32
32 1
32 2
32 24
32 29
32 38
32 40
32 47
33 3
33 37
34 15
34 19
34 40
35 22
35 39
35 43
36 15
36 26
36 27
36 30
36 38
36 44
37 35
37 47
38 8
38 15
38 25
38 26
39 5
39 17
39 20
39 31
40 16
40 18
40 20
40 22
40 47
41 3
41 10
41 11
41 12
41 20
41 28
41 35
42 14
42 21
42 38
42 39
43 10
43 11
43 13
43 25
43 36
44 14
44 15
45 5
45 10
45 21
45 25
45 29
45 32
45 42
45 44
46 17
46 36
46 37
46 40
47 6
47 25
47 33
47 39
47 40
47 43
Loss 0 0 0 0 63 0 88 0 0 80 28 0 0 0 0 0 0 0 0 0 60 45 0 0 0 0 0 35 0 0 67 0 18 0 0 0 0 64 0 0 0 0 0 0 0 0 1 
