68 <--# of nodes, 432 edges
1 7
1 18
1 27
1 35
1 39
1 42
1 44
1 62
2 13
2 31
2 37
3 14
3 20
3 22
3 23
3 27
3 56
4 6
4 7
4 10
4 22
4 32
4 38
4 39
4 54
4 63
5 19
5 30
5 50
5 59
6 17
6 36
6 41
6 46
6 62
6 67
6 68
7 2
7 9
7 25
7 44
8 3
8 13
8 15
8 41
8 60
8 68
9 4
9 13
9 21
9 49
9 51
9 52
9 59
9 62
10 5
10 9
10 14
10 28
10 37
10 45
10 53
11 4
11 15
11 20
11 27
11 31
12 28
12 32
12 34
12 37
12 40
12 45
13 12
13 29
13 56
13 68
14 11
14 15
14 38
15 4
15 13
15 27
15 31
15 65
15 67
16 36
16 58
16 63
16 65
17 10
17 25
17 27
17 31
17 47
17 52
17 67
18 6
18 9
18 14
18 20
18 21
18 30
18 34
18 36
18 51
18 57
19 7
19 21
19 23
19 38
19 39
19 41
19 44
19 48
19 51
19 65
19 67
20 9
20 19
20 44
20 49
20 51
21 2
21 9
21 19
21 28
21 34
21 37
22 6
22 25
22 37
22 40
22 50
22 57
22 68
23 7
23 20
23 30
23 55
23 62
23 65
24 27
24 34
24 49
24 52
24 55
24 57
24 66
25 13
25 22
25 31
25 37
25 67
26 15
26 34
26 55
27 19
27 21
27 38
28 1
28 16
28 47
28 52
29 30
29 32
29 40
29 56
30 7
30 12
30 16
30 28
30 46
30 58
30 65
31 15
31 33
31 51
32 13
32 22
32 25
32 45
32 49
32 50
32 58
33 4
33 21
33 36
33 53
33 61
34 35
34 38
34 46
34 48
35 1
35 13
35 19
35 23
35 31
35 52
35 57
35 68
36 1
36 9
36 17
36 26
36 37
36 45
36 67
37 2
37 9
38 1
38 7
38 15
38 20
38 25
38 34
38 42
39 7
39 11
39 46
39 54
39 55
39 68
40 3
40 6
40 16
40 24
40 35
40 43
40 54
41 7
41 40
41 43
41 46
41 62
41 64
42 6
42 16
42 19
42 23
42 62
42 68
43 3
43 22
43 23
43 36
43 39
43 51
44 4
44 40
44 42
44 53
44 63
44 65
45 4
45 7
45 18
45 23
45 40
45 41
45 67
46 4
46 15
46 18
46 32
46 47
46 52
46 53
46 55
46 57
46 61
47 4
47 14
47 21
47 57
47 59
48 1
48 9
48 12
48 22
48 53
48 60
49 1
49 3
49 4
49 6
49 29
49 36
49 64
50 11
50 23
50 24
50 32
50 62
50 66
51 20
51 22
51 36
51 59
51 60
52 1
52 10
52 14
52 15
52 17
52 21
52 45
52 49
52 58
52 59
52 64
53 4
53 10
53 20
53 21
53 33
53 40
53 59
53 66
54 6
54 10
54 47
54 55
54 66
54 68
55 1
55 2
55 13
55 14
55 16
55 27
55 45
56 2
56 5
56 17
56 19
56 28
56 40
56 55
56 57
56 65
57 1
57 10
57 17
57 28
57 29
57 32
57 33
57 48
57 55
58 5
58 16
58 19
58 24
58 26
58 31
58 41
58 42
58 46
58 61
58 63
59 13
59 18
59 23
59 36
59 37
59 43
59 45
59 57
59 64
60 3
60 14
60 21
60 24
60 26
60 58
60 65
61 32
61 37
61 42
61 56
61 57
61 66
62 10
62 22
62 24
62 30
62 37
62 53
63 12
63 13
63 18
63 21
63 29
63 41
63 57
64 4
64 9
64 12
64 33
64 34
64 40
65 4
65 12
65 22
65 42
65 48
65 49
65 50
65 66
66 22
66 27
66 31
66 35
66 40
66 52
67 11
67 14
67 25
67 31
67 33
67 35
67 36
67 40
67 53
68 2
68 6
68 17
68 42
68 58
68 65
Loss 0 0 45 0 0 0 33 10 0 82 0 0 79 0 0 0 0 0 0 0 61 0 0 0 0 0 0 0 0 0 0 0 92 0 0 48 0 0 0 0 0 0 0 0 69 0 0 0 0 0 0 10 0 90 63 0 0 87 0 33 0 0 12 0 0 0 0 0 
