49 <--# of nodes, 241 edges
1 7
1 36
2 10
2 13
2 15
2 20
2 21
2 30
2 38
2 43
3 19
3 26
3 30
3 36
4 19
4 34
4 40
4 49
5 9
5 11
5 27
6 4
6 13
6 29
6 40
6 47
7 17
8 2
8 17
8 35
9 3
9 25
9 35
9 37
10 2
10 6
10 11
10 33
10 38
10 39
11 3
11 6
11 10
11 15
11 23
11 45
11 47
11 48
12 4
12 5
12 17
12 37
13 4
13 19
13 21
13 28
13 36
13 37
13 42
14 22
14 23
14 24
14 34
14 40
14 41
14 44
15 4
15 5
15 17
15 22
15 36
15 45
16 8
16 25
16 39
16 42
17 4
17 14
17 15
17 20
17 21
17 35
18 4
18 37
18 38
18 41
18 48
19 8
19 48
20 42
21 7
21 15
21 16
21 20
21 49
22 7
22 28
22 30
22 34
22 41
23 4
23 6
23 11
23 26
23 29
23 45
24 8
24 10
24 30
24 44
26 3
26 4
26 16
26 22
26 28
26 37
26 48
27 25
27 40
28 4
28 5
28 9
28 38
29 1
29 19
29 33
29 41
30 4
30 11
30 15
30 16
30 18
30 25
30 41
31 7
31 12
31 16
31 17
31 28
31 40
31 46
32 35
32 40
33 1
33 21
33 44
34 10
34 13
34 20
34 25
35 2
35 7
35 10
35 18
35 33
35 45
36 6
36 20
36 27
37 3
37 10
37 19
37 48
38 4
38 25
38 32
39 4
39 11
39 12
39 16
39 19
39 25
39 26
39 29
39 49
40 3
40 11
40 18
40 20
40 26
40 27
40 33
40 37
40 44
40 48
41 8
41 9
41 17
41 23
41 34
41 36
41 38
41 43
42 7
42 15
42 16
42 26
42 28
43 6
43 14
43 20
43 23
43 32
43 33
43 35
43 38
43 41
43 45
43 49
44 8
44 12
44 14
44 18
45 19
45 42
46 2
46 17
46 21
46 22
46 23
46 33
46 40
46 49
47 6
47 13
47 27
47 31
47 41
48 7
48 13
48 15
48 16
48 27
48 30
48 40
48 42
48 45
49 2
49 11
49 29
49 40
Loss 0 0 0 12 0 0 61 0 0 30 0 37 0 0 0 0 0 0 0 0 0 0 55 0 78 0 13 59 0 0 0 0 0 0 0 6 0 0 67 0 0 0 18 0 0 69 37 0 93 
