63 <--# of nodes, 396 edges
1 6
1 27
1 45
1 53
1 56
1 62
2 25
2 29
2 37
2 61
2 63
3 4
3 5
3 24
3 37
3 43
3 52
4 24
4 34
4 47
4 50
4 52
4 54
4 58
4 63
5 7
5 9
5 17
5 25
5 34
5 50
5 55
6 7
6 21
6 30
6 45
6 46
6 48
6 58
7 13
7 39
7 41
8 7
8 13
8 15
8 18
8 26
8 31
8 50
8 53
8 58
9 4
9 22
9 43
9 61
9 62
10 3
10 13
10 24
10 28
10 35
10 62
11 13
11 51
11 53
11 59
11 62
12 3
12 18
12 28
12 33
12 38
12 43
12 48
13 8
13 15
13 16
13 19
13 50
13 56
14 4
14 11
14 12
14 40
14 61
15 16
15 24
15 49
15 56
15 62
16 37
16 40
16 41
16 48
16 56
17 6
17 13
17 16
17 24
17 28
17 37
17 45
17 60
18 15
18 28
18 31
18 33
18 34
18 40
18 42
18 51
18 60
19 5
19 6
19 8
19 12
19 13
19 16
19 17
19 34
19 35
20 6
20 7
20 25
20 27
20 32
20 38
20 40
20 44
20 50
20 52
21 6
21 22
21 23
21 40
22 5
22 9
22 14
22 23
22 28
22 35
22 40
22 50
22 51
22 59
23 3
23 8
23 22
23 25
23 32
23 36
23 42
23 49
23 61
23 62
24 15
24 34
24 38
24 40
24 41
24 44
25 1
25 26
25 32
25 50
25 63
26 7
26 9
26 32
26 34
26 38
26 41
26 43
26 44
26 47
26 48
26 49
26 57
26 61
27 1
27 6
27 21
27 22
27 39
27 46
27 58
28 2
28 5
28 10
28 13
28 18
28 25
28 45
29 6
29 7
29 14
29 18
29 19
29 23
29 39
29 41
29 48
29 57
30 12
30 18
30 26
30 28
30 51
30 57
30 60
31 17
31 25
31 41
32 22
32 40
32 42
32 54
33 2
33 3
33 53
34 16
34 36
34 37
34 60
34 61
35 1
35 10
35 12
35 50
35 51
35 61
36 8
36 17
36 31
36 50
36 51
36 52
36 53
37 19
37 28
37 34
37 35
38 6
38 7
38 21
38 52
38 53
38 56
39 6
39 17
39 30
39 36
40 20
40 36
40 41
41 1
41 3
41 4
41 11
41 13
41 37
41 56
42 25
42 28
42 38
42 49
42 56
43 2
43 9
43 17
43 25
43 38
43 40
43 56
44 13
44 43
44 50
44 51
44 53
45 2
45 12
45 13
45 16
45 42
45 56
45 57
46 5
46 9
46 25
46 28
46 52
46 60
47 7
47 14
47 37
47 38
47 59
48 16
49 13
49 16
49 19
49 51
49 54
49 55
49 59
50 1
50 9
50 29
50 43
51 3
51 9
51 11
51 15
51 37
51 58
51 63
52 10
52 21
52 36
52 54
53 2
53 4
53 5
53 8
53 17
53 19
53 26
53 27
53 63
54 7
54 17
54 24
54 38
54 46
55 9
55 14
55 15
55 28
55 36
55 50
55 51
55 53
55 60
56 19
56 22
56 24
56 25
56 29
56 31
56 40
56 42
56 43
56 48
56 63
57 27
57 41
57 50
57 54
58 7
58 14
58 19
58 20
58 21
58 23
58 25
58 27
58 33
58 39
58 49
59 8
59 31
59 32
59 57
60 3
60 8
60 11
60 12
60 47
60 51
61 5
61 9
61 12
61 51
61 56
62 4
62 18
62 33
62 34
62 56
62 58
63 15
63 27
63 52
63 56
63 60
63 62
Loss 0 0 0 0 0 0 0 0 0 0 75 0 3 0 0 0 0 0 0 20 0 0 77 0 0 0 0 0 0 0 0 22 64 0 0 0 76 0 0 0 0 0 0 65 0 0 0 0 0 37 0 72 0 0 0 0 0 0 0 0 35 0 19 
