36 <--# of nodes, 130 edges
1 11
1 14
1 21
1 24
1 27
1 33
2 1
2 9
2 25
3 1
3 4
3 9
3 11
3 25
3 33
4 24
5 2
5 4
5 34
6 4
6 14
6 15
6 20
6 26
6 29
6 33
7 4
7 13
7 28
8 9
8 18
8 26
8 35
9 5
9 24
9 26
10 1
11 3
11 8
11 15
11 24
11 27
11 28
11 34
11 35
12 14
12 22
12 24
12 30
12 35
13 7
13 30
13 31
14 2
14 13
14 15
14 29
14 32
15 5
15 12
15 13
15 19
15 20
16 5
16 13
16 17
16 27
17 8
17 14
17 28
18 9
18 28
18 31
18 34
19 31
20 12
20 30
20 35
21 6
21 11
21 15
22 8
22 30
22 31
23 1
23 9
23 14
23 21
23 24
23 29
24 10
24 29
25 18
25 33
26 1
26 9
26 10
26 30
27 3
27 9
27 12
27 13
28 4
28 6
28 11
28 20
28 27
29 4
29 14
29 33
30 17
30 23
30 35
31 6
31 21
31 26
31 28
31 30
32 19
32 27
33 7
34 3
34 17
34 25
34 27
35 1
35 29
35 30
36 21
36 32
Loss 0 0 0 79 0 0 0 0 0 0 0 0 31 0 0 0 0 0 0 0 0 10 0 0 0 0 0 0 0 0 43 0 73 25 0 0 
