69 <--# of nodes, 434 edges
1 11
1 17
1 28
1 32
1 41
1 43
1 51
1 52
1 55
2 11
2 19
2 29
2 36
2 59
3 10
3 43
3 57
4 17
4 26
4 48
4 62
5 1
5 10
5 22
5 25
5 52
5 57
5 66
5 68
5 69
6 1
6 20
6 26
6 34
6 48
6 50
6 61
6 65
7 10
7 32
7 47
7 59
7 60
7 64
8 4
8 17
8 24
8 25
8 30
8 33
8 38
8 45
8 50
9 20
9 27
9 39
9 42
9 49
9 59
9 69
10 8
10 19
10 58
11 12
11 15
11 17
11 34
11 52
11 58
11 59
11 60
12 4
12 20
12 23
12 28
12 49
12 57
13 3
13 9
13 41
13 42
13 46
13 56
14 7
14 23
14 30
15 4
15 10
15 11
15 20
15 33
15 42
15 46
15 50
16 26
16 33
16 35
16 59
17 11
17 16
17 19
17 32
17 55
17 63
17 69
18 11
18 27
18 38
18 62
19 3
19 22
19 23
19 25
19 33
19 37
19 51
19 60
19 63
20 13
20 66
21 5
21 24
21 37
21 38
21 65
22 9
22 14
22 16
22 18
22 24
22 34
22 36
22 46
22 59
22 62
22 66
23 17
23 30
24 15
24 22
24 23
24 34
24 37
24 56
24 64
25 9
25 27
25 53
25 58
25 59
25 64
26 3
26 11
26 18
26 39
26 45
26 47
26 54
26 64
27 3
27 7
27 10
27 18
27 36
27 49
27 50
27 56
27 57
27 69
28 31
28 32
28 64
29 12
29 15
29 20
29 37
29 67
30 8
30 46
30 48
30 67
31 6
31 19
31 20
31 42
31 43
31 51
31 66
31 69
32 11
32 17
32 19
32 27
32 36
32 37
32 48
32 53
33 11
33 13
34 2
34 7
34 22
34 27
34 31
34 38
34 39
34 44
34 60
34 62
34 63
35 4
35 8
35 10
35 32
35 39
35 40
35 69
36 12
36 66
37 2
37 16
37 17
37 42
37 45
38 1
38 17
38 20
38 28
38 29
38 32
38 46
39 36
39 42
39 45
40 25
40 28
40 37
40 38
40 58
40 61
40 63
41 15
41 58
42 7
42 9
42 18
42 46
42 57
42 60
42 64
42 65
42 66
43 6
43 33
43 50
43 54
43 55
44 11
44 42
44 43
44 46
44 51
44 62
44 63
44 65
45 2
45 4
45 7
45 8
45 14
45 17
45 36
45 38
45 46
45 60
45 65
46 7
46 8
46 12
46 16
46 42
46 49
46 57
46 58
46 62
47 11
47 13
47 50
48 19
48 24
48 31
48 35
48 60
48 62
49 32
49 34
49 36
49 54
49 60
49 66
49 67
50 1
50 15
50 41
50 45
50 46
51 31
51 60
51 61
52 1
52 10
52 11
52 21
52 36
52 39
52 42
52 60
52 61
53 13
53 21
54 14
54 16
54 20
54 33
54 45
54 51
54 62
54 63
55 10
55 11
55 43
55 45
55 46
55 59
55 66
56 3
56 11
56 37
56 55
57 4
57 13
57 24
57 37
57 38
57 50
57 60
57 61
58 1
58 4
58 17
58 23
58 45
58 62
58 69
59 3
59 12
59 18
59 19
59 34
59 48
59 53
60 9
60 16
60 55
60 61
60 68
61 1
61 9
61 12
61 20
61 33
61 37
61 69
62 5
62 12
62 17
62 18
62 37
62 55
62 56
62 58
62 61
62 64
63 15
63 19
63 26
63 33
63 34
63 45
63 64
64 20
64 21
64 33
64 42
64 63
65 2
65 7
65 15
65 21
65 47
65 51
65 52
65 54
65 56
66 10
66 11
66 47
66 51
66 62
66 64
67 16
67 18
67 19
67 46
67 50
67 68
68 18
68 28
68 38
68 49
68 54
68 55
68 58
68 59
68 63
69 10
69 12
69 20
69 27
69 35
69 53
69 54
69 63
69 68
Loss 0 0 0 0 0 0 42 0 0 0 0 0 26 0 0 0 31 0 0 42 0 0 0 0 78 0 0 12 0 53 0 59 0 0 0 0 0 0 0 38 0 0 0 0 0 0 0 0 0 0 0 0 0 63 0 42 0 0 0 0 0 0 0 0 0 85 0 0 0 
