34 <--# of nodes, 115 edges
1 6
1 9
1 12
1 18
2 22
2 24
2 25
3 22
4 16
5 3
5 14
6 26
8 20
8 29
8 31
8 34
9 3
9 6
9 7
9 13
9 19
9 30
10 2
10 5
10 9
10 19
11 1
11 6
11 21
12 10
12 16
12 26
13 4
13 8
13 18
13 20
13 21
13 32
14 3
14 21
15 11
15 17
15 27
15 33
16 18
16 21
16 29
17 13
17 14
17 29
18 14
18 17
18 28
18 29
19 2
19 11
19 16
19 17
19 20
19 33
20 5
20 10
20 32
20 34
21 4
21 11
21 23
22 2
22 8
22 13
22 18
22 26
23 14
23 15
23 25
23 30
24 4
24 19
24 25
24 30
25 32
25 33
26 2
26 4
26 19
26 33
26 34
27 3
27 7
27 14
28 4
28 11
29 11
29 12
29 18
29 21
29 25
30 12
30 14
30 17
31 9
31 19
31 20
32 13
32 15
32 17
32 20
32 24
32 26
33 6
33 18
33 26
34 5
34 10
34 17
Loss 0 0 0 0 31 0 0 92 0 0 0 0 0 0 0 0 0 62 0 0 0 51 0 0 79 0 0 0 0 0 0 0 0 0 
