67 <--# of nodes, 427 edges
1 33
1 37
1 40
1 42
1 64
2 25
2 47
2 52
2 53
2 55
3 16
3 33
3 38
3 43
3 48
3 60
4 1
4 2
4 5
4 6
4 12
4 27
4 31
4 58
4 61
4 64
5 4
5 18
5 22
5 34
5 35
5 36
5 44
5 47
5 52
6 34
6 39
6 55
6 59
6 66
7 13
7 22
7 36
7 43
7 45
7 48
8 10
8 41
8 43
8 47
8 49
9 5
9 19
9 21
9 25
9 53
10 4
10 17
10 23
10 25
10 60
10 65
11 3
11 8
11 10
11 57
12 7
12 16
12 19
12 42
12 57
12 58
12 59
13 1
13 7
13 16
13 23
13 34
13 59
14 6
14 12
14 16
14 60
15 4
15 12
15 21
15 26
15 41
15 47
15 50
15 54
16 8
16 14
16 19
16 23
16 28
16 51
17 2
17 20
17 37
18 1
18 2
18 5
18 10
18 15
18 16
18 46
18 49
18 58
19 6
19 15
19 25
19 30
19 40
19 59
19 62
20 21
20 32
20 47
20 51
21 12
21 13
21 27
21 39
21 52
22 5
22 12
22 15
22 40
22 53
22 59
22 63
23 3
23 28
23 30
23 31
23 32
23 36
23 41
23 55
23 61
23 65
24 13
24 25
24 30
24 32
24 34
24 41
24 49
24 63
24 67
25 30
25 42
26 2
26 3
26 4
26 13
26 31
26 60
27 11
27 21
27 23
27 39
27 53
27 62
27 65
28 2
28 6
28 30
28 56
29 10
29 16
29 23
29 24
29 25
29 27
29 32
29 40
29 60
30 8
30 26
30 32
30 37
30 44
30 59
30 65
31 30
31 38
31 41
32 6
32 24
32 52
32 59
32 60
32 65
32 67
33 4
33 30
33 66
34 4
34 9
34 16
34 21
34 23
34 28
34 39
34 42
34 53
34 54
34 55
34 57
34 63
34 67
35 49
35 50
36 7
36 10
36 20
36 29
36 59
37 9
37 10
37 15
37 18
37 24
37 41
37 49
37 55
37 56
37 60
37 66
38 16
38 22
38 31
38 44
38 64
39 14
39 18
39 21
39 25
39 33
39 38
39 41
39 64
40 5
40 8
40 20
40 28
40 31
40 49
40 52
40 66
40 67
41 6
41 25
41 30
41 56
41 58
42 18
42 20
42 32
43 1
43 23
43 47
44 8
44 25
44 36
44 48
44 54
44 59
45 25
45 39
45 48
45 53
45 54
45 66
46 9
46 13
46 15
46 22
46 27
46 31
46 32
46 35
46 41
46 52
46 54
46 56
47 1
47 13
47 16
47 26
47 29
47 31
47 36
47 49
47 52
47 53
47 61
47 65
48 21
48 51
48 52
49 4
49 20
49 27
49 33
49 42
49 50
49 62
50 9
50 21
50 24
50 27
50 32
50 43
51 8
51 24
51 25
52 16
52 17
52 37
52 56
52 57
52 61
53 6
53 21
53 25
53 33
53 41
54 22
54 23
54 25
54 33
54 43
54 46
54 58
54 62
54 65
55 3
55 9
55 12
55 21
55 27
55 39
55 40
55 53
55 62
55 63
55 64
56 8
56 9
56 11
56 13
56 28
56 31
56 44
56 55
56 58
56 66
57 22
57 35
57 54
57 61
57 64
58 3
58 18
58 27
58 28
58 29
58 35
58 38
58 60
59 11
59 32
60 1
60 5
60 8
60 40
60 43
60 45
60 46
60 58
61 3
61 20
61 50
62 4
62 7
62 20
62 24
62 29
62 30
62 38
62 47
62 63
63 7
63 12
63 14
63 34
63 45
63 60
63 65
63 67
64 1
64 12
64 42
64 67
65 5
65 10
65 25
65 26
65 35
65 38
66 7
66 17
66 24
66 30
66 35
66 41
66 42
66 64
67 10
67 11
67 21
67 22
67 33
67 48
Loss 0 0 26 0 0 0 0 0 4 13 0 0 0 0 0 0 0 0 0 0 0 16 0 0 87 0 0 0 0 0 0 0 0 0 0 0 0 0 0 0 54 0 0 0 0 56 47 0 79 0 0 65 0 0 0 0 0 0 0 0 62 0 0 0 0 0 0 
