48 <--# of nodes, 213 edges
1 28
2 3
2 22
2 32
2 36
2 40
2 42
2 48
3 22
3 29
4 15
4 41
4 44
5 9
5 16
5 26
5 34
6 8
6 24
6 33
6 42
7 10
7 16
8 4
8 9
8 15
8 35
8 39
8 46
9 18
9 32
9 36
9 47
10 8
10 11
10 19
10 23
10 26
10 48
11 23
11 32
11 40
11 45
12 9
12 16
12 18
12 19
12 35
13 10
13 33
13 48
14 4
14 9
14 19
14 20
14 38
14 40
15 4
15 6
15 23
15 35
15 36
15 39
15 42
16 1
16 17
16 45
17 13
17 15
17 25
17 31
17 38
17 40
17 48
18 1
18 9
18 14
18 24
18 35
18 40
19 16
19 25
19 43
20 10
20 14
20 21
20 36
21 3
21 12
21 29
21 39
21 41
21 46
21 48
22 1
22 9
22 12
22 15
22 27
22 36
22 41
23 1
23 37
24 8
24 9
24 10
24 17
24 18
24 30
24 32
24 36
25 9
25 11
25 13
26 8
26 27
26 31
26 35
27 7
27 8
27 23
27 45
28 13
28 14
28 22
28 36
29 2
29 5
29 7
29 28
29 33
30 26
30 47
31 6
31 11
31 14
31 22
31 28
32 18
32 25
32 41
32 42
33 10
33 11
33 23
33 28
33 37
34 1
34 12
34 20
34 37
35 1
35 13
35 23
35 28
36 5
36 9
36 27
36 28
36 30
36 32
36 44
37 3
37 6
37 12
37 17
37 18
37 36
38 26
38 37
39 9
39 41
39 48
40 3
40 10
40 32
41 15
41 33
41 34
42 3
42 13
42 32
42 39
42 46
43 15
43 22
43 23
43 27
43 34
44 19
44 45
45 8
45 17
45 21
45 23
45 26
45 30
45 40
45 41
46 10
46 23
47 2
47 10
47 32
47 38
48 1
48 3
48 18
48 27
48 38
48 40
48 41
48 42
Loss 0 0 0 62 0 83 0 29 0 0 0 0 92 0 0 0 0 0 0 0 0 0 70 0 0 0 0 0 0 0 0 82 0 0 0 0 0 0 0 0 0 0 23 0 0 46 36 0 
