45 <--# of nodes, 183 edges
1 36
1 42
2 25
2 41
2 45
3 19
3 20
3 26
4 25
4 35
4 41
5 1
5 6
5 25
5 31
5 37
5 42
6 3
6 4
6 7
6 10
7 17
7 28
7 35
7 38
7 39
8 20
8 27
8 38
8 40
9 6
9 24
9 41
10 7
10 17
10 20
10 23
10 31
10 38
10 40
11 9
11 17
11 21
11 38
12 25
12 30
12 37
12 39
12 45
14 20
14 33
14 36
15 6
15 19
15 29
15 36
16 6
16 37
17 13
17 15
17 22
17 37
17 38
18 17
18 29
18 32
18 34
18 44
19 7
19 33
19 38
20 4
20 8
20 15
20 32
21 4
21 33
22 7
22 17
22 20
22 30
22 38
23 19
23 24
23 30
23 32
23 33
23 35
23 44
24 3
24 15
24 26
24 30
24 31
24 32
25 3
25 24
25 34
25 40
25 41
26 36
26 41
26 43
26 44
27 6
27 16
27 19
27 28
27 30
27 39
28 9
28 16
28 19
28 29
28 38
28 44
29 19
29 23
29 41
29 42
30 5
30 11
30 12
31 1
31 5
31 37
31 40
31 41
32 12
32 14
32 35
32 45
33 3
33 8
33 17
33 21
33 26
34 5
34 8
34 12
34 13
34 20
34 25
35 1
35 3
35 14
35 21
36 4
36 21
36 25
36 34
37 1
37 12
37 13
37 42
38 25
39 1
39 5
39 10
39 31
40 9
40 24
41 17
41 40
42 3
42 12
42 38
43 3
43 5
43 15
44 3
44 6
44 22
44 29
44 30
44 31
44 33
44 38
44 40
44 42
44 43
45 1
45 20
Loss 0 0 0 0 77 0 0 44 0 43 0 74 50 0 0 0 0 72 0 92 0 0 1 0 0 0 33 0 0 0 0 0 63 0 0 0 0 0 0 11 0 0 0 0 0 
