56 <--# of nodes, 303 edges
1 14
1 15
1 17
1 18
1 26
1 34
1 36
1 39
1 43
1 52
2 3
2 4
2 7
2 10
2 21
2 22
2 25
2 28
2 45
3 13
3 24
3 31
3 52
4 12
4 24
4 34
4 35
4 36
4 44
5 6
5 16
5 22
5 26
5 30
5 47
6 22
6 25
6 38
6 49
6 54
7 13
7 27
7 47
7 49
8 22
8 24
8 33
8 42
8 52
9 18
9 27
9 28
9 29
9 36
9 44
10 2
10 23
10 26
10 38
10 42
10 52
11 3
11 5
11 34
11 43
11 49
12 10
12 16
12 17
12 28
12 30
12 44
12 53
13 5
13 6
13 12
13 20
13 31
13 37
14 2
14 25
15 1
15 51
15 53
15 56
16 2
16 18
16 31
16 32
16 36
16 40
16 44
17 8
17 25
17 49
17 51
18 6
18 22
18 32
18 34
18 45
18 49
19 11
19 37
19 49
20 16
20 27
20 33
20 34
21 24
21 25
21 30
21 35
22 11
22 12
22 16
22 19
22 26
22 28
22 43
22 45
22 49
22 50
23 18
23 48
23 50
24 19
24 22
24 25
25 24
25 31
25 40
25 52
26 1
26 13
26 14
26 31
26 32
27 15
27 26
27 41
27 50
28 13
28 14
28 25
28 30
28 31
28 42
28 51
29 2
29 13
29 32
29 37
30 4
30 14
30 26
30 27
30 29
30 35
30 41
31 17
31 18
31 21
31 55
32 21
32 27
32 42
32 44
33 12
33 14
33 22
33 50
33 54
33 56
35 16
35 17
35 19
35 25
35 39
35 42
35 55
36 18
36 19
36 27
36 30
36 37
36 44
37 1
37 11
37 16
37 17
37 30
37 50
38 3
38 11
38 24
38 25
38 31
39 9
39 43
39 45
39 47
39 51
39 56
40 4
40 7
40 10
40 39
40 47
41 6
41 10
41 29
41 32
41 44
41 45
41 47
42 1
42 12
42 19
42 21
43 8
43 14
43 16
43 18
43 25
43 39
44 14
44 21
44 23
44 43
44 45
45 7
45 11
45 21
45 30
45 32
45 41
45 47
46 14
46 26
46 34
46 44
46 51
46 53
47 10
47 15
47 29
47 30
47 40
47 43
48 33
48 34
48 43
48 54
49 13
49 41
49 50
50 4
50 9
50 15
50 18
50 20
50 26
50 46
50 55
51 1
51 13
51 28
51 36
51 37
51 40
51 52
51 54
52 2
52 3
52 5
52 22
52 31
52 36
52 37
53 1
53 5
53 19
53 23
53 35
53 36
53 49
54 10
54 20
54 24
54 32
54 52
55 16
55 24
55 27
55 32
55 35
55 53
56 26
56 34
56 42
56 43
56 52
Loss 0 0 0 0 0 18 0 0 0 0 0 0 0 0 0 0 0 0 15 2 0 0 0 0 0 0 0 0 0 0 0 19 0 53 0 0 0 0 85 82 0 0 0 0 15 0 0 0 0 35 0 0 0 45 90 0 
