47 <--# of nodes, 225 edges
1 14
2 29
2 31
3 11
3 28
3 34
3 47
4 20
4 21
5 4
5 6
5 9
5 11
5 28
5 31
5 33
5 34
5 39
5 45
6 22
6 27
6 29
6 44
7 6
7 19
8 16
8 17
8 19
8 40
9 3
9 4
9 26
9 30
10 2
10 24
10 35
10 38
11 5
11 30
12 2
12 4
12 10
12 18
12 19
12 21
12 26
12 27
12 37
13 22
13 31
13 32
13 47
14 3
14 4
14 6
14 39
14 43
15 16
15 19
15 25
15 30
15 31
15 35
15 46
16 5
16 8
16 11
16 41
17 3
17 40
17 41
18 1
18 13
18 19
18 35
19 2
19 3
19 24
19 33
19 43
20 1
20 36
20 40
21 5
21 6
21 10
21 18
21 30
22 3
22 19
22 34
22 35
23 2
23 3
23 12
23 13
23 16
23 35
24 1
24 2
24 3
24 21
24 22
24 32
24 46
24 47
25 10
25 26
25 28
25 32
25 38
26 15
26 16
26 29
26 46
27 1
27 13
27 28
27 35
27 41
27 44
28 1
28 3
28 5
28 8
28 14
28 32
28 35
28 46
29 4
29 6
29 18
29 26
29 36
29 47
30 1
30 24
30 36
30 40
30 41
30 44
31 1
31 8
31 23
31 24
31 47
32 19
32 24
32 25
32 27
32 38
33 18
33 21
33 38
34 3
34 15
34 19
34 22
34 37
34 40
34 42
34 47
35 5
35 12
35 17
35 20
35 47
36 9
36 12
36 20
36 27
36 30
36 32
36 37
37 4
37 9
37 46
38 3
38 5
38 8
38 11
38 28
38 32
38 45
39 11
39 24
39 29
39 30
39 40
39 45
40 10
40 29
40 36
40 46
41 6
41 15
41 21
41 32
42 8
42 13
42 15
42 22
42 27
43 1
43 6
43 28
43 34
43 38
43 41
43 45
43 46
44 1
44 32
44 34
44 37
44 41
45 20
45 23
46 18
46 26
46 35
46 41
47 11
47 23
47 32
Loss 0 0 0 0 0 0 0 0 0 0 0 0 0 57 0 0 0 0 52 0 0 0 0 0 0 0 0 0 84 0 0 0 48 0 0 0 0 0 0 0 0 0 0 0 0 0 0 
