61 <--# of nodes, 337 edges
1 2
1 6
1 16
1 27
2 6
2 18
2 26
2 27
2 37
2 41
2 44
2 57
2 60
3 19
3 25
3 35
3 43
4 18
4 43
5 19
5 27
5 28
5 30
5 33
5 47
5 52
6 26
7 26
7 37
7 48
8 3
8 7
8 21
8 34
8 38
8 47
8 48
9 4
9 13
9 15
9 27
9 30
9 31
10 1
10 16
10 24
10 26
10 28
10 32
10 54
10 55
10 59
11 4
11 13
11 28
11 42
11 47
11 53
11 55
11 60
11 61
12 23
12 31
12 45
12 51
13 49
13 60
14 2
14 46
14 47
14 53
15 14
15 61
16 1
16 8
16 17
16 19
16 43
16 46
16 49
16 52
17 2
17 5
17 12
17 34
17 44
17 59
18 49
18 53
19 9
19 14
19 16
19 24
19 31
19 39
19 45
19 49
19 59
20 5
20 7
20 19
20 36
20 60
21 23
21 27
21 31
21 45
21 59
22 20
22 25
22 27
22 30
22 31
22 40
22 45
23 31
23 48
23 50
23 56
24 14
24 42
24 44
24 47
25 12
25 14
25 16
25 19
25 20
25 21
25 38
26 10
26 24
26 52
26 55
27 1
27 4
27 7
27 14
27 44
27 56
27 57
27 58
27 61
28 1
28 15
28 43
28 52
29 23
29 25
29 47
30 2
30 11
30 12
30 17
30 27
30 33
30 34
30 38
30 40
30 42
30 44
30 60
31 12
31 14
31 39
31 40
31 55
31 58
32 4
32 5
32 7
32 36
32 39
32 40
32 42
32 46
32 49
32 51
32 57
33 8
33 9
33 29
33 46
33 49
33 59
34 5
34 7
34 36
34 37
35 10
35 18
35 46
35 57
36 8
36 14
36 26
36 27
36 44
36 61
37 10
37 14
37 18
37 40
37 45
37 55
38 3
38 4
38 24
38 40
38 41
38 55
39 2
39 4
39 9
39 38
39 45
39 49
39 53
39 54
40 1
40 19
40 34
41 1
41 2
41 10
41 15
41 53
42 3
42 13
42 23
42 28
42 36
42 37
42 48
43 11
43 17
43 35
43 47
44 13
44 28
44 30
44 38
44 41
44 43
44 49
44 54
44 58
44 61
45 2
45 8
45 9
45 10
45 27
45 31
45 43
45 52
46 3
46 19
46 30
46 35
46 45
46 54
47 23
47 43
47 48
47 61
48 21
48 53
49 3
49 18
49 25
49 35
49 57
50 5
50 9
50 22
50 29
50 39
50 40
50 48
51 11
51 26
51 29
51 37
51 47
51 49
51 60
52 12
52 33
52 35
52 56
53 15
53 24
53 25
53 35
54 35
54 46
54 47
54 56
55 3
55 7
55 9
55 12
55 24
55 57
55 58
56 11
56 14
56 19
56 22
56 54
57 27
57 38
57 49
58 5
58 11
58 13
58 24
58 37
58 41
58 60
59 13
59 22
59 24
59 30
59 42
59 45
59 49
60 10
60 32
60 44
60 46
61 15
61 19
61 21
61 23
61 38
Loss 0 0 0 14 17 0 0 0 0 0 0 0 0 0 0 0 0 0 0 0 0 0 87 0 34 0 0 0 0 0 0 0 0 0 0 46 83 0 0 38 0 0 0 0 0 79 0 0 0 0 0 0 0 0 0 0 8 55 0 0 42 
