45 <--# of nodes, 211 edges
1 2
1 11
1 16
1 17
1 24
1 35
1 40
2 19
2 25
3 7
3 14
3 16
3 18
3 20
3 24
3 32
3 39
4 7
4 10
4 12
4 16
4 19
4 30
4 45
5 1
5 11
5 13
5 16
5 33
5 37
5 41
5 44
6 13
6 14
6 31
6 33
6 36
7 4
7 10
7 11
7 12
7 22
7 34
7 43
8 4
8 14
8 17
8 23
8 24
8 28
8 29
8 41
9 4
9 15
9 31
10 3
10 25
10 43
11 3
11 19
11 25
11 37
11 44
12 25
12 31
12 36
12 37
13 11
13 12
13 14
13 45
14 2
14 13
14 22
14 23
14 24
14 44
15 1
15 5
15 6
15 40
16 3
16 6
16 10
16 22
16 24
16 35
17 2
17 9
18 1
18 10
18 11
18 16
18 25
18 32
18 36
19 14
19 27
19 28
19 31
19 43
20 2
20 5
20 10
20 41
20 45
21 9
21 16
21 31
21 34
22 11
22 14
22 18
22 28
22 29
23 21
23 28
23 43
24 18
24 27
25 16
25 19
25 43
26 8
26 19
26 35
26 45
27 1
27 14
27 15
27 17
27 42
28 4
28 19
28 34
28 41
28 42
29 1
29 4
29 5
29 12
29 24
29 35
30 5
30 14
30 17
30 29
31 2
31 6
31 10
31 16
31 19
31 30
31 32
32 13
32 30
32 35
33 10
33 20
33 26
33 32
33 38
33 44
34 1
34 22
34 24
34 35
34 36
34 41
35 8
35 40
36 13
36 38
36 43
37 8
37 20
37 31
38 28
39 5
39 10
39 16
39 33
39 44
40 33
40 37
41 6
41 12
41 19
41 22
41 36
41 45
42 3
42 13
42 18
42 38
43 3
43 17
43 19
43 21
43 42
44 5
44 9
44 10
44 14
44 20
44 28
44 35
44 40
44 42
45 17
45 23
Loss 0 0 95 0 0 0 0 0 0 0 0 0 0 0 0 0 10 85 0 0 0 0 0 0 0 0 77 25 0 0 0 51 0 0 0 0 75 0 69 36 0 0 0 0 0 
