69 <--# of nodes, 463 edges
1 11
1 13
1 33
1 49
1 55
1 58
1 63
1 65
2 1
2 24
2 40
2 58
3 17
3 20
3 25
3 50
3 58
4 51
4 58
4 68
5 9
5 11
5 35
5 41
5 56
5 57
5 62
6 5
6 13
6 17
6 18
6 30
6 38
6 42
6 46
6 67
7 5
7 11
7 16
7 43
7 57
7 64
7 68
8 4
8 17
8 22
8 41
8 42
8 48
8 49
8 51
8 65
9 8
9 28
9 32
9 34
9 42
9 46
9 54
10 18
10 26
10 28
10 39
10 40
10 64
11 17
11 23
11 29
11 34
11 39
11 53
11 61
11 63
11 67
12 17
12 29
12 34
12 39
12 42
12 43
12 64
12 67
12 69
13 1
13 7
13 11
13 26
13 30
13 31
13 32
13 38
14 1
14 15
14 24
14 32
14 34
15 7
15 25
15 28
15 39
15 57
16 3
16 18
16 26
16 27
16 38
16 39
16 41
16 57
16 64
16 67
17 12
17 16
17 32
17 60
17 61
17 69
18 25
18 35
18 37
18 40
18 47
18 48
19 3
19 5
19 9
19 10
19 12
19 27
19 30
19 37
19 46
19 68
20 18
20 31
20 33
20 44
20 51
20 60
20 66
21 3
21 9
21 10
21 15
21 33
21 37
21 48
21 52
21 57
22 14
22 17
22 28
22 30
22 40
22 45
22 59
22 64
22 65
23 7
23 11
23 17
23 41
23 43
23 67
24 13
24 14
24 25
24 35
24 41
24 55
24 62
25 7
25 11
25 23
25 30
25 59
26 1
26 20
26 25
26 42
26 46
26 61
27 23
27 28
28 19
28 23
28 42
28 61
28 67
29 2
29 23
29 28
29 41
29 55
29 57
29 62
30 28
30 34
30 52
30 60
30 65
31 5
31 18
31 24
31 48
31 65
32 39
32 44
32 55
32 65
32 68
33 26
33 59
33 64
34 3
34 11
34 28
34 30
34 37
34 52
34 56
34 57
34 63
34 66
35 10
35 15
35 18
35 30
35 53
36 10
36 15
36 24
36 68
37 3
37 4
37 23
37 36
37 44
37 58
38 7
38 18
38 33
38 44
38 46
38 48
38 55
38 56
39 1
39 5
39 15
39 17
39 27
39 41
39 49
39 58
40 1
40 6
40 8
40 32
40 35
40 50
40 61
40 67
41 2
41 6
41 12
41 38
41 47
41 56
41 66
42 4
42 18
42 27
42 36
42 50
42 58
42 59
42 63
42 66
42 67
43 5
43 10
43 13
43 15
43 37
43 40
43 48
44 9
44 15
44 16
44 35
44 60
45 1
45 3
45 22
45 30
45 44
45 54
45 66
45 67
46 22
46 30
46 40
46 49
46 50
46 57
46 59
47 1
47 2
47 35
47 44
47 51
47 52
47 54
47 55
47 67
48 3
48 6
48 12
48 20
48 28
48 31
49 3
49 4
49 25
49 44
49 50
49 57
49 61
50 22
50 30
50 33
50 34
50 36
50 41
50 46
50 48
50 53
50 61
50 65
51 1
51 13
51 35
51 47
51 49
51 62
52 10
52 25
52 41
52 46
52 47
52 53
52 57
53 4
53 6
53 13
53 20
53 29
53 56
53 60
53 62
53 65
54 9
54 30
54 52
55 4
55 12
55 15
55 17
55 24
55 25
55 48
55 58
55 64
56 9
56 26
56 32
56 42
56 51
56 65
57 9
57 12
57 13
57 17
57 38
58 2
58 29
58 34
58 35
58 38
58 40
58 56
58 65
59 5
59 24
59 25
59 36
59 47
59 51
59 55
59 65
59 69
60 1
60 35
61 4
61 5
61 12
61 23
61 25
61 39
61 43
61 50
61 66
61 69
62 6
62 11
62 23
62 43
62 49
62 68
63 9
63 28
63 29
63 55
63 56
63 57
64 29
64 31
64 33
64 52
65 10
65 40
65 46
65 47
65 56
66 16
66 21
66 24
66 37
66 42
66 53
66 67
67 8
67 11
67 22
67 27
67 30
67 38
67 39
67 63
68 2
68 12
68 16
68 25
68 41
68 45
68 50
69 10
69 18
69 44
69 56
69 61
69 66
Loss 0 0 0 0 66 0 0 32 0 0 88 0 0 0 29 0 31 21 0 0 0 0 0 7 0 0 0 0 0 0 73 0 0 0 0 0 0 0 0 99 0 0 32 4 41 0 93 0 0 68 0 0 0 0 0 0 0 0 0 0 0 0 0 0 0 0 0 11 0 
