26 <--# of nodes, 74 edges
1 3
3 4
3 8
3 10
4 1
4 3
4 8
5 22
6 12
6 14
6 19
6 24
6 25
7 4
7 6
7 8
7 15
7 16
8 24
8 25
9 4
9 5
10 21
10 26
11 13
11 15
11 21
11 23
11 26
12 22
12 23
13 1
13 9
13 10
13 15
13 16
13 21
14 6
14 23
16 2
16 9
16 15
17 9
18 5
18 8
18 10
18 22
19 12
19 18
20 9
20 18
20 21
21 6
21 10
21 11
21 14
21 15
21 17
21 20
22 9
23 1
23 8
23 9
23 11
23 15
23 16
24 19
25 1
25 10
25 13
25 22
26 11
26 14
26 17
Loss 0 0 0 0 0 96 0 0 0 0 0 0 51 0 0 7 0 0 31 0 0 54 0 0 0 0 
