51 <--# of nodes, 232 edges
1 4
1 20
1 24
1 27
1 28
1 36
1 42
1 47
2 11
2 25
2 42
2 51
3 9
3 12
3 20
3 21
3 24
3 28
3 41
3 45
4 41
4 45
4 47
5 14
5 17
5 20
5 28
6 17
6 31
6 40
7 17
7 28
7 38
7 41
8 6
8 29
8 30
8 37
8 49
9 15
9 16
9 39
9 41
9 49
10 7
10 9
10 12
10 21
10 24
10 28
10 31
10 35
10 47
11 4
11 13
11 18
11 20
11 23
11 36
11 39
11 42
11 45
12 17
12 26
12 41
13 26
13 38
14 3
14 21
14 31
14 36
14 47
14 51
15 11
15 29
15 32
15 35
16 5
16 9
16 20
16 23
16 38
16 41
16 49
17 10
17 11
17 14
17 27
17 48
17 50
17 51
18 24
18 28
18 31
18 48
19 12
19 23
19 35
19 48
19 49
20 4
20 37
20 41
20 50
21 3
21 9
21 11
21 17
21 23
21 27
21 32
21 37
21 41
22 10
22 14
22 27
23 9
23 12
24 8
24 11
24 12
24 34
24 40
25 12
25 36
25 37
25 41
25 47
26 14
26 15
26 20
26 28
26 29
26 47
27 14
27 49
28 12
28 14
28 38
28 43
29 22
30 24
30 36
30 51
31 6
31 13
31 20
31 40
31 48
31 50
32 5
32 6
32 8
32 9
32 35
32 43
33 8
33 10
33 15
33 23
33 25
33 26
33 43
33 48
34 14
34 32
35 11
35 41
36 5
36 6
36 11
36 13
36 49
37 42
38 9
38 12
38 19
38 32
38 45
38 48
39 23
39 28
39 33
40 6
40 20
40 28
40 35
40 36
41 16
41 31
41 38
42 13
42 41
42 45
42 50
43 19
43 26
43 29
43 51
44 8
44 26
44 39
44 40
45 40
45 42
46 8
46 48
47 38
47 48
48 8
48 10
48 12
48 22
48 34
48 41
48 51
49 16
49 42
50 16
50 25
50 35
50 37
50 39
50 43
51 2
51 3
51 9
51 12
51 19
51 25
51 27
51 40
Loss 0 0 25 0 60 14 0 0 0 0 27 0 0 60 0 0 0 0 0 0 23 0 0 0 0 0 0 18 50 0 0 0 0 7 89 33 0 0 0 0 0 39 0 0 0 0 0 0 0 0 31 
