45 <--# of nodes, 208 edges
1 11
1 14
1 16
1 27
2 3
2 6
2 26
2 30
2 44
3 29
3 36
3 42
4 7
4 8
4 16
4 23
5 11
5 23
5 26
5 36
5 41
6 8
6 11
6 17
6 20
7 29
7 34
7 37
8 4
8 16
8 19
8 35
8 39
9 2
9 5
9 20
9 26
9 27
9 36
10 19
10 21
10 34
10 42
11 6
11 14
11 15
11 31
11 40
12 13
12 15
13 7
13 22
13 26
13 32
13 38
13 42
13 44
13 45
14 20
14 26
14 34
14 44
15 6
15 9
15 12
15 14
15 43
16 6
16 13
16 21
16 26
17 3
17 19
17 27
17 36
17 44
18 8
18 15
18 16
18 41
19 15
19 33
20 1
20 16
20 31
20 32
20 33
21 7
21 8
21 26
21 27
21 29
21 32
22 24
22 27
22 38
23 17
23 38
23 39
23 43
24 27
24 30
25 8
25 15
25 26
26 3
26 9
26 15
26 25
27 3
27 5
27 16
27 23
27 41
28 3
28 17
28 19
28 29
29 6
29 14
29 19
29 32
29 38
30 12
30 23
30 36
30 37
30 39
30 44
31 2
31 11
31 12
31 22
31 23
31 30
31 36
31 40
31 45
32 23
32 24
32 25
32 44
33 15
33 20
33 40
33 44
34 2
34 15
34 21
34 24
34 33
35 2
35 6
35 17
35 19
35 20
35 37
35 45
36 1
36 9
36 21
36 27
36 30
36 44
37 22
37 26
37 29
38 3
38 8
38 22
38 39
39 4
39 7
39 9
39 26
39 30
39 33
40 3
40 9
40 11
40 24
40 25
40 28
41 1
41 11
41 19
41 20
41 24
41 26
41 34
42 8
42 27
42 38
43 4
43 8
44 10
44 20
44 22
44 24
44 25
45 1
45 2
45 15
45 23
45 28
45 32
45 35
45 37
Loss 0 87 0 0 0 0 0 0 44 0 0 20 0 0 0 0 0 0 0 0 0 0 0 0 72 0 0 5 78 0 0 0 0 0 0 0 0 0 0 86 0 0 0 0 0 
