32 <--# of nodes, 105 edges
1 17
1 24
1 30
2 4
2 6
2 16
2 18
2 32
3 9
3 18
3 19
3 24
4 6
4 8
4 13
4 15
4 23
5 2
5 17
5 20
5 21
6 3
6 4
6 5
7 3
7 20
9 5
9 6
9 12
9 14
9 30
10 2
10 26
11 18
12 8
12 17
12 19
13 2
13 5
13 12
14 1
14 9
14 19
14 23
15 2
15 7
15 9
15 17
15 19
15 24
15 29
16 7
17 21
17 24
17 29
17 31
18 4
18 8
18 12
18 25
19 4
19 7
19 12
19 20
19 27
20 10
20 29
21 17
21 19
21 22
21 27
22 6
22 17
22 29
23 6
23 8
23 9
23 20
23 27
24 32
25 5
25 11
25 21
26 24
27 14
27 19
27 21
28 1
28 3
28 7
28 26
29 18
30 3
30 11
30 14
30 17
30 25
30 26
30 29
31 7
31 17
31 25
32 3
32 6
32 28
Loss 0 0 0 0 0 0 70 0 0 0 0 0 0 0 0 0 0 0 0 50 0 1 0 0 0 0 0 0 0 0 0 0 
