59 <--# of nodes, 342 edges
1 10
1 13
1 15
1 18
1 19
1 25
1 28
1 57
2 14
2 17
2 31
2 45
2 48
2 55
3 10
3 23
3 31
3 35
3 36
3 45
3 46
3 52
3 54
3 55
3 58
4 21
4 28
4 34
4 37
4 53
5 2
5 9
5 16
5 43
5 44
6 20
6 22
6 24
6 30
6 34
6 45
7 9
7 17
7 31
7 42
7 45
7 48
8 3
8 4
8 9
8 29
8 36
8 43
8 50
8 54
9 33
9 45
9 52
9 56
10 2
10 6
10 12
10 15
10 20
10 23
10 34
10 49
10 52
10 54
10 58
11 2
11 8
11 42
12 25
12 27
12 29
12 31
12 37
12 39
12 41
12 50
13 11
13 19
13 33
13 44
13 51
14 6
14 7
14 20
14 43
14 49
14 52
15 11
15 22
15 31
15 32
15 46
15 52
16 12
16 27
16 33
17 20
17 23
17 57
18 4
18 9
18 26
18 50
18 56
19 13
19 22
19 25
19 27
19 30
19 35
19 36
19 57
20 7
20 22
20 32
20 35
20 38
20 40
20 42
20 52
21 12
21 13
21 40
21 47
21 50
22 27
22 29
22 44
22 48
22 59
23 38
23 45
24 28
24 29
24 30
24 32
24 35
24 48
24 58
25 4
25 10
25 15
25 36
25 56
25 59
26 22
26 23
26 25
27 5
27 11
27 15
27 17
27 40
27 42
28 7
28 15
28 18
28 19
28 32
28 33
28 59
29 15
29 18
29 43
29 48
29 52
30 5
30 31
30 37
30 39
31 11
31 14
31 27
31 40
32 6
32 19
32 25
32 29
33 1
33 10
33 14
33 22
33 27
33 37
33 49
34 12
34 13
34 25
34 33
34 43
34 46
34 51
34 55
34 57
35 6
35 8
35 32
35 37
35 42
35 55
36 8
36 16
36 23
36 33
36 35
36 40
36 50
36 59
37 7
37 23
37 29
37 52
37 56
38 20
38 29
38 33
38 46
39 11
39 23
39 37
39 47
39 53
39 55
39 57
40 2
40 11
40 12
40 38
40 43
40 53
40 58
41 7
41 17
41 26
41 33
41 43
41 48
41 58
42 27
42 44
42 46
42 50
42 59
43 22
43 25
43 35
43 42
43 56
44 1
44 12
44 17
44 29
44 59
45 1
45 13
45 19
45 22
45 51
45 57
46 7
46 16
46 23
46 26
46 31
46 35
46 38
46 54
46 59
47 1
47 13
47 15
47 20
47 26
47 38
47 51
48 8
48 20
48 42
48 46
49 15
49 42
49 55
50 8
50 23
50 46
50 53
50 59
51 5
51 18
51 53
51 59
52 17
52 30
52 44
53 1
53 19
53 22
53 27
53 36
53 41
53 51
53 57
53 58
54 7
54 10
54 11
54 18
54 24
54 26
55 9
55 23
55 32
55 40
55 42
55 47
55 58
56 10
56 23
56 27
56 33
56 38
56 40
57 3
57 9
57 11
57 13
57 15
57 41
57 49
58 18
58 21
58 25
58 50
58 53
59 30
59 46
59 48
Loss 0 0 0 0 0 0 13 0 0 0 0 0 0 0 0 73 0 0 0 0 0 0 0 0 0 0 0 0 32 16 0 0 0 77 0 0 0 0 0 54 0 0 0 0 0 0 0 74 0 0 0 0 0 37 0 0 0 6 0 
