70 <--# of nodes, 479 edges
1 7
1 10
1 12
1 17
1 27
1 30
1 37
1 46
1 52
1 66
2 11
2 17
2 20
2 36
2 43
2 45
2 60
3 22
3 39
3 40
3 41
3 44
4 7
4 8
4 29
4 39
4 40
4 56
5 9
5 28
5 41
5 58
5 65
5 67
6 5
6 8
6 20
6 25
6 28
6 31
6 36
6 65
7 4
7 9
7 11
7 13
7 34
7 38
8 9
8 11
8 21
8 39
8 41
9 1
9 5
9 22
9 35
9 55
9 58
9 62
9 69
9 70
10 1
10 28
10 39
10 44
10 48
10 49
10 56
11 1
11 2
11 23
11 26
11 48
11 59
11 64
11 68
12 3
12 8
12 10
12 20
12 31
12 51
12 53
12 56
12 65
12 66
12 69
13 11
13 21
13 40
13 57
13 69
14 6
14 16
14 42
14 43
14 61
14 66
15 3
15 11
15 25
15 29
15 32
15 33
15 48
16 7
16 12
16 22
16 25
16 39
16 46
16 51
16 65
17 7
17 8
17 10
17 13
17 22
17 25
17 31
17 54
18 26
18 36
18 40
18 42
18 45
18 49
19 8
19 17
19 25
19 46
19 52
19 62
19 64
19 70
20 1
20 16
20 22
20 33
20 48
20 61
21 15
21 39
21 62
22 21
22 27
22 28
22 38
22 41
22 69
23 3
23 19
23 25
23 31
23 39
23 43
23 58
23 63
24 1
24 11
24 29
24 35
24 38
24 42
24 45
24 52
24 63
25 15
25 27
25 30
25 61
25 62
25 66
25 69
26 14
26 34
26 39
26 45
26 53
26 57
26 70
27 5
27 16
27 23
27 25
27 55
27 57
27 70
28 12
28 13
29 6
29 8
29 9
29 16
29 18
29 21
29 26
29 37
29 41
29 43
29 48
29 64
29 70
30 1
30 7
30 17
30 19
30 22
30 23
30 34
30 42
30 49
30 52
30 59
30 66
31 4
31 37
31 40
31 47
31 53
31 54
31 60
31 62
31 69
31 70
32 7
32 9
32 34
32 51
32 57
33 8
33 9
33 22
33 30
33 35
33 37
33 65
33 68
33 69
34 14
34 20
34 26
34 29
34 53
34 64
34 66
34 69
35 1
35 48
35 50
35 51
35 57
35 61
35 68
36 3
36 18
36 31
36 56
36 64
37 1
37 15
37 19
37 27
38 16
38 20
38 21
38 31
38 36
38 42
38 44
38 62
39 28
39 31
39 33
39 35
40 27
40 35
40 56
40 58
40 68
41 11
41 27
41 29
41 30
41 34
41 51
41 52
41 58
41 64
41 66
42 3
42 41
42 47
42 52
42 54
42 61
42 63
42 67
43 12
43 15
43 34
43 39
43 57
44 1
44 2
44 33
44 35
44 41
44 64
45 7
45 11
45 13
45 29
45 51
45 60
46 10
46 16
46 36
46 41
46 52
46 54
46 60
46 69
47 3
47 5
47 13
47 18
47 19
47 22
47 24
47 28
47 32
47 63
47 68
48 7
48 24
48 43
49 24
49 27
49 54
49 56
49 68
50 2
50 4
50 25
50 26
50 52
50 54
50 60
50 61
50 67
51 17
51 29
51 36
51 39
51 40
51 67
51 69
52 6
52 11
52 24
52 26
52 34
52 35
52 42
52 56
52 62
52 64
53 9
53 12
53 15
53 18
54 21
54 32
54 35
55 9
55 14
55 45
55 50
55 68
56 4
56 16
56 27
56 28
56 31
56 50
56 59
57 8
57 19
57 20
57 33
57 40
57 42
57 62
57 64
57 67
57 70
58 3
58 6
58 8
58 35
58 42
58 43
58 50
58 52
58 55
58 57
58 68
59 35
59 41
59 63
59 64
59 69
60 15
60 37
60 41
60 52
61 12
61 14
61 26
61 34
61 56
61 57
61 64
61 66
62 5
62 22
62 35
62 50
63 1
63 29
63 30
63 32
63 39
63 48
63 56
63 58
64 9
64 29
64 41
64 45
64 62
64 63
65 1
65 5
65 23
65 33
65 50
65 57
65 59
66 4
66 14
66 26
66 30
66 57
67 1
67 23
67 27
67 37
67 43
67 46
67 54
68 21
68 23
69 14
69 27
69 56
70 6
70 26
70 30
70 35
70 36
70 37
70 46
70 48
70 57
70 59
70 68
Loss 0 14 0 0 0 0 0 0 0 15 0 71 0 0 0 0 91 0 0 0 0 0 0 0 0 0 0 0 0 0 0 0 74 0 0 0 0 32 0 0 0 0 0 45 0 57 0 0 0 0 0 0 0 0 33 0 0 0 0 0 0 83 46 0 0 13 0 0 0 0 
