26 <--# of nodes, 71 edges
1 5
1 14
1 18
1 19
2 1
2 14
3 8
3 11
3 18
3 26
4 1
4 12
5 6
5 12
6 1
6 3
6 17
7 11
8 23
9 1
9 4
9 10
9 13
9 24
9 26
11 1
11 6
11 7
11 10
12 7
12 22
13 3
13 4
13 5
13 6
13 16
13 20
14 7
14 17
15 4
16 19
17 10
17 23
17 24
18 6
18 9
18 10
18 20
18 24
18 25
19 8
19 13
20 1
21 1
21 6
22 8
22 26
23 1
23 24
23 25
24 6
24 14
24 21
25 14
25 19
26 3
26 7
26 9
26 10
26 14
26 20
Loss 0 0 0 0 0 0 0 70 0 28 0 0 80 0 0 0 0 0 0 59 0 33 30 0 0 0 
