67 <--# of nodes, 437 edges
1 2
1 16
1 33
1 41
1 57
1 67
2 18
2 20
2 30
2 45
2 55
3 1
3 17
3 48
3 66
4 5
4 18
4 26
4 40
4 49
5 39
5 56
5 60
5 65
6 27
6 34
6 36
6 49
6 62
7 11
7 13
7 17
7 29
7 31
7 59
7 64
8 6
8 23
8 27
8 28
8 31
8 37
8 67
9 4
9 5
9 16
9 20
9 25
9 28
9 33
9 34
9 38
9 40
9 45
10 29
10 36
10 58
11 1
11 8
11 13
11 15
11 16
11 27
11 42
11 60
11 66
12 4
12 11
12 28
12 46
13 12
13 17
13 25
13 27
13 28
13 29
13 32
13 41
13 42
14 7
14 9
14 10
14 13
14 21
14 24
14 34
14 35
14 41
14 46
14 52
14 64
15 1
15 6
15 24
15 26
15 29
15 47
15 52
15 63
15 65
16 9
16 17
16 23
16 25
16 29
16 39
16 66
17 2
17 6
17 20
17 37
17 52
17 58
17 64
18 9
18 11
18 21
18 57
18 65
19 6
19 13
19 14
19 32
19 51
19 59
20 1
20 21
20 31
20 39
20 41
21 53
22 1
22 26
22 39
22 43
22 50
22 61
23 46
24 32
24 42
24 43
24 44
24 46
24 59
24 61
24 62
24 67
25 1
25 14
25 30
25 38
25 41
25 49
25 63
26 30
26 40
26 57
27 11
27 18
27 28
27 30
27 33
27 34
28 1
28 12
28 18
28 31
28 53
28 59
28 60
29 7
29 22
29 27
29 41
29 42
29 64
30 3
30 16
30 18
30 23
30 33
30 34
30 40
30 42
30 51
30 54
30 58
30 61
30 65
30 67
31 25
31 27
31 34
31 38
31 52
32 10
32 15
32 21
32 22
32 23
32 33
32 41
32 49
32 53
32 58
33 13
33 16
33 42
33 48
33 54
33 55
33 60
34 33
34 36
34 60
34 65
34 67
35 1
35 7
35 28
35 36
35 55
36 7
36 33
36 49
36 51
36 55
36 57
37 4
37 8
37 12
37 16
37 24
37 25
37 26
37 41
37 46
37 59
38 7
38 10
38 15
38 17
38 18
38 24
38 25
38 33
38 67
39 6
39 44
39 55
39 65
39 66
40 1
40 7
40 22
40 27
40 46
40 47
40 51
40 59
41 12
41 14
41 19
41 23
41 34
41 55
42 23
42 31
42 45
42 59
42 61
43 11
43 21
43 47
43 48
43 54
43 67
44 3
44 7
44 19
44 25
44 28
44 33
44 35
44 59
45 9
45 10
45 29
45 40
45 53
45 64
46 15
46 16
46 25
46 33
46 42
46 58
47 11
47 16
47 22
47 23
47 31
47 39
47 46
47 51
47 57
47 67
48 15
48 18
48 38
48 44
48 50
48 58
48 62
48 66
49 9
49 10
49 19
49 32
49 37
49 64
50 5
50 14
50 39
50 49
50 62
50 64
51 6
51 15
51 21
51 26
51 31
51 40
51 45
52 2
52 11
52 18
52 27
52 30
52 32
52 34
52 45
52 49
52 58
53 23
53 45
53 52
54 11
54 12
54 23
54 28
54 58
55 20
55 35
55 41
55 44
55 56
55 61
56 3
56 6
56 36
56 37
56 46
56 47
56 53
56 57
57 41
57 42
57 45
57 55
57 60
58 1
58 15
58 16
58 22
58 30
58 31
58 35
58 37
58 39
58 40
58 48
58 53
59 6
59 23
59 29
59 46
59 50
59 65
60 1
60 24
60 39
60 59
61 4
61 6
61 31
61 59
62 6
62 12
62 19
62 43
62 57
62 64
62 67
63 2
63 34
63 49
63 54
63 65
64 2
64 3
64 9
64 19
64 35
64 41
64 42
64 58
65 4
65 15
65 29
65 42
65 52
65 55
65 58
65 62
65 63
65 64
66 1
66 9
66 19
66 25
66 32
67 17
67 25
67 33
67 60
67 66
Loss 0 0 0 0 60 0 0 0 0 0 0 0 0 0 0 0 0 0 0 0 0 50 0 37 0 80 0 97 0 0 0 71 27 0 0 0 0 0 0 0 0 0 45 0 0 50 0 0 0 0 0 34 0 0 0 41 0 0 49 96 0 0 0 0 0 52 0 
