31 <--# of nodes, 94 edges
1 11
1 17
1 30
2 21
2 24
2 27
3 6
3 8
3 9
3 26
3 27
4 3
4 22
4 30
5 4
5 7
5 9
5 10
5 11
5 16
5 19
5 27
5 28
6 5
6 8
6 17
6 22
7 13
7 22
8 10
8 30
9 2
9 21
9 25
9 28
9 30
10 17
10 18
10 20
11 10
11 28
12 3
12 19
12 22
12 23
12 29
13 4
13 5
13 7
13 10
13 26
13 27
14 1
14 16
14 20
14 21
15 2
15 6
15 9
15 20
16 5
16 21
17 5
18 3
18 11
18 28
18 30
19 9
19 16
19 23
21 15
22 10
22 29
23 2
24 23
24 27
25 10
25 16
26 7
27 5
27 14
27 17
28 5
28 10
28 13
28 14
28 19
28 20
28 23
29 31
30 5
30 24
30 28
31 6
Loss 0 0 94 0 0 0 0 0 0 0 0 0 0 0 0 0 0 12 0 0 46 0 0 0 0 0 0 0 0 0 0 
