64 <--# of nodes, 377 edges
1 16
1 37
1 48
1 54
1 55
1 64
2 4
2 10
2 18
2 21
2 46
2 47
2 51
2 64
3 8
3 13
3 20
3 44
3 55
3 59
3 60
3 61
4 14
4 37
4 42
4 51
4 62
5 4
5 6
5 11
5 25
5 26
5 61
6 24
6 48
6 59
6 64
7 1
7 12
7 27
7 46
7 58
7 61
8 12
8 13
8 32
8 40
8 56
9 4
9 6
9 26
9 31
9 41
9 45
9 46
10 36
10 40
10 48
10 61
11 17
11 23
11 29
11 45
11 52
11 59
11 60
12 23
12 29
12 30
12 31
12 37
12 44
12 63
13 15
13 34
13 44
13 47
13 59
14 3
14 8
14 28
14 41
14 62
15 16
15 25
15 32
15 37
15 39
15 42
15 55
15 64
16 14
16 19
16 21
16 33
16 40
16 45
16 58
17 12
17 25
17 33
17 43
18 6
18 11
18 14
18 26
18 30
19 13
19 31
19 37
19 44
19 46
19 51
20 1
20 12
20 33
20 46
20 58
20 64
21 3
21 6
21 20
21 27
21 29
21 47
21 55
21 64
22 6
22 8
22 9
22 27
22 30
22 39
22 43
22 52
22 60
23 3
23 31
23 38
23 40
23 47
23 53
23 62
24 8
24 10
24 16
24 18
24 38
24 53
24 59
24 64
25 4
25 24
25 28
26 23
26 45
26 49
26 50
26 51
26 61
27 20
27 28
27 29
27 59
27 61
27 62
28 5
28 31
28 32
28 50
29 10
29 17
29 31
29 45
29 58
29 59
30 8
30 9
30 29
30 38
30 39
30 43
30 50
31 30
31 58
32 11
32 31
32 46
32 50
32 54
32 62
33 13
33 56
33 57
34 1
34 3
34 4
34 23
34 25
34 37
34 46
34 49
34 51
34 64
35 13
35 21
35 22
35 24
35 52
36 2
36 21
36 26
36 27
36 40
36 50
36 51
36 62
37 5
37 11
37 14
37 34
37 62
38 22
38 52
38 63
39 1
39 29
39 31
39 34
39 38
39 53
39 54
39 58
40 18
40 31
40 38
40 41
40 49
40 58
40 60
41 8
41 9
41 31
41 39
41 51
42 8
42 17
42 26
42 41
42 45
42 58
43 7
43 15
43 26
43 29
43 34
43 39
43 40
43 52
43 56
44 6
44 7
44 11
44 31
44 33
44 35
44 46
44 63
45 1
45 4
45 27
45 32
45 33
45 34
45 42
45 48
45 59
46 10
46 20
46 29
46 64
47 36
47 60
48 22
48 28
48 43
48 50
49 19
49 33
49 43
50 1
50 14
50 18
50 24
50 47
50 52
50 55
50 59
50 61
50 62
51 19
51 27
51 46
51 52
52 5
52 13
52 61
52 62
53 41
53 48
53 61
54 49
54 50
54 56
55 5
55 33
55 35
55 41
55 45
55 63
56 2
56 11
56 43
56 44
56 49
57 11
57 19
57 22
57 44
58 1
58 13
58 27
58 33
58 36
58 54
59 3
59 4
59 5
59 47
60 19
60 39
60 41
60 58
60 63
61 10
61 14
61 17
61 18
61 28
61 34
61 50
61 56
61 58
61 62
62 4
62 17
62 22
62 25
62 27
62 35
62 36
62 52
62 57
63 12
63 13
63 28
63 33
63 51
63 61
64 3
64 15
64 29
64 30
64 35
64 49
64 53
64 61
Loss 0 0 0 0 0 0 0 0 0 0 0 4 0 0 0 0 70 0 0 0 0 0 11 0 0 0 0 0 0 0 0 0 0 0 59 0 30 0 0 0 0 0 0 0 0 0 0 35 59 0 0 0 0 0 0 0 0 0 0 21 0 82 0 16 
