70 <--# of nodes, 491 edges
1 4
1 5
1 11
1 18
1 21
1 31
1 44
1 47
1 51
1 59
2 19
2 20
2 26
2 27
2 49
2 51
3 31
3 49
3 54
3 56
3 64
3 68
4 18
4 39
4 40
4 45
4 52
4 68
5 7
5 21
5 27
5 37
5 51
5 52
5 60
6 9
6 17
6 19
6 20
6 36
6 44
6 52
6 68
6 70
7 34
7 56
7 67
8 13
8 30
8 51
9 12
9 24
9 57
10 15
10 23
10 33
10 41
10 48
10 51
10 64
11 12
11 15
11 16
11 23
11 43
11 60
11 62
12 7
12 31
12 40
12 65
13 22
13 55
13 56
13 57
13 64
13 68
14 10
14 19
14 26
14 37
14 38
14 42
14 44
14 52
14 65
15 1
15 3
15 12
15 23
15 32
15 46
16 32
17 5
17 8
17 14
17 20
17 33
17 36
17 64
17 66
18 4
18 24
18 40
18 51
18 52
18 64
18 70
19 3
19 10
19 18
19 38
19 40
19 49
19 66
20 8
20 21
20 46
20 59
20 67
20 69
21 1
21 2
21 5
21 11
21 17
21 23
21 55
22 7
22 9
22 33
22 67
23 3
23 14
23 21
23 53
23 55
23 65
24 19
24 23
24 27
24 29
24 32
24 40
24 47
24 50
24 56
24 68
25 10
25 11
25 13
25 22
25 28
25 47
25 49
25 50
25 69
25 70
26 9
26 10
26 15
26 17
26 25
26 37
26 47
26 57
26 67
26 69
27 2
27 15
27 19
27 29
27 43
27 45
27 55
27 59
27 69
28 3
28 15
28 26
28 36
28 57
28 61
28 65
28 66
28 68
29 3
29 5
29 9
29 13
29 21
29 34
29 41
29 62
30 10
30 15
30 44
30 45
30 52
30 54
30 56
31 8
31 15
31 18
31 20
31 22
31 24
31 46
31 57
31 61
32 4
32 7
32 13
32 21
32 23
32 36
32 37
32 41
32 56
32 60
32 62
32 63
33 11
33 12
33 15
33 16
33 17
33 21
33 41
33 64
33 68
34 10
34 11
34 14
34 18
34 24
34 26
34 28
34 29
34 35
34 52
34 55
34 64
35 10
35 18
35 26
35 30
35 55
35 57
35 58
35 59
36 15
36 51
36 63
36 68
37 9
37 41
37 42
37 58
38 8
38 14
38 20
38 34
38 53
38 60
38 61
39 1
39 47
39 61
39 68
39 69
40 15
40 16
40 17
40 19
40 21
40 23
40 27
40 35
40 42
40 59
40 66
41 6
41 14
41 36
41 59
41 68
41 69
41 70
42 3
42 9
42 19
42 21
42 43
42 51
43 2
43 50
43 57
43 61
43 70
44 4
44 18
44 29
44 30
44 33
44 45
44 53
44 61
44 63
45 4
45 5
45 18
45 19
45 25
45 35
45 41
45 50
45 53
45 59
45 66
45 67
45 68
46 5
46 9
46 17
46 28
46 49
46 61
46 65
47 1
47 17
47 24
47 37
47 61
47 65
48 11
48 19
48 33
48 46
48 53
49 7
49 10
49 21
49 26
49 58
50 20
50 24
50 28
50 34
50 39
50 45
50 48
50 55
50 58
51 8
51 36
51 45
51 53
51 58
51 61
52 6
52 13
52 36
52 45
52 57
52 61
52 63
52 65
53 2
53 26
53 36
53 45
53 46
53 52
53 57
53 60
54 12
54 62
54 69
55 26
55 35
55 38
55 42
55 49
56 5
56 8
56 12
56 15
56 43
56 45
56 54
56 59
56 62
57 16
57 21
57 22
57 32
57 43
57 44
57 45
57 55
57 60
57 62
57 63
58 11
58 18
58 40
58 69
59 3
59 13
59 19
59 38
59 53
59 57
59 58
59 61
59 64
59 65
60 1
60 7
60 12
60 13
60 27
60 34
60 42
60 56
60 59
61 3
61 32
61 66
61 70
62 20
62 21
62 38
62 41
62 49
62 54
62 59
63 2
63 12
63 19
63 24
63 39
63 52
63 64
63 67
64 4
64 20
64 26
64 36
64 46
64 54
64 63
64 65
64 66
65 22
65 41
65 60
65 69
66 2
66 8
66 27
66 32
66 36
66 56
66 67
66 69
66 70
67 4
67 19
67 20
67 31
67 68
67 70
68 6
68 15
68 21
68 60
69 2
69 35
69 37
69 44
69 57
69 61
69 65
70 7
70 17
70 20
70 30
70 48
70 56
Loss 0 0 0 0 0 0 0 0 0 7 0 0 61 91 0 0 0 0 0 48 0 0 0 0 0 0 56 0 0 71 0 0 0 0 0 0 0 0 5 94 0 7 0 0 0 0 0 0 0 0 0 0 0 0 0 0 0 0 0 0 0 0 0 0 0 0 0 0 0 0 
