39 <--# of nodes, 164 edges
1 11
1 15
1 28
1 33
2 5
2 12
2 15
2 18
2 23
2 31
2 36
3 8
3 15
3 16
3 20
3 24
4 18
4 25
4 32
5 3
5 9
5 21
5 24
5 31
5 33
7 15
7 34
8 2
8 16
8 18
8 21
8 28
8 33
9 8
9 37
10 15
10 22
10 23
10 29
10 30
11 3
11 18
11 29
11 34
11 36
11 38
12 21
12 24
12 36
13 23
13 25
13 26
14 5
14 9
14 10
14 16
14 26
14 27
14 31
14 34
14 38
14 39
15 6
15 7
15 8
15 19
16 22
16 24
17 13
17 18
17 39
18 10
18 14
18 31
18 39
19 37
20 5
20 13
20 17
20 33
20 38
21 4
21 7
21 12
21 14
21 31
21 32
22 7
22 23
22 39
23 1
23 9
23 21
23 29
23 35
24 15
24 19
24 21
24 36
25 9
25 15
26 4
26 35
26 39
27 18
27 38
28 3
28 7
28 16
28 26
28 29
28 35
28 37
29 6
29 8
29 15
29 16
29 35
30 5
30 14
30 17
30 19
30 36
30 38
31 7
31 8
31 15
31 22
32 4
32 12
32 17
32 22
32 33
32 34
33 14
34 3
34 9
34 12
34 25
34 32
34 38
35 4
35 9
35 13
35 24
35 25
35 28
35 29
36 15
36 29
36 31
36 35
36 38
37 18
37 22
37 26
37 31
38 2
38 35
39 6
39 7
39 10
39 20
39 31
Loss 0 0 0 0 62 0 0 0 0 36 0 0 28 0 0 0 0 10 0 0 0 83 0 6 76 0 0 0 0 0 57 0 0 0 0 0 0 49 0 
