42 <--# of nodes, 153 edges
1 12
1 22
1 25
1 27
1 34
1 41
2 6
2 11
2 35
3 2
3 8
3 23
3 29
3 33
4 34
5 13
5 16
5 20
5 22
5 27
5 30
5 33
5 34
6 5
6 31
6 34
7 22
7 25
7 36
7 37
8 12
8 13
8 15
8 39
9 1
9 7
9 13
9 20
9 30
10 3
10 11
10 15
10 27
10 28
10 37
11 10
11 14
11 34
11 40
12 2
12 36
12 40
13 4
13 33
14 7
14 17
14 33
14 37
15 5
15 36
15 40
15 41
16 9
16 11
16 41
17 7
17 14
17 35
17 39
18 30
18 36
18 39
19 6
19 15
19 18
19 33
19 34
20 18
20 31
21 27
22 18
22 34
23 1
23 14
23 19
23 27
23 36
23 40
24 8
24 17
24 20
24 21
24 40
25 26
25 27
25 31
26 19
26 28
26 39
27 3
27 16
27 25
28 40
29 2
29 31
29 36
29 39
30 41
31 5
31 8
31 11
31 21
32 23
32 30
33 19
33 26
34 17
34 22
34 23
34 29
35 15
35 22
36 4
36 17
36 20
36 39
37 1
37 14
37 17
37 24
37 33
38 10
38 21
38 27
38 28
38 34
38 41
39 4
39 7
39 30
39 32
39 36
39 40
40 5
40 15
40 18
40 27
41 10
41 11
41 23
42 1
42 2
42 3
Loss 0 0 48 0 0 0 0 0 0 0 0 0 19 0 0 16 0 0 0 0 0 92 0 0 0 0 0 0 0 0 0 0 0 0 0 0 0 0 0 0 0 67 
