44 <--# of nodes, 184 edges
1 2
1 6
1 7
1 17
1 36
2 1
2 26
2 32
3 31
4 7
4 10
4 13
4 26
4 27
4 29
4 32
4 38
5 27
5 34
5 38
6 2
6 12
6 35
6 36
6 44
7 2
7 31
7 34
7 42
8 2
8 3
8 10
9 5
9 6
9 41
10 19
10 23
10 37
10 41
10 43
11 4
11 10
11 25
11 28
11 30
11 33
11 35
11 44
12 3
12 9
12 29
12 33
13 3
13 5
13 31
13 42
13 44
14 9
14 12
14 18
14 26
14 30
14 38
15 4
15 36
15 39
16 2
16 33
17 9
17 12
17 14
17 23
17 39
17 42
18 4
18 37
19 3
19 39
20 3
20 4
20 12
20 16
20 19
20 35
20 38
21 18
21 20
21 30
22 13
22 30
23 8
23 17
23 19
23 21
23 24
23 31
23 36
24 29
25 1
25 30
25 31
26 3
26 6
26 7
26 13
26 15
26 16
26 36
26 41
27 1
27 6
27 40
27 42
27 43
28 20
28 23
28 27
28 32
29 5
29 6
29 43
30 3
30 4
30 31
30 32
31 1
31 2
31 9
31 35
32 3
32 44
33 18
33 25
33 26
33 37
33 43
34 12
34 31
34 35
35 3
35 21
35 26
35 44
36 1
36 19
37 7
37 13
37 24
37 27
38 3
38 7
38 12
38 17
38 25
38 27
38 32
38 35
38 42
38 44
39 4
39 18
39 27
40 3
40 18
40 37
41 20
41 24
41 26
41 31
42 9
42 20
42 24
42 41
42 44
43 1
43 15
43 17
43 22
43 32
44 12
44 15
44 21
44 29
44 30
Loss 0 0 0 0 0 0 0 0 61 0 0 0 0 0 45 0 0 0 0 0 0 0 0 0 0 0 0 0 0 0 0 0 13 0 0 56 0 0 0 0 0 0 0 0 
