27 <--# of nodes, 75 edges
1 5
1 12
2 4
2 6
2 9
2 12
2 19
3 4
3 16
3 24
4 6
4 10
4 17
5 1
5 13
5 16
5 24
5 25
6 3
6 14
6 18
6 20
6 25
7 3
7 6
8 4
8 10
8 15
8 17
8 24
8 25
9 27
10 13
10 19
11 8
12 5
12 11
12 20
13 14
14 15
14 16
14 27
15 1
15 13
16 1
16 9
16 18
16 27
17 8
17 12
18 17
18 22
19 5
19 10
19 18
20 12
20 19
21 6
21 20
22 15
23 3
23 19
23 21
23 26
24 1
24 4
24 6
24 10
24 12
24 14
24 15
26 5
26 18
27 6
27 19
Loss 0 0 0 0 0 0 0 48 36 0 0 0 38 0 0 49 0 0 15 0 0 0 0 0 0 0 0 
