46 <--# of nodes, 210 edges
1 22
1 31
1 38
1 45
2 3
2 12
2 19
2 38
2 44
3 5
3 14
3 15
3 17
3 20
3 34
4 31
4 44
5 7
5 9
5 10
5 26
6 15
6 30
6 31
6 34
6 43
7 8
7 16
7 42
7 45
8 2
8 6
8 11
8 12
8 17
8 34
8 45
9 12
9 18
9 40
10 16
10 17
10 35
11 25
11 27
11 29
11 35
12 1
12 7
12 37
13 3
13 22
13 25
13 33
13 34
14 27
14 39
15 11
15 26
15 32
15 37
15 46
16 4
16 7
16 15
16 32
16 34
16 44
17 4
17 23
17 29
17 33
17 44
18 9
18 23
18 24
18 36
18 40
18 41
19 31
19 34
19 39
20 3
20 21
20 23
20 40
20 42
21 10
21 12
21 13
21 32
21 35
21 39
21 45
22 19
22 24
22 25
23 9
23 11
23 21
23 27
24 4
24 9
25 19
25 26
25 34
25 35
25 42
26 3
26 7
26 22
26 27
26 28
26 35
26 36
26 44
27 20
27 28
27 34
28 2
28 20
28 40
29 9
29 12
29 22
29 38
29 39
30 4
30 5
30 6
30 20
30 28
30 33
30 42
30 45
31 5
31 12
31 19
31 23
31 29
31 33
31 41
32 4
32 14
32 34
32 38
33 5
33 11
33 16
33 30
33 34
33 39
34 2
34 4
34 12
34 16
34 23
34 31
35 26
35 30
35 31
35 33
36 8
36 10
36 11
36 18
36 27
36 44
37 14
37 17
37 34
37 40
37 42
38 12
38 23
38 28
38 32
39 5
39 9
39 25
40 21
40 22
40 27
41 6
41 13
41 37
41 44
42 9
42 16
42 25
42 28
42 34
43 3
43 15
43 34
43 39
44 15
44 16
44 34
44 38
45 5
45 10
45 41
46 13
46 14
46 25
46 28
46 31
46 34
46 41
Loss 0 0 0 0 0 0 0 23 0 0 44 0 74 0 0 0 2 0 0 0 0 0 0 53 0 0 0 0 0 0 0 0 0 0 0 0 0 0 61 0 0 0 0 0 75 0 
