47 <--# of nodes, 225 edges
1 9
1 15
1 29
1 33
1 34
2 12
2 15
2 33
2 34
3 14
3 18
3 20
3 22
3 30
3 33
3 44
4 14
4 17
4 21
4 28
4 33
4 36
4 47
5 3
5 26
5 33
5 40
6 18
6 21
6 23
6 32
6 42
6 44
7 5
7 28
7 35
7 36
7 47
8 16
8 35
8 43
8 44
9 16
9 17
9 44
10 15
10 18
10 34
11 8
11 15
11 26
11 43
12 2
12 11
12 22
12 29
12 47
13 5
13 21
13 30
13 39
13 43
13 45
14 11
14 33
14 34
14 46
15 18
15 24
15 28
15 43
15 44
15 47
16 2
16 5
16 18
16 19
16 21
16 24
17 3
17 16
17 32
17 37
18 27
18 31
18 41
19 4
19 13
19 21
19 32
20 1
20 14
20 18
20 24
20 41
21 7
21 8
21 10
21 27
22 4
22 12
22 23
22 34
23 5
23 33
23 39
23 41
24 18
24 22
24 23
24 25
24 40
25 11
25 15
25 16
25 18
25 21
25 27
25 44
25 45
26 1
26 6
26 7
26 12
26 22
27 22
27 31
27 32
27 34
27 40
28 10
28 19
28 21
28 22
28 32
28 41
29 1
29 4
29 6
29 45
29 47
30 2
30 20
30 29
30 34
30 36
30 41
30 43
31 29
31 34
31 40
31 41
31 44
32 11
32 36
32 38
32 45
33 8
33 15
33 16
33 18
33 26
33 31
33 40
34 13
34 29
34 33
34 37
35 6
35 25
35 36
35 39
35 47
36 3
36 26
36 31
36 40
36 46
37 10
37 12
37 16
37 33
37 40
38 12
38 14
38 16
38 23
38 32
38 35
39 35
39 41
39 47
40 6
40 8
40 9
40 10
40 34
41 1
41 27
41 28
41 34
42 6
42 25
42 46
42 47
43 8
43 11
43 23
43 26
43 33
43 41
43 47
44 2
44 6
45 6
45 10
45 15
45 29
45 36
45 40
46 23
46 27
47 20
47 23
47 29
Loss 0 0 54 0 0 46 0 82 0 0 64 0 62 0 0 0 38 0 0 53 0 0 0 0 0 0 0 0 35 0 0 0 94 0 29 0 0 0 0 0 0 0 0 0 0 0 0 
