62 <--# of nodes, 384 edges
1 4
1 5
1 14
1 26
1 45
2 17
2 20
2 25
2 40
2 48
2 49
3 20
3 24
4 5
4 9
4 16
4 39
4 45
4 46
5 6
5 13
5 15
5 16
5 23
5 28
5 43
5 54
5 58
6 1
6 22
6 32
6 52
7 6
7 8
7 16
7 17
7 29
7 34
7 36
7 38
7 59
8 1
8 2
8 4
8 6
8 15
8 50
8 52
9 8
9 20
9 25
9 26
9 45
10 12
10 16
10 19
10 41
10 55
10 59
11 7
11 15
11 25
11 30
11 60
12 48
12 56
12 57
12 59
12 60
13 33
13 44
13 54
13 59
14 1
14 6
14 13
14 27
14 45
15 1
15 2
15 3
15 31
15 32
15 33
15 49
16 5
16 31
16 35
16 39
16 45
17 4
17 15
17 32
17 36
17 41
17 42
17 58
18 8
18 23
18 35
18 42
18 46
18 53
19 10
19 17
19 27
19 33
19 35
19 40
19 53
20 3
20 13
20 27
20 29
20 32
20 43
20 46
20 58
21 2
21 3
21 4
21 14
21 17
21 32
21 36
21 39
21 51
22 3
22 10
22 20
22 30
22 35
22 38
22 47
22 60
22 62
23 20
23 27
23 42
23 43
24 1
24 8
24 19
24 20
24 43
24 44
24 48
25 11
25 14
25 24
25 37
25 51
25 55
26 4
26 6
26 7
26 22
26 29
26 36
26 60
27 29
27 32
27 46
27 51
28 14
28 21
28 22
28 23
28 25
28 30
28 33
28 38
28 60
28 62
29 1
29 2
29 21
29 30
29 35
29 38
29 43
29 57
29 61
30 7
30 35
30 47
30 61
31 1
31 3
31 4
31 34
31 39
31 43
32 6
32 8
32 12
32 13
32 29
32 44
32 53
33 6
33 16
33 20
33 29
33 30
33 41
33 53
33 61
34 4
34 7
34 22
34 26
34 36
34 38
34 50
35 6
35 14
35 22
35 23
35 28
35 37
35 42
35 49
36 2
36 18
36 27
36 47
36 51
37 6
37 11
37 13
37 15
37 33
37 49
37 51
38 5
38 12
38 20
38 46
39 2
39 4
39 14
39 17
39 28
39 40
39 47
39 58
39 59
40 15
40 27
40 39
40 44
40 55
40 60
40 62
41 11
41 14
41 18
41 21
41 24
41 34
41 46
41 49
41 50
42 5
42 6
42 38
42 39
42 40
42 52
43 10
43 21
43 24
43 55
44 6
44 19
44 54
44 56
44 57
44 61
45 11
45 19
45 35
45 38
45 43
45 49
45 50
45 53
46 15
46 38
46 57
46 62
47 8
47 26
47 30
47 45
47 49
48 4
48 12
48 31
48 39
48 47
48 50
48 59
48 60
49 12
49 13
49 16
49 41
49 46
49 47
50 28
50 29
50 33
50 39
50 62
51 17
51 24
51 26
51 28
52 2
52 13
52 16
52 17
52 22
52 24
52 28
53 9
53 16
53 23
53 43
53 54
54 19
54 27
54 28
54 35
55 11
55 15
55 18
55 31
55 44
55 49
55 56
56 17
56 19
56 43
57 25
57 34
57 46
57 58
58 5
58 14
58 15
58 21
58 27
58 31
58 42
58 53
59 2
59 3
59 7
59 16
59 43
59 61
60 21
60 31
60 37
60 49
60 58
60 62
61 3
61 18
61 32
61 40
61 49
61 58
62 19
62 24
62 27
62 38
62 54
62 58
62 59
62 61
Loss 0 0 0 0 45 0 0 0 0 0 7 0 0 0 0 0 0 0 0 13 0 0 0 0 43 0 0 0 94 0 0 0 0 0 35 0 0 0 0 0 0 0 0 0 0 0 0 0 0 0 65 0 0 0 0 0 55 0 0 11 0 41 
