58 <--# of nodes, 328 edges
1 27
1 44
1 49
1 53
2 33
2 47
2 56
3 51
4 3
4 5
4 12
4 38
4 52
4 57
5 7
5 24
5 33
5 37
5 41
5 42
5 58
6 8
6 27
6 36
6 40
6 51
7 40
7 43
8 23
8 41
9 10
9 24
9 40
10 3
10 22
10 42
10 55
11 9
11 18
11 29
11 32
11 38
11 40
11 43
11 47
11 52
11 53
12 7
12 10
12 38
12 45
12 55
13 6
13 7
13 11
13 12
13 31
13 36
13 39
13 44
13 45
14 19
14 20
14 21
15 6
15 10
15 20
15 30
15 39
15 46
15 48
15 51
15 54
15 55
16 3
16 11
16 17
16 26
16 33
16 34
16 37
16 40
17 2
17 13
17 29
17 32
17 41
17 43
17 56
18 7
18 10
18 20
18 25
18 27
19 10
19 12
19 34
19 35
19 36
19 38
19 46
19 49
20 26
20 36
20 37
20 39
20 41
20 43
21 3
21 5
21 11
21 34
21 48
21 54
22 2
22 6
22 14
22 24
22 29
22 40
22 43
22 55
23 11
23 20
23 27
23 32
24 8
24 19
24 33
24 44
24 56
24 57
25 12
25 45
25 46
25 50
25 57
26 1
26 3
26 4
26 11
26 30
27 4
27 9
27 31
27 41
27 42
27 45
27 48
27 50
27 54
27 58
28 11
28 22
28 24
28 32
28 46
28 56
29 9
29 13
29 28
29 38
29 39
29 57
30 4
30 8
30 12
30 39
31 9
31 16
31 18
31 19
31 21
31 29
31 35
31 40
31 47
32 4
32 26
32 38
32 44
32 47
32 56
33 8
33 18
33 21
33 53
33 54
33 56
34 41
34 46
34 51
34 52
35 5
35 23
35 24
35 38
36 12
36 39
36 41
37 12
37 30
37 32
37 42
38 6
38 16
38 27
38 30
38 36
38 51
39 27
39 31
39 55
40 26
40 30
40 47
40 52
40 57
41 8
41 20
42 10
42 11
42 26
42 41
42 43
42 46
42 58
43 1
43 18
43 30
43 37
44 2
44 3
44 4
44 15
44 19
44 24
44 29
44 35
44 51
45 12
45 22
45 31
45 40
46 5
46 15
46 17
46 22
46 26
46 29
46 35
46 43
47 13
47 21
47 33
47 44
47 45
47 54
48 19
48 20
48 25
48 28
48 32
48 49
48 53
49 13
49 35
49 39
49 41
49 42
49 43
50 12
50 14
50 18
50 32
50 48
50 58
51 12
51 16
51 18
51 24
51 36
51 45
51 46
51 56
52 1
52 8
52 13
52 15
52 18
52 22
52 38
52 45
52 57
53 1
53 5
53 10
53 25
53 27
53 32
53 36
53 44
53 48
54 11
54 24
54 50
54 52
55 16
55 29
55 50
56 12
56 30
56 36
56 38
56 40
56 45
56 47
57 12
57 13
57 19
57 21
57 38
57 42
57 49
57 50
58 15
58 49
58 50
Loss 0 0 0 0 0 0 0 18 4 0 0 0 0 0 49 0 0 7 0 0 24 0 0 0 0 0 0 0 0 0 0 0 61 13 0 0 0 57 0 0 0 0 0 0 0 0 0 59 0 0 0 0 0 0 40 0 0 0 
