62 <--# of nodes, 424 edges
1 19
1 21
1 22
1 37
1 61
2 31
2 36
2 44
2 52
2 58
3 13
3 17
3 27
3 29
3 44
3 58
3 62
4 13
4 38
4 43
4 47
5 1
5 2
5 12
5 28
5 31
5 45
5 52
5 59
5 62
6 27
6 28
6 29
6 36
6 40
6 44
6 47
7 12
7 38
7 55
8 9
8 31
8 40
8 62
9 1
9 15
9 24
9 29
9 30
9 35
9 42
9 45
9 51
9 56
9 60
10 2
10 3
10 19
10 20
10 24
10 30
10 36
10 41
10 44
10 60
10 62
11 18
11 23
11 33
11 40
11 42
11 44
11 61
12 1
12 6
12 19
12 27
12 37
12 46
12 48
12 55
13 3
13 16
13 23
13 33
13 38
13 46
13 53
13 56
13 61
14 4
14 12
14 25
14 42
15 18
15 20
15 24
15 28
15 37
15 40
15 47
15 51
15 60
16 3
16 48
16 52
16 54
17 14
17 20
17 25
17 54
17 58
17 61
17 62
18 12
18 21
18 31
18 49
18 62
19 9
19 10
19 17
19 25
19 46
19 54
19 58
19 61
20 37
20 50
20 55
21 1
21 2
21 3
21 23
21 24
21 28
21 34
21 60
22 12
22 28
22 44
22 53
22 60
22 62
23 3
23 10
23 14
23 35
23 37
23 43
23 52
24 46
24 47
25 7
25 11
25 20
25 31
25 32
25 40
25 49
25 57
26 8
26 16
26 30
26 32
26 34
26 39
26 44
26 50
26 59
26 62
27 1
27 2
27 5
27 20
27 22
27 47
27 51
27 56
27 62
28 6
28 15
28 22
28 23
28 49
28 53
28 56
29 2
29 11
29 12
29 15
29 38
29 48
29 51
29 55
29 62
30 2
30 4
30 8
30 12
30 20
30 22
30 24
30 43
30 58
30 61
31 12
31 13
31 14
31 20
31 24
31 29
31 45
31 47
31 55
31 58
32 5
32 21
32 33
32 40
32 48
32 52
32 59
32 61
33 10
33 12
33 14
33 48
33 62
34 19
34 32
34 37
34 38
34 51
34 53
35 3
35 5
35 9
35 10
35 30
35 38
35 42
35 46
35 56
36 9
36 14
36 25
36 28
36 30
36 42
36 43
36 45
36 47
36 52
37 1
37 8
37 11
37 39
37 44
37 45
37 46
38 7
38 8
38 16
38 19
38 24
38 32
38 37
38 54
38 60
39 17
39 18
39 22
39 31
39 32
39 45
40 1
40 4
40 18
40 20
40 26
40 32
40 38
40 46
40 55
40 56
40 58
41 2
41 4
41 9
41 13
41 16
41 49
41 61
42 14
42 28
42 35
42 45
42 48
43 22
43 28
43 29
43 31
43 36
43 49
43 50
43 54
44 5
44 8
44 18
44 23
44 28
44 30
44 36
44 53
44 60
44 62
45 26
45 27
45 28
45 36
45 38
45 46
45 55
46 1
46 12
46 19
46 25
46 31
46 37
46 40
46 45
46 47
46 52
47 21
47 26
47 31
47 36
47 43
48 6
48 18
48 51
48 52
48 59
49 1
49 32
49 44
49 56
49 59
50 28
50 41
50 48
50 54
50 56
50 57
51 2
51 33
51 41
51 53
51 57
52 13
52 19
52 39
52 44
52 51
53 10
53 24
53 36
53 37
53 43
53 60
54 30
54 34
54 35
54 47
54 48
54 51
55 5
55 15
55 37
55 56
56 2
56 6
56 13
56 16
56 25
56 41
56 43
56 55
57 5
57 20
57 23
58 3
58 26
58 40
58 41
58 45
58 50
59 1
59 9
59 14
59 35
59 37
59 38
59 43
60 5
60 10
60 20
60 51
60 52
61 15
61 47
61 49
61 56
62 1
62 16
62 32
62 33
62 36
62 37
62 40
62 41
62 49
62 51
Loss 0 68 0 0 0 0 0 10 0 0 0 0 0 0 31 0 0 0 0 0 0 0 0 55 64 0 44 0 0 54 79 0 0 0 81 0 0 0 0 0 0 10 0 0 0 0 0 0 0 0 0 0 49 0 0 0 0 0 0 0 0 0 
