38 <--# of nodes, 137 edges
1 19
1 23
1 25
1 36
2 9
2 29
2 37
3 8
3 21
3 34
3 38
4 12
4 14
4 26
4 27
5 7
5 9
5 16
5 21
5 28
6 22
6 34
7 1
7 22
7 36
8 7
8 11
8 23
8 29
8 35
8 36
9 31
10 1
10 18
10 21
10 26
10 38
11 4
11 16
11 35
12 6
12 8
12 16
12 37
13 4
13 9
13 11
13 12
13 26
13 35
14 8
14 17
14 25
14 33
15 4
15 14
16 20
16 29
16 30
17 10
17 24
18 12
18 14
18 16
18 21
18 30
18 31
19 7
19 14
20 16
20 18
20 30
21 3
21 20
21 24
21 25
21 38
22 8
22 16
22 29
22 32
23 4
23 11
23 20
23 22
23 26
23 31
23 33
24 31
25 6
25 16
25 20
26 27
27 10
27 12
27 19
27 26
27 32
28 4
28 6
28 7
28 16
28 17
28 19
28 24
28 27
29 8
29 20
29 22
29 24
29 28
30 16
30 23
30 34
31 15
31 29
31 32
32 1
32 13
32 27
33 26
34 6
34 23
35 12
35 14
35 21
35 30
36 16
36 23
37 16
37 32
38 12
38 13
38 21
38 24
38 29
38 30
Loss 0 0 0 0 0 0 11 0 0 0 50 73 0 0 0 0 0 0 0 0 0 0 0 0 0 0 0 0 53 0 94 0 0 10 0 0 0 0 
