58 <--# of nodes, 343 edges
1 32
1 38
1 53
2 4
2 8
2 13
2 23
2 33
2 38
3 10
3 14
3 17
3 39
3 46
3 48
3 55
4 14
4 19
4 38
4 48
4 49
4 58
5 4
5 14
5 19
5 33
5 39
5 49
5 51
5 54
6 4
6 23
6 28
6 31
6 39
6 57
7 1
7 9
7 15
7 18
7 24
7 32
7 52
8 1
8 4
8 24
8 27
8 51
8 57
9 11
9 23
9 26
9 41
9 54
10 7
10 15
10 17
10 30
10 39
10 48
11 5
11 31
11 34
11 36
11 49
11 55
11 56
12 21
12 22
12 26
12 46
12 47
12 48
13 27
13 33
13 47
13 49
13 55
14 10
14 23
14 26
14 33
14 42
14 43
14 51
14 56
15 4
15 23
15 29
16 6
16 19
16 21
16 25
16 58
17 5
17 38
18 4
18 12
18 32
18 40
18 54
18 56
18 58
19 6
19 7
19 13
19 14
19 23
19 37
19 48
19 50
19 55
20 7
20 12
20 17
20 26
20 31
20 36
20 37
20 40
20 42
21 3
21 5
21 10
21 20
21 24
21 30
21 36
21 40
21 48
21 50
21 55
22 2
22 23
22 28
22 37
22 54
22 55
23 16
23 24
23 27
23 31
23 45
23 55
24 3
24 15
24 20
24 27
24 52
24 53
25 10
25 20
25 45
25 48
25 51
26 9
26 27
27 2
27 13
27 21
27 25
27 26
27 33
27 45
27 52
28 13
28 22
28 24
28 33
29 36
29 37
29 46
29 48
29 53
29 57
30 1
30 8
30 29
30 35
30 47
30 48
30 54
31 5
31 6
31 13
31 22
31 30
31 47
32 7
32 10
32 23
32 24
32 46
33 2
33 3
33 6
33 12
33 19
33 28
33 31
33 37
33 40
33 44
34 3
34 6
34 33
35 29
35 30
35 40
36 27
36 28
36 32
36 37
37 9
37 26
37 52
37 56
38 1
38 13
38 17
38 21
38 23
38 31
38 35
39 1
39 5
39 16
39 19
39 28
39 34
39 36
39 45
39 48
39 54
39 55
40 7
40 8
40 16
40 34
40 47
41 4
41 10
41 18
41 50
41 51
41 58
42 12
42 23
42 27
42 50
43 1
43 3
43 5
43 10
43 16
43 37
43 52
44 5
44 9
44 14
44 30
44 37
44 49
44 56
45 2
45 6
45 7
45 9
46 1
46 5
46 41
47 7
47 14
47 23
47 29
47 35
47 53
47 54
48 14
48 15
48 24
48 28
48 32
48 46
48 49
48 57
49 29
49 30
49 33
49 37
49 56
50 7
50 17
50 21
50 24
50 32
50 34
51 3
51 8
51 18
51 23
51 30
51 32
52 6
52 7
52 14
52 27
52 40
53 11
53 19
53 26
54 3
54 4
54 9
54 16
54 22
54 34
54 46
55 2
55 6
55 8
55 12
55 22
55 24
55 39
55 46
56 8
56 11
56 17
56 28
56 32
56 43
56 44
56 51
57 23
57 43
57 46
57 50
58 5
58 19
58 25
58 28
58 55
Loss 0 0 0 79 29 0 0 0 0 0 0 0 33 0 0 0 0 0 0 73 0 0 0 0 89 15 0 47 0 0 0 0 0 0 0 0 0 0 0 0 57 0 0 0 0 0 0 0 0 0 0 0 0 0 21 0 0 0 
