70 <--# of nodes, 496 edges
1 38
1 41
1 61
2 4
2 17
2 22
2 42
2 47
2 58
3 10
3 33
3 36
3 66
4 2
4 18
4 24
4 31
4 40
4 46
4 54
4 68
5 19
5 25
5 46
5 52
5 54
5 64
5 65
6 2
6 15
6 28
6 31
6 33
6 35
6 38
6 40
6 44
6 48
6 54
6 61
6 68
7 16
7 26
7 39
7 40
7 41
7 50
8 6
8 9
8 11
8 13
8 40
8 49
8 53
8 60
8 68
9 5
9 11
9 13
9 39
9 48
9 55
9 59
9 60
10 14
10 43
11 2
11 7
11 15
11 18
11 34
11 38
11 45
11 52
11 53
11 61
12 2
12 10
12 24
12 32
12 43
12 60
12 67
13 7
13 8
13 12
13 15
13 17
13 27
13 64
14 10
14 21
14 64
15 35
15 36
15 45
15 50
15 55
15 58
15 60
15 61
16 4
16 5
16 6
16 9
16 11
16 19
16 38
16 41
16 56
16 64
16 65
17 7
17 21
17 23
18 13
18 14
18 19
18 25
18 37
18 50
18 61
18 63
18 66
19 9
19 25
19 30
19 49
19 59
19 64
19 69
20 12
20 16
20 18
20 30
20 39
20 60
21 19
21 35
21 50
21 58
21 69
22 2
22 15
22 18
22 19
22 20
22 26
22 27
22 28
22 30
22 55
23 18
23 28
23 29
23 33
23 45
24 4
24 9
24 12
24 13
24 14
24 20
24 21
24 40
24 44
24 54
24 70
25 13
25 31
25 43
25 44
25 53
25 59
25 62
25 63
25 66
26 6
26 8
26 12
26 24
26 40
26 41
26 44
26 45
26 47
26 60
26 67
27 5
27 16
27 19
27 40
27 57
27 63
27 65
28 1
28 16
28 24
28 33
28 43
28 50
28 52
28 61
28 70
29 4
29 5
29 19
29 25
29 44
29 51
29 64
29 66
30 11
30 18
30 23
30 35
30 40
30 44
30 51
30 60
30 62
31 3
31 20
31 41
31 54
31 62
32 2
32 10
32 11
32 58
32 59
33 4
33 13
33 38
33 44
33 52
34 1
34 7
34 8
34 14
34 19
34 20
34 24
34 46
34 50
34 59
35 10
35 16
35 17
35 19
35 36
35 37
35 49
35 51
35 52
35 53
35 61
35 67
35 69
36 1
36 6
36 31
36 37
36 39
36 63
37 3
37 16
37 25
37 36
37 40
37 44
37 45
37 70
38 12
38 42
38 47
38 49
38 53
38 59
39 4
39 15
39 30
39 33
39 40
39 44
39 50
39 64
40 6
40 13
40 19
40 35
40 48
40 66
41 3
41 9
41 13
41 22
41 32
41 53
41 55
42 25
42 31
42 33
42 40
42 52
42 62
42 68
43 5
43 6
43 45
43 49
44 3
44 4
44 9
44 14
44 32
44 45
44 52
44 57
45 15
45 23
45 36
45 47
45 49
45 54
46 3
46 10
46 18
46 36
46 51
46 55
46 63
47 3
47 5
47 18
47 21
47 33
47 44
47 51
48 12
48 14
48 20
48 22
48 24
48 27
48 50
48 51
48 56
49 2
49 30
49 42
49 56
50 2
50 52
50 56
50 68
51 12
51 14
51 18
51 46
51 54
51 62
51 63
51 64
52 20
52 34
52 36
52 40
52 46
53 8
53 10
53 17
53 29
53 32
53 38
53 42
53 55
53 69
54 8
54 16
54 27
54 36
54 42
54 60
55 1
55 17
55 26
56 1
56 6
56 9
56 16
56 31
56 33
56 39
56 40
56 70
57 22
57 23
57 24
57 58
57 70
58 8
58 14
58 15
58 16
58 19
58 22
58 24
58 28
59 11
59 13
59 21
59 31
59 42
59 50
59 60
60 5
60 9
60 18
60 26
60 38
60 40
60 44
60 56
60 61
60 62
61 14
61 33
61 37
61 45
61 51
61 62
61 70
62 16
62 26
62 36
62 41
62 48
62 51
63 14
63 25
63 38
63 39
63 50
63 51
63 52
63 69
63 70
64 9
64 18
64 34
64 48
64 67
65 3
65 7
65 11
65 33
65 50
65 62
65 68
65 70
66 25
66 29
66 40
66 58
66 64
66 68
66 70
67 19
67 32
67 37
67 39
67 41
67 54
67 60
68 6
68 23
68 30
68 31
68 39
68 44
68 46
68 47
69 7
69 12
69 13
69 29
69 32
69 50
69 63
70 10
70 15
70 26
70 34
70 54
70 58
Loss 0 36 0 0 0 0 0 0 0 45 77 0 0 0 0 25 0 0 0 0 0 0 0 0 23 0 0 0 0 0 0 0 39 0 0 0 0 73 6 0 0 0 0 0 0 0 22 0 0 68 0 0 0 0 65 0 0 0 0 74 0 0 0 0 0 0 22 0 14 0 
