68 <--# of nodes, 476 edges
1 5
1 6
1 36
1 41
1 50
1 55
1 56
2 3
2 4
2 15
2 17
2 19
2 45
2 46
2 51
2 55
3 4
3 18
3 30
3 33
3 40
3 52
3 53
3 67
4 17
4 19
4 21
4 23
4 32
4 34
4 44
4 45
4 50
4 52
4 56
4 65
5 4
5 8
5 10
5 22
5 30
5 33
5 38
5 45
5 46
5 48
5 51
5 56
5 60
6 22
6 30
6 37
6 52
6 59
7 3
7 20
7 28
7 49
7 54
8 6
8 13
8 14
8 18
8 21
8 30
8 46
8 52
8 58
8 67
9 6
9 11
9 13
9 15
9 23
9 66
10 7
10 8
10 9
10 16
10 18
10 20
10 24
10 47
10 52
10 55
10 58
11 10
11 53
11 61
12 14
12 37
12 42
12 65
13 5
13 21
13 24
13 31
13 32
13 59
13 64
14 8
14 11
14 26
14 43
14 58
14 68
15 8
15 10
15 19
15 26
15 52
15 53
16 9
16 14
16 18
16 19
16 30
16 32
16 39
16 57
16 62
16 63
17 9
17 21
17 29
17 35
17 49
17 57
17 61
17 66
18 49
18 58
18 59
18 61
19 4
19 5
19 18
19 23
19 28
19 60
19 62
20 4
20 24
20 28
20 35
20 37
20 62
21 23
21 41
21 48
21 49
21 58
21 68
22 16
22 26
22 43
22 53
22 54
22 55
22 66
22 67
23 5
23 36
23 44
23 45
23 57
24 8
24 32
24 40
25 14
25 30
25 38
25 54
25 56
26 7
26 13
26 16
26 18
26 21
26 27
26 33
26 59
27 7
27 15
27 25
27 38
27 52
27 57
27 62
28 5
28 14
28 52
28 61
28 68
29 25
29 40
29 48
29 51
29 55
29 64
29 67
30 9
30 26
30 33
30 37
30 57
30 60
30 62
30 64
30 66
31 37
31 39
31 40
31 52
31 55
31 57
31 59
32 22
32 38
32 45
32 49
32 51
32 55
32 64
33 31
33 39
33 58
33 63
33 64
33 65
34 1
34 18
34 21
34 63
34 65
35 7
35 27
35 30
35 44
35 61
35 63
36 3
36 6
36 8
36 33
36 37
36 45
36 54
36 55
36 68
37 3
37 13
37 18
37 26
37 54
37 57
38 5
38 10
38 17
38 27
38 44
38 55
38 68
39 12
39 38
39 65
40 14
40 59
41 6
41 13
41 47
41 50
41 61
41 63
42 14
42 18
42 23
42 24
42 27
42 58
42 61
43 16
43 24
43 28
43 45
43 46
43 52
43 55
43 61
44 1
44 2
44 18
44 32
44 33
44 45
44 47
44 48
44 63
44 64
45 2
45 23
45 25
45 39
45 53
45 67
46 10
46 19
46 24
46 30
46 41
46 51
46 55
46 63
47 27
47 41
47 42
47 44
47 45
47 68
48 5
48 8
48 10
48 34
48 42
48 43
48 45
48 50
48 54
48 57
48 61
48 64
48 66
49 2
49 13
49 27
49 31
49 38
49 39
49 47
49 55
49 56
49 67
50 2
50 18
50 23
50 24
50 44
50 53
51 3
51 7
51 12
51 29
51 31
51 36
51 49
51 56
51 59
52 7
52 13
52 18
52 31
52 34
52 54
52 63
53 12
53 28
53 51
53 52
53 54
53 57
53 64
54 2
54 18
54 25
54 29
54 42
54 49
55 1
55 4
55 10
55 21
55 28
55 32
55 34
55 37
55 50
55 59
55 62
56 3
56 7
56 38
56 43
56 48
56 50
56 67
57 4
57 8
57 11
57 24
57 26
57 33
57 36
57 51
57 64
57 66
58 18
58 20
58 30
58 38
58 41
58 42
58 61
59 8
59 15
59 21
59 34
59 62
60 3
60 25
60 50
60 59
61 1
61 2
61 7
61 14
61 21
61 25
61 33
61 40
61 50
61 66
62 8
62 18
62 23
62 31
62 36
62 40
62 44
62 52
62 54
62 58
63 9
63 42
63 51
63 60
63 61
63 62
64 27
64 30
64 50
64 52
64 65
64 66
64 68
65 3
65 18
65 35
65 36
65 44
65 46
65 52
65 67
66 29
66 53
67 12
67 18
67 20
67 22
67 27
67 32
67 57
68 4
68 17
68 21
68 62
68 67
Loss 0 65 0 0 0 0 0 0 0 0 0 0 46 0 0 0 0 0 0 0 52 0 0 0 0 0 0 0 0 0 0 0 42 19 0 0 0 40 0 0 8 78 68 0 0 0 0 0 21 0 0 0 96 0 0 0 36 0 0 0 0 3 0 0 3 0 0 0 
