37 <--# of nodes, 125 edges
1 7
1 22
1 35
2 5
2 6
2 9
2 13
2 23
2 29
3 14
3 20
3 23
3 26
3 35
4 6
4 12
4 15
4 23
5 2
5 13
6 24
6 31
7 1
7 34
8 36
9 16
9 23
9 27
10 1
10 6
10 8
11 17
11 23
11 28
11 36
12 1
12 16
12 17
12 28
12 37
13 26
13 35
14 15
14 28
14 34
15 9
15 11
15 18
15 31
16 19
16 36
17 1
17 7
17 27
17 30
18 6
18 17
18 31
19 2
19 6
19 8
19 24
20 6
21 11
21 31
22 8
22 9
22 10
22 13
22 21
22 30
23 3
23 30
23 37
24 8
24 33
26 10
26 12
26 18
26 19
26 22
26 32
26 37
27 6
27 20
27 29
27 34
28 1
28 6
28 9
29 11
29 24
29 31
30 11
30 25
30 28
30 34
31 20
31 21
31 24
32 7
32 13
32 16
32 23
32 31
32 34
33 8
33 15
33 31
33 37
34 13
34 25
34 32
34 33
35 5
35 23
36 4
36 19
36 27
36 34
36 35
37 3
37 4
37 20
37 35
Loss 0 69 0 41 0 0 43 0 0 0 0 0 0 85 75 0 0 0 0 0 0 0 0 0 0 96 0 0 0 0 96 0 0 0 0 0 0 
