34 <--# of nodes, 128 edges
1 7
1 11
1 13
1 25
2 25
3 12
3 13
3 15
3 25
3 34
4 21
5 13
5 15
5 28
5 30
6 7
6 8
6 13
6 32
6 33
7 24
7 30
7 34
8 5
8 12
8 14
8 21
8 24
8 27
9 1
9 20
9 26
9 27
9 28
10 2
10 9
10 13
10 14
10 23
10 29
11 19
11 21
11 25
12 17
12 27
12 29
12 32
13 3
13 6
13 12
13 22
13 25
13 26
14 5
14 12
14 21
15 6
15 19
15 21
15 32
16 5
16 8
16 24
17 12
17 13
18 20
18 22
18 24
18 34
19 11
20 4
20 5
20 7
20 8
20 11
20 31
21 9
21 15
21 17
21 19
21 24
21 29
22 3
22 18
22 32
23 8
23 12
23 14
23 21
23 22
23 25
23 27
23 32
23 33
24 2
24 4
24 18
24 20
25 3
25 20
25 24
26 6
26 11
26 23
27 2
27 14
27 23
28 1
28 14
28 19
28 22
28 25
29 5
30 33
31 12
31 30
32 7
32 8
32 23
33 2
33 15
33 19
33 23
33 26
33 28
34 14
34 25
34 27
Loss 0 0 92 0 0 0 0 70 0 0 52 0 0 84 0 74 0 0 0 0 0 78 0 4 0 0 71 0 0 0 70 0 0 0 
