61 <--# of nodes, 379 edges
1 4
1 8
1 17
1 38
1 45
1 47
1 56
2 3
2 4
2 34
2 41
2 60
3 7
3 22
3 27
3 36
3 45
3 57
3 60
4 3
4 24
4 40
4 60
5 7
5 9
5 25
5 28
5 34
5 36
5 45
5 49
5 55
6 7
6 10
6 11
6 14
6 20
6 28
6 29
6 52
6 61
7 12
7 23
7 34
7 40
7 41
7 48
7 58
8 5
8 26
8 39
9 8
9 21
9 35
9 57
9 61
10 5
10 11
10 47
10 51
10 53
10 59
11 7
11 8
11 9
11 15
11 18
11 29
11 48
11 60
12 8
12 10
12 25
12 29
12 37
12 54
13 15
13 21
13 32
13 53
13 55
13 56
14 4
14 6
14 17
14 22
14 28
14 29
14 37
14 42
14 51
14 59
14 61
15 10
15 11
15 25
15 40
15 55
16 3
16 4
16 5
16 15
16 39
16 54
16 60
17 2
17 5
17 6
17 7
17 12
17 14
17 15
17 20
17 28
17 49
18 27
18 30
18 56
19 23
19 25
19 26
19 28
19 32
19 51
19 57
20 7
20 8
20 14
20 28
20 29
20 33
20 44
20 45
20 58
21 2
21 5
21 10
21 13
21 14
21 18
21 27
21 50
22 27
22 36
22 52
23 9
23 25
24 2
24 4
24 32
24 34
24 35
24 36
24 50
24 56
24 60
24 61
25 12
25 13
25 22
25 58
26 2
26 15
26 19
26 24
26 28
26 30
26 33
26 45
26 53
27 9
27 15
27 20
27 35
27 47
27 48
27 50
27 61
28 7
28 10
28 12
28 14
28 26
28 33
28 48
28 52
29 6
29 11
30 1
30 5
30 20
30 25
30 40
30 41
30 46
30 50
30 57
30 61
31 20
31 25
31 45
31 57
31 60
32 6
32 7
32 13
32 14
32 20
32 26
32 33
32 39
32 41
32 44
33 21
33 25
33 27
33 31
33 34
33 42
33 46
33 55
34 4
34 8
34 32
34 39
35 4
35 9
35 25
35 30
35 40
35 49
35 51
35 57
35 60
35 61
36 1
36 3
36 16
36 43
36 47
36 51
36 54
37 6
37 8
37 13
37 42
37 49
38 7
38 9
38 15
38 21
38 24
38 42
38 55
38 57
39 24
39 40
39 42
39 60
40 2
40 11
40 23
40 29
40 39
40 43
40 58
41 4
41 8
41 54
41 59
42 2
42 5
42 12
42 30
42 31
42 35
42 38
42 54
43 1
43 2
43 24
43 30
43 33
43 34
43 36
44 16
44 20
44 41
44 49
44 52
44 53
45 6
45 20
45 25
46 10
46 21
46 25
47 10
47 26
47 53
47 59
48 21
48 38
48 42
48 55
48 58
49 6
49 12
49 21
49 26
49 31
49 42
49 43
50 28
50 45
50 48
50 55
50 58
51 9
51 28
51 33
51 34
51 36
51 38
51 40
51 61
52 5
52 20
52 33
52 58
52 60
53 5
53 44
53 47
53 49
53 52
53 54
54 13
54 17
54 34
54 52
55 8
55 27
55 28
55 30
55 40
56 8
56 10
56 18
56 34
56 51
56 52
57 4
57 6
57 36
57 38
57 39
57 58
58 5
58 15
58 38
58 40
58 41
58 51
58 52
58 59
59 33
59 37
60 6
60 7
60 10
60 33
60 41
61 16
61 17
61 22
61 23
61 43
61 49
Loss 0 0 0 0 0 2 0 0 0 43 51 0 0 69 37 58 0 0 34 0 0 0 0 0 0 0 0 0 98 0 0 0 82 0 0 0 0 0 36 37 0 0 0 0 17 0 0 0 0 0 17 48 0 0 0 69 0 0 0 0 22 
