58 <--# of nodes, 297 edges
1 21
1 42
1 47
1 52
2 1
2 24
2 54
3 2
3 13
3 14
3 19
3 31
3 32
3 37
3 57
4 5
4 27
4 37
4 41
4 45
4 50
5 2
5 3
5 12
5 28
5 35
5 52
6 25
6 43
7 5
7 21
7 23
7 36
7 41
8 16
8 25
8 27
8 29
8 40
9 15
9 30
9 35
9 38
9 39
9 40
10 15
10 29
10 42
10 56
11 4
11 7
11 15
11 51
11 52
12 21
12 37
12 57
13 8
13 10
13 32
13 51
13 56
14 25
14 26
14 31
14 35
14 39
15 36
15 52
16 1
16 5
16 6
16 11
16 17
16 57
17 11
17 22
17 25
17 37
17 38
17 47
17 57
18 1
18 9
18 15
18 21
18 36
18 37
18 46
18 51
18 53
18 57
19 4
19 8
19 22
19 26
19 28
19 47
20 19
20 32
20 34
21 3
21 8
21 17
21 28
21 41
22 7
22 27
22 35
22 42
22 53
23 2
23 9
23 12
23 33
23 43
23 52
24 7
24 18
25 4
25 9
25 21
25 53
26 18
26 32
26 34
26 41
27 2
27 19
27 30
27 35
27 51
28 2
28 3
28 4
28 18
28 21
28 50
28 53
29 9
29 19
29 23
29 28
29 32
29 33
29 40
30 19
30 50
30 52
30 53
31 3
31 25
31 40
32 9
33 2
33 41
33 47
34 12
34 54
35 6
35 8
35 17
35 22
35 23
35 28
35 43
35 50
35 55
36 2
36 12
36 25
36 30
36 32
36 51
37 26
37 29
37 30
37 34
38 12
38 16
38 29
38 39
39 5
39 9
39 11
39 36
39 46
40 11
40 18
40 37
40 43
40 49
40 50
40 57
41 5
41 7
41 25
41 45
41 51
42 2
42 21
42 55
43 24
43 42
43 49
43 51
43 52
44 12
44 20
44 25
44 28
45 11
45 23
45 28
45 36
45 40
46 10
46 12
46 19
46 22
46 23
46 33
46 50
47 1
47 8
47 12
47 18
47 32
47 33
47 45
47 55
47 57
47 58
48 3
48 8
48 25
48 36
48 43
48 52
48 53
49 2
49 22
49 26
49 28
49 35
49 38
49 46
49 51
50 5
50 14
50 29
50 35
50 45
50 47
50 51
51 9
51 24
51 31
51 43
51 44
51 46
51 49
52 12
52 40
53 9
53 21
53 39
53 42
53 51
54 30
54 31
54 37
54 41
55 9
55 10
55 26
55 29
55 31
55 36
56 6
56 7
56 9
56 16
56 22
56 27
56 30
56 45
56 55
57 7
57 12
57 32
57 41
57 56
58 11
58 15
58 21
58 35
Loss 0 0 0 0 0 0 0 0 0 0 0 0 0 0 0 0 0 0 0 0 0 39 45 0 0 0 0 0 0 0 19 0 95 0 0 0 0 0 0 0 79 0 0 74 0 0 0 0 0 22 0 0 0 0 0 12 0 0 
