37 <--# of nodes, 117 edges
1 5
1 12
1 24
2 1
2 20
2 32
3 1
3 13
3 29
5 7
5 9
5 10
5 17
5 25
5 32
6 2
6 9
6 14
6 15
6 23
7 4
7 14
7 17
7 18
7 23
7 27
8 11
9 4
9 31
9 34
10 7
10 22
11 1
11 31
11 37
12 4
12 19
12 24
12 32
12 35
13 9
13 19
13 20
13 26
14 15
14 27
14 30
15 27
16 18
16 36
17 21
18 3
18 10
18 16
18 30
18 35
18 36
19 15
19 20
19 29
20 4
20 10
20 23
20 33
21 1
21 17
22 14
22 29
22 36
23 28
24 6
24 15
24 26
25 3
25 4
25 35
26 31
27 11
28 18
28 26
28 27
28 29
29 5
29 8
29 14
29 15
29 25
29 32
30 17
30 26
30 27
31 11
31 12
31 23
31 25
31 29
31 33
32 7
32 13
32 20
33 5
33 13
33 16
33 23
34 19
34 23
34 28
35 3
35 15
35 22
35 29
36 14
36 17
36 21
37 8
37 20
37 34
Loss 0 48 0 0 0 58 0 0 0 0 0 0 0 0 0 0 0 89 0 0 89 0 0 0 0 0 34 0 0 0 3 0 69 0 0 0 0 
