46 <--# of nodes, 213 edges
1 8
1 13
2 10
2 16
2 22
2 27
2 28
2 38
2 43
2 45
3 8
3 27
3 30
3 41
4 12
4 16
4 20
4 22
4 30
4 36
4 37
4 38
5 10
5 11
5 14
5 16
5 22
5 33
5 35
5 36
6 31
6 46
7 23
7 27
7 42
7 43
8 3
8 16
8 17
8 18
8 24
8 38
9 15
9 23
9 29
9 34
9 35
9 38
10 7
10 9
10 32
10 35
10 37
10 44
10 46
11 21
11 30
11 44
12 1
12 4
12 7
12 14
12 31
12 37
12 39
13 1
13 10
13 24
14 19
14 30
14 45
15 4
15 36
15 41
15 45
16 30
16 32
16 34
16 43
16 45
17 5
17 8
17 10
17 35
17 38
17 39
18 1
18 19
18 21
18 23
18 34
18 39
19 3
19 8
19 10
19 13
19 31
20 1
20 5
20 11
20 21
20 29
20 43
20 45
21 2
21 8
21 11
21 16
21 25
21 31
21 39
22 2
22 9
22 25
22 39
23 3
23 6
23 7
23 32
23 40
24 35
24 39
25 6
25 15
25 16
25 24
25 45
26 5
26 11
26 21
26 28
26 29
26 37
27 33
28 39
28 43
28 46
29 4
29 16
29 32
29 34
30 19
30 34
30 38
30 42
31 11
31 16
31 30
32 7
32 17
32 28
33 1
33 9
33 13
33 14
33 27
33 29
33 31
33 43
34 28
34 29
34 37
35 5
35 7
35 31
36 23
36 26
36 29
36 33
36 38
37 3
38 4
38 17
38 33
38 45
39 24
39 30
39 40
40 22
40 37
40 38
41 8
41 9
41 10
41 11
41 14
41 24
41 44
41 46
42 10
42 24
43 11
43 15
43 26
43 37
43 39
43 40
44 13
44 43
45 3
45 8
45 14
45 18
45 22
45 26
45 28
46 1
46 17
46 19
46 25
46 28
46 32
46 40
Loss 0 0 0 0 0 0 0 0 0 0 0 0 24 0 0 0 0 11 0 0 22 58 0 0 0 0 0 0 0 0 0 0 13 0 0 0 0 0 0 0 0 0 45 0 0 10 
