70 <--# of nodes, 469 edges
1 3
1 23
1 56
1 70
2 3
2 13
2 28
3 2
3 17
3 18
3 23
3 25
3 32
3 36
3 43
3 51
3 57
3 62
3 64
4 2
4 3
4 16
4 19
4 35
4 60
4 64
5 20
5 22
5 37
5 38
5 41
5 61
5 63
5 69
6 10
6 18
6 22
6 24
6 25
6 46
6 53
6 57
6 58
7 3
7 19
7 20
7 33
7 52
8 1
8 5
8 10
8 11
8 31
8 55
8 59
8 63
8 64
9 8
9 15
9 19
9 25
9 26
9 38
9 42
9 53
9 55
9 61
9 64
10 1
10 18
10 24
10 28
10 46
10 59
10 60
10 63
11 3
11 17
11 19
11 23
11 30
11 48
12 18
12 24
12 25
12 35
12 53
12 54
13 35
13 41
13 48
13 56
13 65
14 5
14 6
14 9
14 17
14 47
14 58
15 3
15 5
15 9
15 14
15 19
15 40
15 44
15 63
15 68
15 69
16 1
16 7
16 19
16 25
16 37
16 51
16 61
16 62
16 65
17 8
17 13
17 41
17 51
17 57
17 64
17 68
18 37
18 39
18 44
18 48
18 56
19 18
19 20
19 30
19 40
19 52
19 60
20 2
20 31
20 43
20 65
21 1
21 11
21 14
21 44
21 50
22 11
22 29
22 42
22 56
22 68
23 14
23 21
23 38
23 44
23 52
23 58
23 69
24 17
24 25
24 30
24 32
24 52
24 57
24 69
25 4
25 6
25 12
25 15
25 18
25 20
25 23
25 27
25 31
25 44
25 46
25 61
25 67
26 11
26 50
26 63
27 11
27 24
27 26
27 31
27 67
28 4
28 5
28 29
28 53
28 59
28 64
29 4
29 7
29 17
29 56
29 57
30 1
30 12
30 56
30 64
31 8
31 26
31 46
31 70
32 1
32 3
32 4
32 24
32 30
32 36
32 64
33 6
33 25
33 53
34 1
34 15
34 23
34 45
34 46
34 66
35 7
35 12
35 28
35 48
35 54
36 1
36 10
36 28
36 46
36 54
36 58
36 63
36 65
37 3
37 6
37 18
37 26
37 36
37 43
37 51
37 53
37 55
37 56
38 7
38 10
38 13
38 16
38 22
38 24
38 39
38 47
38 65
39 11
39 22
39 47
39 48
39 55
40 4
40 11
40 12
40 18
40 22
40 36
40 42
40 43
40 45
40 49
40 50
41 12
41 22
41 29
41 38
41 45
41 47
41 53
41 63
41 66
42 5
42 9
42 19
42 32
42 59
42 69
42 70
43 6
43 9
43 21
43 25
43 31
43 33
43 37
43 62
43 65
44 13
44 45
44 57
45 7
45 14
46 2
46 6
46 14
46 21
46 35
46 53
47 8
47 12
47 24
47 25
47 36
47 41
47 48
47 57
48 4
48 11
48 27
48 29
48 32
48 59
48 65
49 4
49 15
49 19
49 24
49 67
50 9
50 10
50 11
50 28
50 58
50 59
51 22
51 29
51 37
51 38
51 41
51 43
51 47
51 48
51 69
52 11
52 13
52 42
52 45
52 64
52 68
53 20
53 39
53 63
54 1
54 10
54 14
54 15
54 21
54 59
55 2
55 3
55 5
55 58
55 69
56 4
56 19
56 23
56 35
56 53
57 22
57 33
57 37
57 42
57 47
57 48
57 59
58 1
58 34
58 45
58 60
58 61
58 63
58 65
59 14
59 19
59 40
59 43
59 46
59 48
59 51
59 56
60 4
60 6
60 23
60 29
60 61
60 63
60 68
61 8
61 25
61 31
61 54
61 62
61 68
62 7
62 19
62 33
62 41
62 45
62 57
62 58
63 1
63 3
63 10
63 19
63 21
63 23
63 37
63 44
63 47
63 49
63 52
63 62
64 4
64 14
64 22
64 26
64 32
64 38
64 48
64 50
64 55
64 67
65 15
65 33
65 48
65 50
65 62
65 68
66 3
66 18
66 37
66 45
66 51
66 62
67 7
67 32
67 51
67 63
67 69
68 4
68 9
68 13
68 21
68 33
68 39
68 45
68 51
68 57
68 59
69 11
69 41
69 47
69 49
69 54
69 58
69 60
70 4
70 11
70 30
70 34
70 55
70 56
70 66
Loss 0 0 0 57 0 0 0 60 7 0 0 0 0 0 0 0 0 0 0 0 0 0 0 0 0 62 0 0 0 0 0 0 0 0 6 0 0 0 0 0 0 0 0 51 0 0 0 59 0 0 30 0 0 0 41 0 0 71 0 0 0 0 0 0 0 0 0 0 0 0 
