54 <--# of nodes, 293 edges
1 34
1 39
1 40
1 41
1 42
2 8
2 13
2 36
2 37
2 39
2 41
2 49
2 53
3 6
3 17
3 27
3 40
3 47
3 53
4 6
4 14
4 17
4 21
4 33
4 50
5 23
5 25
5 30
5 47
5 54
6 14
6 39
7 14
7 15
7 23
7 30
7 38
7 39
7 47
7 48
7 51
8 2
8 7
8 18
8 21
8 26
8 36
8 40
8 41
8 46
9 16
9 29
9 37
9 39
9 40
9 45
9 49
10 7
10 11
10 22
10 32
11 6
11 34
11 35
11 43
11 45
11 54
12 1
12 7
12 16
12 26
12 34
12 48
12 53
13 1
13 4
13 5
13 20
13 24
13 47
14 15
14 20
14 23
14 24
14 28
14 31
14 35
14 43
14 53
15 5
15 19
16 4
16 18
16 27
16 39
16 46
17 2
17 24
17 25
17 28
17 30
17 46
17 49
18 2
18 3
18 13
18 23
18 26
18 34
18 53
19 3
19 8
19 26
19 31
19 44
20 1
20 13
20 46
20 53
21 6
21 11
21 27
21 34
21 35
21 37
21 44
22 6
22 29
22 34
23 5
23 33
23 37
23 47
24 6
24 17
24 27
24 33
24 36
24 50
25 7
25 24
25 51
25 52
26 48
26 51
27 3
27 10
27 18
27 30
27 52
28 14
28 19
28 24
28 40
29 2
29 18
29 23
29 45
29 49
30 33
30 41
30 46
31 6
31 25
31 32
31 33
31 49
32 6
32 16
32 26
32 30
32 35
32 47
33 5
33 7
33 14
33 19
33 20
33 21
33 26
33 30
33 36
33 44
33 50
34 3
34 8
34 10
34 22
34 24
34 33
34 41
34 54
35 2
35 24
35 40
36 3
36 10
36 12
36 22
36 25
36 49
36 51
37 2
37 16
37 31
37 34
37 35
38 1
38 2
38 11
38 53
39 7
39 19
39 32
39 33
39 45
40 2
40 3
40 13
40 34
40 38
40 43
41 11
41 33
42 8
42 13
42 14
42 43
42 51
42 53
42 54
43 3
43 31
43 32
43 42
44 9
44 12
44 15
44 21
44 24
44 28
44 36
45 4
45 19
45 49
46 13
46 20
46 21
46 23
46 35
46 36
46 45
46 52
47 7
47 25
47 39
48 1
48 4
48 6
48 16
48 18
48 32
48 47
49 15
49 18
49 46
49 52
49 53
50 12
50 16
50 25
50 33
50 35
50 44
51 12
51 15
51 18
51 21
51 31
51 41
51 46
52 42
52 48
53 9
53 28
53 29
53 46
53 49
53 52
54 18
54 34
54 37
54 48
Loss 0 0 0 0 0 0 0 0 72 0 32 87 0 97 0 98 0 0 0 0 35 0 0 0 0 0 0 0 0 23 66 0 0 85 12 0 0 0 0 43 0 0 0 0 0 0 0 0 87 0 0 0 0 32 
