46 <--# of nodes, 217 edges
1 22
2 10
2 21
3 5
3 10
3 13
3 21
3 22
3 24
3 41
3 43
3 44
4 15
4 20
4 34
4 38
5 6
5 15
5 27
5 44
5 46
6 4
6 5
6 14
6 24
6 30
6 37
6 45
7 15
8 11
8 27
8 33
9 35
9 40
9 45
10 7
10 12
10 13
10 22
10 25
10 26
10 46
11 29
11 46
12 16
12 20
12 21
13 7
13 20
13 22
13 25
13 43
14 9
14 16
14 34
14 37
14 38
14 44
14 45
15 18
15 21
15 34
15 43
16 5
16 32
16 35
17 5
17 12
17 16
17 34
17 39
18 1
18 7
18 46
19 2
19 7
19 17
19 30
19 45
20 5
20 25
20 34
20 44
20 45
20 46
21 14
21 17
21 26
21 27
21 29
21 37
21 38
21 40
22 8
22 15
22 29
22 41
22 46
23 1
23 4
23 5
23 8
23 9
23 32
23 46
24 2
24 5
24 9
24 13
24 14
24 19
24 37
25 1
25 4
25 11
25 12
25 19
25 40
25 41
26 2
26 9
26 44
27 14
27 26
28 6
28 29
28 32
28 41
28 44
28 46
29 1
29 3
29 4
29 43
29 45
30 10
30 15
30 37
31 9
31 10
31 14
31 17
31 42
31 43
32 7
32 30
32 31
32 35
32 38
32 39
33 2
33 8
33 17
33 21
33 26
33 28
33 29
33 32
33 35
33 42
33 45
34 15
34 27
35 6
35 13
35 18
35 23
35 39
36 15
36 42
36 46
37 30
37 41
37 45
38 6
38 16
38 19
38 25
38 29
38 37
38 40
38 44
39 1
39 17
39 46
40 2
40 3
40 9
40 23
41 5
41 17
41 23
41 28
41 36
41 38
42 1
42 6
42 22
42 30
42 46
43 6
43 17
43 22
43 27
43 29
43 37
43 41
44 16
44 29
44 34
45 8
45 36
45 39
45 46
46 13
46 28
46 37
Loss 0 0 0 73 0 0 0 0 0 0 0 19 63 0 0 0 0 0 0 4 0 0 86 0 53 0 0 0 0 61 0 0 0 0 0 78 0 64 0 0 0 0 0 89 8 0 
