34 <--# of nodes, 106 edges
1 6
1 8
1 14
1 29
2 8
3 2
3 24
3 28
3 29
4 3
4 15
5 1
5 12
5 25
6 5
6 15
6 17
6 23
6 33
7 10
7 14
7 22
7 34
8 4
8 9
8 13
8 19
8 32
9 2
9 7
9 25
9 28
11 5
11 13
11 18
11 30
12 6
12 8
12 11
12 13
12 24
12 26
13 15
13 22
13 30
14 5
14 27
15 11
15 16
15 21
15 24
15 26
16 28
16 29
16 32
17 4
17 20
18 1
18 7
18 15
19 7
19 9
19 18
19 26
20 4
20 15
21 7
21 22
21 34
22 29
23 24
23 27
23 33
24 7
24 15
24 17
24 22
24 27
24 28
24 29
24 32
25 27
26 15
26 32
26 34
27 3
27 7
28 9
28 11
29 4
29 6
29 10
29 11
29 28
30 17
31 9
31 29
32 15
33 13
33 16
33 17
33 21
33 25
33 34
34 26
34 32
Loss 0 0 0 96 0 0 0 0 0 0 0 0 0 0 0 0 0 0 0 12 0 0 0 0 0 99 0 29 0 0 0 7 0 0 
