63 <--# of nodes, 406 edges
1 6
1 27
1 52
1 60
2 5
2 15
2 17
2 22
2 27
2 36
2 44
2 47
2 50
3 2
3 6
3 24
3 25
3 26
3 28
3 31
3 36
3 40
3 41
3 51
3 58
3 59
3 61
4 10
4 40
4 43
4 45
4 47
5 2
5 6
5 26
5 39
5 43
5 62
6 21
6 25
6 27
6 31
6 47
7 1
7 2
7 44
7 54
7 59
7 63
8 10
8 15
8 16
8 23
8 25
8 27
8 31
9 17
9 20
9 21
9 31
9 32
9 34
9 39
9 62
10 1
10 5
10 12
10 23
10 25
10 31
10 46
10 48
11 4
11 5
11 9
11 41
11 42
11 44
12 4
12 20
12 22
12 44
12 50
13 7
13 23
13 24
13 30
13 31
13 41
13 45
13 51
13 52
13 55
13 57
14 4
14 6
14 9
14 17
14 18
14 30
14 52
14 59
15 5
15 11
15 20
15 27
15 32
15 36
15 48
16 4
16 32
16 37
16 43
16 46
17 40
17 49
17 50
17 59
18 3
18 9
18 14
18 15
18 48
19 25
19 37
19 45
19 46
19 50
20 1
20 8
20 17
20 54
21 6
21 9
21 41
21 42
22 17
22 19
22 20
22 29
22 39
22 43
22 44
22 48
22 51
22 54
22 60
23 4
23 18
23 38
23 56
23 58
24 4
24 39
24 40
24 48
24 52
25 7
25 14
25 24
25 27
25 28
25 29
25 33
25 48
26 3
26 8
26 18
26 30
26 53
26 56
27 2
27 4
27 43
27 51
27 57
27 58
27 60
28 1
28 7
28 8
28 14
28 38
28 41
28 49
28 60
29 22
29 32
29 38
29 52
29 56
30 8
30 31
30 49
31 3
31 9
31 14
31 15
31 22
31 26
31 28
31 42
31 58
32 8
32 28
32 35
33 9
33 13
33 30
33 44
33 60
34 14
34 26
34 41
34 43
35 1
35 16
35 23
35 34
35 36
35 53
36 6
36 32
36 41
36 47
36 53
36 63
37 1
37 5
37 8
37 17
37 23
37 39
37 48
38 5
38 17
38 23
38 29
38 41
38 47
38 61
39 18
39 24
39 25
39 31
39 40
39 42
39 50
39 59
39 61
39 62
39 63
40 5
40 10
40 12
40 17
40 38
40 39
40 47
40 49
40 52
40 53
40 56
40 60
40 63
41 28
41 31
41 45
41 49
41 61
42 2
42 9
42 14
42 17
42 23
42 24
42 31
42 38
42 40
42 47
42 59
43 10
43 22
43 38
43 52
44 6
44 11
44 25
44 27
44 32
44 34
44 36
45 11
45 15
45 31
45 32
45 59
45 63
46 10
46 51
46 53
47 2
47 4
47 8
47 10
47 25
48 28
48 42
48 46
49 10
49 45
49 55
49 61
50 44
50 54
51 6
51 26
51 32
51 55
51 60
52 27
52 33
52 42
52 51
52 56
52 59
53 5
53 18
53 25
53 29
53 30
53 39
53 40
53 43
53 49
53 52
54 1
54 4
54 9
54 11
54 13
54 31
54 34
54 35
54 37
54 44
54 53
54 63
55 5
55 16
55 19
55 30
55 34
55 37
55 52
56 1
56 4
56 13
56 17
56 22
56 26
56 34
56 59
57 11
57 15
57 16
57 24
57 42
57 52
57 54
58 20
58 35
58 41
58 62
59 34
59 37
59 39
59 46
60 17
60 18
60 26
60 27
60 47
60 53
60 56
61 5
61 6
61 16
61 32
61 33
61 38
61 60
62 3
62 20
62 27
62 30
62 36
62 44
62 60
63 1
63 3
63 4
63 19
63 37
63 39
63 58
Loss 0 0 0 0 0 26 0 0 0 26 0 0 0 0 0 0 0 0 17 0 91 0 35 0 0 0 0 0 62 78 86 0 0 72 22 0 0 0 0 0 0 29 0 0 0 0 0 0 78 0 0 76 84 84 0 0 0 0 0 0 0 0 78 
