44 <--# of nodes, 182 edges
1 18
1 24
1 25
2 8
2 9
2 18
2 31
2 44
3 10
3 15
3 19
3 25
3 41
4 16
4 37
4 41
5 9
5 16
5 18
5 19
5 20
5 26
5 27
5 42
6 3
6 8
6 21
6 31
6 40
7 1
7 2
7 17
7 22
7 37
7 41
7 43
8 3
8 6
8 14
8 25
8 32
8 37
8 41
8 42
9 2
9 23
9 27
9 32
10 12
10 21
10 42
11 4
11 20
11 27
12 8
12 15
12 29
12 30
13 8
13 29
14 6
14 10
14 15
14 23
14 27
14 32
14 36
14 41
15 2
15 18
15 25
15 27
15 31
16 4
16 9
16 28
16 42
17 11
17 14
17 22
17 26
17 31
17 35
17 36
18 26
19 37
19 39
20 17
20 26
21 6
21 15
21 16
21 18
21 22
21 26
21 32
22 3
22 10
22 16
22 28
23 9
23 18
23 26
23 29
23 32
23 33
23 43
24 22
24 28
25 2
25 3
25 19
26 19
26 41
27 36
27 39
28 29
29 15
29 35
29 38
29 43
30 4
30 5
30 6
30 19
30 29
30 40
30 42
31 6
31 8
31 14
31 23
31 28
32 11
32 25
32 27
32 42
33 9
33 16
33 35
34 6
34 9
34 13
34 43
35 18
36 5
36 26
36 40
37 5
37 15
37 24
37 30
38 1
38 6
38 24
39 4
39 25
40 27
40 36
40 38
40 44
41 9
41 23
41 25
41 26
41 29
41 40
42 6
42 13
42 34
42 37
42 40
42 41
43 1
43 3
43 8
43 10
43 16
44 23
44 24
44 38
44 40
Loss 0 0 0 0 0 0 0 0 0 0 0 21 0 98 0 0 0 44 17 0 11 0 0 0 0 0 0 84 0 0 55 0 0 0 0 0 0 0 0 0 0 0 0 0 
