59 <--# of nodes, 353 edges
1 21
1 25
1 28
1 50
1 54
2 1
2 10
2 11
2 14
2 16
2 18
2 27
2 40
3 1
3 29
3 34
3 35
4 6
4 15
4 21
4 31
4 35
4 37
4 52
5 1
5 4
5 18
5 21
5 22
5 37
5 38
5 49
5 56
6 1
6 4
6 16
6 22
6 23
6 25
6 35
6 36
6 45
6 46
6 47
6 49
7 3
7 11
7 19
7 28
7 30
7 34
7 37
7 39
7 46
8 13
8 14
8 17
8 24
8 29
8 35
8 38
9 8
9 13
9 14
9 18
9 30
9 42
9 47
10 4
10 8
10 13
10 16
10 18
10 23
10 35
11 16
11 19
11 29
11 48
11 50
11 52
12 16
12 21
12 56
13 6
13 16
13 17
13 26
13 28
13 33
13 45
13 51
14 11
14 13
14 19
14 20
14 24
14 34
14 58
15 16
15 40
15 42
15 56
15 57
15 59
16 5
16 10
16 18
16 45
16 50
16 52
17 12
17 24
17 28
17 48
18 2
18 4
18 9
18 12
18 21
18 33
18 41
19 13
19 18
19 44
19 49
19 58
20 5
20 26
20 36
20 57
20 58
21 1
21 17
21 24
21 45
21 58
22 2
22 5
22 20
22 30
22 31
22 38
22 55
22 57
23 4
23 50
24 5
24 19
24 20
24 28
24 41
24 58
25 5
25 27
25 37
25 49
26 3
26 9
26 11
26 12
26 16
26 34
26 46
26 48
27 9
27 23
27 26
28 40
28 58
29 2
29 4
29 15
29 30
29 35
29 36
29 37
29 42
29 53
30 24
30 26
30 34
31 8
31 32
31 39
31 41
31 50
32 2
32 19
32 25
32 50
33 13
33 16
33 42
33 51
33 56
34 1
34 15
34 20
34 23
34 24
34 28
34 31
34 49
34 55
34 59
35 5
35 21
35 24
35 25
35 37
35 46
35 48
36 5
36 38
36 53
37 43
38 7
38 10
38 11
38 48
38 55
39 2
39 3
39 7
39 13
39 19
39 24
39 25
39 29
39 35
39 47
39 51
40 12
40 20
40 25
40 35
40 52
40 54
41 4
41 19
41 55
42 20
42 36
42 37
42 39
42 41
42 51
42 53
43 4
43 5
43 10
43 11
43 31
44 8
44 16
44 37
44 40
44 46
44 59
45 5
45 7
45 12
45 15
45 17
45 46
45 56
46 7
46 10
46 15
46 18
46 20
46 26
46 28
46 36
46 44
46 48
46 53
47 1
47 33
47 46
47 56
47 57
48 29
48 32
48 56
49 12
49 33
49 40
50 9
50 18
50 19
50 20
50 44
50 56
51 17
51 34
51 36
51 41
51 44
51 53
52 5
52 13
52 36
52 40
52 58
52 59
53 4
53 10
53 23
53 33
53 38
53 51
53 54
54 4
54 10
54 18
54 24
54 39
55 2
55 3
55 7
55 11
55 19
55 20
55 28
55 33
55 47
55 53
56 21
56 22
56 24
56 30
56 47
56 48
57 12
57 14
57 22
57 23
57 25
57 30
57 42
57 56
58 16
58 20
58 37
58 47
58 54
59 4
59 12
59 13
59 15
59 31
Loss 0 78 0 38 0 0 0 55 0 0 65 75 0 0 0 0 0 0 0 0 0 0 0 0 19 0 0 0 0 0 0 0 65 0 0 0 0 0 0 0 0 0 0 72 0 64 0 0 0 0 0 0 0 0 0 0 0 0 5 
