39 <--# of nodes, 134 edges
1 2
1 6
1 7
1 26
3 2
3 12
3 24
3 26
3 39
4 7
4 10
4 25
4 35
5 1
5 23
6 10
6 11
6 24
6 33
6 35
7 19
7 24
8 2
8 6
8 17
8 32
8 36
9 10
9 11
9 19
9 30
9 34
9 38
10 23
10 34
10 36
11 7
11 14
11 30
12 3
12 17
13 24
13 26
13 36
14 5
14 10
14 22
14 26
14 33
15 2
15 7
15 27
15 30
15 32
15 36
15 37
15 38
16 8
16 26
16 27
17 23
17 31
18 7
18 9
18 11
18 20
18 28
18 32
18 35
19 4
19 18
19 25
19 37
20 5
20 16
20 35
21 5
21 24
21 39
22 4
22 28
23 10
23 19
23 37
24 26
24 32
25 33
26 2
26 4
26 12
26 14
27 24
27 31
28 5
28 19
29 2
29 12
29 16
29 22
30 29
30 37
30 38
31 33
32 36
33 25
33 30
33 32
33 37
34 4
34 9
34 13
34 25
34 30
35 7
35 24
35 28
36 5
36 12
36 16
36 24
36 30
36 31
36 39
37 34
38 7
38 9
38 19
38 31
38 39
39 4
39 22
39 27
39 29
39 34
Loss 0 0 0 0 43 0 0 0 0 0 0 0 0 0 0 0 0 0 85 0 0 76 0 0 0 0 0 0 0 0 0 0 0 0 0 0 0 0 0 
