52 <--# of nodes, 255 edges
1 2
1 6
1 16
1 28
1 45
2 1
2 15
2 22
2 35
2 44
2 50
2 51
3 11
3 17
3 18
3 44
3 50
4 8
4 9
4 14
4 30
4 36
4 37
4 52
5 10
5 16
5 30
5 37
5 45
6 3
6 11
6 26
6 33
6 48
7 5
7 31
7 37
7 43
8 10
8 14
9 5
9 15
9 16
9 28
9 45
9 51
10 2
10 25
10 31
10 48
11 12
11 20
11 28
11 32
12 4
12 15
12 33
12 35
12 41
12 45
13 1
13 24
13 25
13 38
14 2
14 4
14 17
14 25
14 51
15 5
15 7
15 18
15 19
15 29
15 31
15 34
15 41
15 43
15 49
16 2
16 3
16 35
16 48
16 51
17 1
17 19
17 26
17 35
17 37
17 39
18 2
18 5
18 24
18 25
18 27
18 31
18 36
18 46
19 2
19 18
19 21
19 25
19 35
19 41
20 2
20 4
20 7
20 16
20 18
20 45
20 52
21 2
21 5
21 9
21 38
22 26
22 44
23 3
23 4
23 18
23 43
23 44
23 52
24 16
24 20
24 28
24 35
24 52
25 5
25 9
25 27
25 43
26 4
26 8
26 18
26 31
26 38
26 43
26 51
27 22
27 38
27 46
27 47
27 49
27 52
28 19
28 27
28 44
29 2
29 21
29 39
29 43
29 46
29 52
30 18
30 46
31 1
31 38
32 5
32 15
32 22
32 26
33 1
33 2
33 10
33 13
34 2
34 6
34 7
34 9
34 16
34 29
35 2
35 36
35 37
35 45
36 1
36 5
36 16
36 21
37 17
37 18
37 26
37 32
37 36
37 47
38 51
39 18
39 28
40 5
40 6
40 15
40 33
40 34
40 37
40 41
40 42
40 45
41 21
41 24
41 25
41 29
41 37
41 38
41 39
42 32
42 38
42 43
42 46
42 51
42 52
43 44
44 2
44 42
45 5
45 10
45 15
45 19
45 32
45 48
46 12
46 31
46 50
46 52
47 7
47 17
47 23
47 29
47 30
47 46
48 5
48 24
48 35
48 36
49 13
49 29
49 36
49 37
49 42
49 44
50 3
50 9
50 13
50 20
50 31
50 37
51 3
51 11
51 19
51 38
51 47
52 7
52 8
52 14
52 37
Loss 0 48 0 0 0 0 0 0 8 0 0 59 0 0 0 0 0 34 0 0 0 0 0 0 0 0 0 0 0 0 0 0 0 94 0 0 0 0 21 0 28 0 0 0 0 0 0 0 0 7 0 0 
