69 <--# of nodes, 493 edges
1 8
1 12
1 21
1 34
1 50
1 56
1 69
2 14
2 17
2 63
2 69
3 30
3 59
4 3
4 7
4 8
4 11
4 35
4 37
4 39
4 45
4 48
4 56
4 66
5 1
5 25
5 30
5 35
5 38
5 47
6 14
6 25
6 31
6 50
6 51
6 53
6 61
7 17
7 34
7 35
7 36
7 48
7 65
7 69
8 6
8 13
8 15
8 21
8 68
9 2
9 13
9 22
9 29
9 39
9 41
10 3
10 8
10 31
10 42
10 44
10 48
10 57
10 58
10 60
10 64
10 69
11 16
11 17
11 19
11 26
11 40
11 67
11 68
12 13
12 15
12 28
12 29
12 32
12 38
12 39
12 47
12 57
13 17
13 20
13 31
13 42
13 43
13 47
13 54
13 67
13 69
14 2
14 19
14 37
14 50
14 54
14 64
15 19
15 41
15 57
15 60
16 10
16 14
16 18
16 22
16 36
16 40
16 50
16 55
16 64
16 68
17 5
17 16
17 53
18 1
18 14
18 21
18 27
18 30
18 33
18 36
18 40
18 62
18 63
18 69
19 23
19 26
19 35
19 36
19 40
19 44
19 52
19 69
20 11
20 14
20 15
20 21
20 27
20 32
20 44
20 61
21 11
21 14
21 26
21 35
21 42
21 49
21 62
21 68
22 1
22 2
22 10
22 18
22 20
22 37
22 45
22 49
22 65
22 67
23 2
23 5
23 6
23 12
23 40
23 43
23 63
23 64
24 4
24 7
24 10
24 36
24 41
24 69
25 10
25 15
25 18
25 41
25 48
25 52
25 60
25 61
25 63
26 21
26 24
26 36
26 42
26 63
27 2
27 12
27 18
27 19
27 22
27 24
27 38
27 41
27 42
28 11
28 13
28 15
28 16
28 29
28 31
28 32
28 36
28 57
29 5
29 11
29 30
29 49
29 52
29 58
29 65
30 11
30 24
30 35
30 36
30 40
30 46
30 52
30 58
30 59
30 60
31 11
31 13
31 25
31 33
31 36
31 39
31 43
31 47
31 53
31 56
31 61
32 18
32 43
32 48
32 54
32 58
32 62
33 5
33 8
33 15
33 23
33 25
33 30
33 62
33 66
33 67
33 68
34 33
34 50
35 8
35 14
35 25
35 33
36 2
36 19
36 22
36 35
36 39
36 40
36 45
36 54
36 57
36 62
37 8
37 13
37 16
37 21
37 28
37 32
37 42
37 55
37 61
38 7
38 16
38 22
38 40
38 46
39 16
39 22
39 36
39 43
39 44
39 58
40 1
40 16
40 26
40 35
40 41
40 43
40 48
40 53
40 57
41 2
41 10
41 16
41 17
41 21
41 38
41 44
41 48
41 51
41 69
42 3
42 13
42 14
42 20
42 34
42 41
42 51
42 54
42 59
42 64
43 5
43 13
43 15
43 16
43 27
43 45
43 47
43 63
44 28
44 31
44 47
44 59
44 62
44 64
44 67
44 69
45 6
45 17
45 25
45 35
45 51
45 60
46 30
46 31
46 32
46 33
47 1
47 5
47 33
47 42
47 45
47 55
47 61
47 67
47 69
48 2
48 3
48 18
48 28
49 6
49 18
49 32
49 39
49 44
49 61
49 63
49 64
50 6
50 18
50 26
50 29
50 35
50 55
50 60
51 5
51 7
51 35
51 52
51 53
51 64
52 1
52 12
52 13
52 15
52 20
52 25
52 32
52 39
52 40
53 5
53 6
53 13
53 15
53 17
53 21
53 25
53 37
53 43
53 47
53 68
54 8
54 11
54 43
54 66
54 69
55 2
55 4
55 8
55 29
55 42
55 49
55 53
55 61
56 8
56 9
56 20
56 21
56 22
56 24
56 26
56 31
56 43
56 48
56 49
56 63
56 64
57 6
57 7
57 11
57 20
57 37
57 44
57 46
57 64
58 10
58 14
58 44
58 46
59 5
59 19
59 21
59 48
59 49
59 55
60 17
60 26
60 33
60 37
60 47
61 6
61 8
61 18
61 35
61 38
61 57
62 2
62 3
62 8
62 9
62 10
62 13
62 56
62 65
63 8
63 14
63 56
63 68
64 7
64 16
64 23
65 18
65 29
66 9
66 20
66 35
66 43
66 53
66 68
66 69
67 20
67 25
67 27
67 37
67 38
67 39
67 56
67 68
68 9
68 16
68 20
68 51
68 52
68 54
68 60
68 63
68 64
69 24
69 44
69 46
Loss 0 0 0 0 0 0 0 0 0 0 0 0 0 45 65 0 0 0 0 0 0 0 0 79 0 0 0 0 0 0 67 0 0 0 0 0 0 0 0 0 0 0 0 0 0 0 0 0 0 59 20 0 0 0 0 0 0 0 0 0 0 0 0 0 0 0 0 0 0 
