34 <--# of nodes, 124 edges
1 8
1 17
1 25
2 4
2 11
2 29
2 31
3 8
3 10
3 16
3 19
3 22
3 32
4 7
4 13
4 20
5 10
5 14
5 16
5 20
5 23
6 4
6 26
6 27
6 32
7 3
7 6
7 11
7 19
7 21
7 30
8 9
8 33
9 4
9 12
9 21
10 5
10 6
10 14
10 15
10 20
10 21
10 22
10 25
11 4
12 1
12 5
12 17
12 18
12 34
13 8
13 10
13 16
13 28
14 8
15 20
15 21
15 25
15 32
16 14
16 19
16 26
17 31
19 18
19 21
19 25
20 1
20 10
20 21
20 23
21 2
21 8
21 13
21 22
21 24
21 33
22 6
22 30
22 33
24 4
24 17
24 18
24 20
24 22
25 12
25 27
26 1
26 21
26 27
27 2
27 8
27 14
27 16
27 19
27 30
28 22
28 33
29 6
29 9
29 21
29 30
29 32
29 33
30 3
30 9
30 27
31 5
31 9
31 12
31 20
31 25
31 30
32 3
32 10
32 14
32 19
32 23
32 25
33 6
33 34
34 2
34 4
34 18
34 25
Loss 0 0 0 28 0 0 0 0 53 0 0 0 0 0 0 0 0 0 0 29 0 72 0 0 0 0 0 0 0 0 0 51 0 0 
