57 <--# of nodes, 306 edges
1 7
1 10
1 25
1 31
1 44
2 5
2 15
2 33
2 45
2 46
2 47
2 56
3 15
3 20
3 23
3 25
3 40
3 57
4 1
4 9
4 29
4 30
4 40
4 51
4 52
4 53
5 15
5 43
5 51
6 3
6 17
6 18
6 23
6 34
6 46
6 55
7 2
7 17
7 21
7 29
7 34
7 46
7 51
8 14
8 15
8 18
8 53
9 20
9 29
10 4
10 19
10 40
10 44
10 52
11 3
11 33
11 34
12 16
12 25
12 35
12 42
12 55
12 57
13 17
13 28
13 34
13 44
14 29
14 31
14 49
14 53
15 7
15 28
15 29
15 38
15 46
15 50
16 6
16 12
16 18
16 23
16 37
16 38
16 55
18 11
18 25
18 26
18 32
18 38
18 40
18 57
19 22
19 42
19 46
20 12
20 15
20 23
20 39
20 55
21 35
21 41
21 42
21 46
21 56
22 4
22 8
22 19
22 30
23 14
23 28
23 37
23 38
24 19
24 20
24 28
24 37
25 5
25 8
25 12
25 14
25 18
25 20
25 21
25 33
25 54
26 16
26 19
26 37
26 48
27 14
27 55
28 1
28 15
28 27
28 30
28 34
28 39
29 11
29 27
29 28
29 47
30 1
30 2
30 21
30 25
30 35
30 40
30 45
30 47
30 56
30 57
31 1
31 8
31 14
31 34
31 35
31 44
31 48
32 17
32 30
32 49
33 7
33 19
33 46
34 1
34 7
34 10
34 11
34 52
35 7
35 25
35 31
35 44
35 48
36 9
36 17
36 18
36 19
36 20
36 27
36 32
36 55
37 1
37 3
37 21
37 25
37 29
37 34
37 46
38 1
38 17
38 21
38 35
38 40
38 41
38 42
38 49
39 20
39 25
39 28
39 43
39 52
39 55
39 56
40 11
40 36
40 38
40 49
41 9
41 31
41 32
41 33
41 44
41 49
41 50
42 11
42 21
42 48
43 1
43 31
43 48
44 35
44 40
44 41
44 55
44 57
45 18
45 28
45 34
45 44
45 57
46 3
46 24
46 26
46 55
47 9
47 35
48 2
48 7
48 11
48 28
48 44
48 47
49 13
49 37
49 50
49 51
50 11
50 17
50 25
50 34
50 38
50 39
50 51
50 55
51 4
51 8
51 10
51 22
51 38
51 53
52 10
52 19
52 23
52 34
52 36
52 51
52 55
53 2
53 3
53 10
53 11
53 12
53 13
53 17
53 19
53 49
53 54
54 2
54 17
54 19
54 26
54 27
54 29
54 37
54 38
54 44
54 45
54 50
55 25
56 8
56 11
56 13
56 17
56 22
56 34
56 36
57 18
57 21
57 23
57 28
57 37
57 42
57 44
57 45
57 51
Loss 0 0 0 0 0 0 0 69 0 0 0 0 0 0 0 0 0 0 0 0 43 0 0 0 0 0 0 14 52 0 0 0 0 0 0 1 0 0 0 0 0 0 0 0 88 0 0 75 0 68 0 0 0 0 73 33 18 
