31 <--# of nodes, 103 edges
1 7
1 10
1 18
1 25
3 5
3 7
4 10
4 14
4 15
4 22
4 23
4 25
5 16
5 17
5 19
5 25
6 9
6 13
7 1
7 6
7 8
7 12
7 21
7 28
8 17
8 29
9 6
9 7
10 2
10 3
10 12
10 19
10 28
11 21
11 29
12 1
12 13
12 14
12 18
12 22
13 15
13 24
15 17
16 12
16 17
16 18
16 27
17 7
17 14
17 30
18 10
18 15
18 17
18 28
19 2
19 6
19 17
20 6
20 15
20 18
20 24
21 4
21 5
21 7
21 22
22 4
22 12
22 14
22 28
23 1
23 5
24 7
24 12
24 19
25 3
25 14
26 16
26 28
27 2
27 7
27 15
27 19
27 23
27 30
28 2
28 3
28 7
28 15
29 1
29 12
29 14
29 19
29 25
29 28
30 3
30 7
30 11
30 13
30 25
30 27
31 14
31 18
31 26
Loss 0 0 0 0 0 0 18 46 0 0 0 0 0 0 0 0 0 0 0 92 0 0 66 0 0 0 0 0 90 0 0 
