45 <--# of nodes, 209 edges
1 22
1 35
1 38
2 12
2 14
3 1
3 6
3 20
3 29
3 45
4 11
4 17
4 22
4 23
5 19
5 42
5 43
6 14
6 20
6 28
6 29
6 32
6 42
7 12
7 14
7 21
7 23
7 43
7 45
8 15
8 21
8 22
8 23
8 32
8 40
8 43
9 4
9 14
9 27
9 29
10 3
10 9
10 13
10 21
10 25
11 1
11 13
11 16
11 18
11 23
11 24
11 35
11 38
12 8
12 9
12 26
12 28
12 45
13 6
13 12
13 15
13 21
13 32
14 4
14 12
14 27
14 28
14 32
14 34
14 38
14 39
15 6
15 7
15 9
15 16
15 18
15 19
15 21
15 29
15 38
15 40
15 43
16 2
16 5
16 9
16 12
16 13
16 15
16 21
17 1
17 27
17 34
17 43
17 44
18 6
18 12
18 38
18 44
19 27
20 6
20 13
20 24
20 35
20 39
20 41
21 7
21 8
21 33
21 44
22 3
22 16
22 21
22 35
22 41
23 14
24 6
24 15
24 34
25 1
25 9
25 13
25 41
26 15
26 25
27 5
27 28
28 8
28 20
28 30
28 41
29 26
29 41
30 4
30 8
30 24
30 27
30 33
31 7
31 8
31 11
31 28
31 33
31 38
32 3
32 17
32 18
32 20
32 25
32 39
33 41
33 44
33 45
35 2
35 10
35 11
35 24
35 32
35 39
36 1
36 6
36 7
36 13
36 15
36 19
36 20
36 26
36 28
36 41
37 12
37 14
37 17
37 25
38 7
38 11
38 17
38 26
38 36
38 39
38 41
39 2
39 5
39 16
39 30
39 31
40 8
40 11
40 17
40 25
40 28
40 37
41 14
41 20
41 23
41 37
41 40
42 5
42 8
42 11
42 29
43 23
43 44
44 19
44 22
44 28
44 29
44 40
44 42
45 2
45 36
Loss 0 17 0 0 0 0 0 0 0 0 0 0 0 33 53 0 0 0 0 0 42 0 0 0 0 0 17 62 0 0 0 0 0 80 23 0 0 0 0 0 0 0 0 0 30 
