32 <--# of nodes, 94 edges
1 16
1 17
1 25
1 32
2 15
2 27
2 31
3 16
3 24
3 26
3 28
4 21
4 25
4 30
5 3
5 4
5 17
5 22
5 29
6 4
6 24
6 30
6 32
7 21
7 26
9 2
9 27
10 29
11 2
11 5
11 27
12 30
13 11
13 30
14 7
14 11
14 22
14 29
15 9
15 24
15 26
15 29
16 1
16 6
16 13
16 14
16 18
16 30
17 11
17 18
18 1
18 2
18 15
18 25
18 27
19 3
19 13
20 6
20 16
20 25
21 15
22 6
22 10
22 13
22 26
23 12
23 16
24 2
24 17
24 21
25 20
25 23
25 32
26 1
26 20
26 23
26 24
26 27
27 3
27 6
28 19
28 26
29 16
29 17
30 3
30 10
30 15
30 18
31 13
31 27
32 9
32 13
32 15
32 19
Loss 0 0 0 0 0 0 0 0 0 0 0 0 0 0 89 0 0 0 0 0 0 0 0 26 0 0 72 0 0 85 0 69 
