69 <--# of nodes, 480 edges
1 27
1 34
1 37
1 50
1 57
2 3
2 6
2 7
2 10
2 21
2 32
2 42
2 50
2 54
2 65
2 67
3 7
3 14
3 31
3 34
3 36
3 55
3 60
3 62
3 67
4 9
4 10
4 17
4 19
4 32
4 60
4 69
5 37
5 68
6 4
6 5
6 10
6 23
6 32
6 39
6 41
6 63
7 23
7 25
7 39
7 44
7 49
7 62
7 64
8 16
8 22
8 45
8 46
8 47
8 49
8 52
9 8
9 15
9 24
9 36
9 44
9 47
9 52
9 53
9 55
10 7
10 30
10 65
11 2
11 35
11 41
11 58
11 59
11 61
12 19
12 26
12 34
12 38
12 42
12 45
13 11
13 14
13 22
13 38
13 40
13 42
13 49
13 50
13 56
14 3
14 13
14 18
14 21
14 34
14 39
14 45
14 48
14 50
14 55
14 69
15 12
15 61
15 67
16 3
16 4
16 6
16 8
16 14
16 23
16 26
16 29
16 35
16 36
16 59
16 61
16 65
16 66
17 5
17 18
17 29
17 52
17 61
17 63
18 2
18 5
18 27
18 30
18 32
18 35
18 39
18 49
18 61
19 6
19 23
19 25
19 33
19 38
19 59
19 69
20 5
20 22
20 65
20 66
20 69
21 1
21 5
21 6
21 7
21 10
21 41
21 43
21 44
21 52
21 53
21 69
22 4
22 7
22 27
22 30
22 34
22 36
22 44
23 7
23 13
24 2
24 3
24 4
24 15
24 17
24 20
24 37
24 39
24 50
24 51
24 55
24 58
25 4
25 13
25 24
25 26
25 46
25 50
25 69
26 10
26 51
26 61
26 62
26 65
27 7
27 17
27 24
27 34
27 39
27 42
27 60
28 6
28 10
28 21
28 23
28 47
28 61
29 30
29 37
30 5
30 26
30 39
30 41
30 45
30 46
30 69
31 14
31 15
31 25
31 27
31 37
31 48
31 50
31 68
32 2
32 5
32 17
32 18
32 42
32 50
32 61
32 63
33 10
33 28
33 39
33 41
33 49
33 50
33 55
33 65
33 67
34 3
34 20
34 24
34 26
34 41
34 42
34 53
34 58
34 63
35 4
35 5
35 13
35 18
35 26
35 42
35 58
36 5
36 7
36 8
36 10
36 40
36 41
36 47
36 57
37 35
37 38
37 42
37 54
37 56
37 63
38 1
38 4
38 6
38 13
38 16
38 35
38 42
38 45
38 47
38 53
38 59
39 14
39 42
39 67
39 68
40 22
40 26
40 54
40 55
40 56
40 64
41 14
41 19
41 20
41 33
41 51
41 52
41 57
42 5
42 40
42 43
42 60
42 65
43 2
43 11
43 27
43 40
43 55
43 66
44 33
44 35
44 46
44 68
45 27
45 28
45 30
45 49
45 62
45 66
46 14
46 44
46 66
46 68
47 6
47 11
47 12
47 19
47 53
47 55
47 62
47 66
47 68
47 69
48 4
48 5
48 16
48 30
48 52
48 53
48 59
49 16
49 45
49 52
50 2
50 4
50 15
50 19
50 26
50 36
50 47
50 56
50 58
51 6
51 12
51 20
51 23
51 24
51 27
51 37
51 38
51 52
51 54
51 62
52 12
52 22
52 24
52 33
52 34
52 39
52 57
52 68
53 1
53 5
53 13
53 16
53 31
53 32
53 45
53 57
54 8
54 22
54 36
54 39
54 42
54 60
54 68
55 36
55 38
55 54
55 61
55 63
55 67
56 20
56 37
56 38
56 61
56 69
57 4
57 12
57 18
57 20
57 21
57 26
57 27
57 33
57 64
58 18
58 40
58 47
58 51
59 1
59 7
59 30
59 34
59 36
59 41
59 45
59 47
59 49
59 50
60 5
60 21
60 29
60 52
61 26
61 31
61 32
61 37
61 41
61 52
61 54
61 57
61 65
62 11
62 23
62 38
62 42
62 54
62 63
62 64
62 68
63 3
63 12
63 14
63 27
63 36
63 52
64 3
64 27
64 45
64 53
64 68
65 12
65 13
65 30
65 32
65 62
65 63
66 2
66 5
66 10
66 35
66 41
66 58
66 63
67 27
67 33
67 39
67 40
67 41
67 68
68 2
68 32
68 35
68 44
68 46
68 47
68 69
69 4
69 9
69 15
69 42
69 44
69 46
69 49
Loss 0 0 81 61 0 58 0 41 0 0 0 0 83 0 0 0 0 0 0 80 0 0 34 32 0 0 0 0 0 0 74 0 0 0 0 73 0 2 0 0 0 0 0 0 0 0 0 0 0 0 0 0 68 0 0 0 0 0 83 0 14 0 0 0 0 0 0 0 0 
