68 <--# of nodes, 450 edges
1 35
1 39
1 47
1 57
2 24
2 35
2 36
2 49
2 58
3 9
3 39
3 41
3 42
3 46
3 64
4 10
4 12
4 15
4 24
4 36
4 46
4 50
4 60
5 12
5 13
5 23
5 28
5 29
5 31
6 26
6 32
6 41
6 42
7 21
7 25
7 40
7 60
7 66
7 67
8 16
8 21
8 31
8 39
8 45
8 52
9 6
9 10
9 25
9 39
9 59
10 2
10 8
10 9
10 20
10 23
10 32
10 39
10 48
10 67
11 15
11 21
11 27
11 39
11 41
11 43
11 58
12 7
12 10
12 15
12 19
12 22
12 27
12 28
12 41
12 49
12 54
12 55
12 56
12 61
12 65
12 66
12 68
13 6
13 10
13 21
13 27
13 32
13 36
13 46
13 62
14 1
14 5
14 6
14 26
14 43
14 55
14 60
14 62
14 63
14 68
15 5
15 18
15 20
15 21
15 24
15 31
15 52
15 53
15 64
16 10
16 24
16 25
16 50
17 24
17 28
17 34
17 39
17 41
17 42
17 51
17 65
18 17
18 26
18 27
18 32
18 44
18 48
18 49
18 64
19 1
19 4
19 7
19 8
19 12
19 13
19 38
19 54
19 67
20 27
20 50
20 52
21 1
21 5
21 14
21 30
21 40
21 60
22 9
22 24
22 36
22 46
22 64
23 15
23 20
23 25
23 27
23 28
23 34
23 39
23 41
23 49
23 55
24 21
24 23
24 31
24 35
24 42
24 44
25 3
25 22
25 26
25 39
25 49
25 52
26 7
26 34
26 37
26 44
26 54
26 55
26 57
27 16
27 47
27 53
27 54
27 65
28 10
28 26
28 30
28 32
28 35
28 36
28 38
28 44
28 55
29 1
29 11
29 33
29 51
29 58
29 68
30 1
30 8
30 19
30 33
30 61
30 64
30 65
31 19
31 41
31 43
31 46
31 51
31 68
32 19
32 28
32 35
32 43
32 50
32 52
32 68
33 2
33 5
33 6
33 21
33 27
33 40
33 49
34 10
35 12
35 19
35 29
35 34
35 54
36 15
36 20
36 24
36 40
36 42
36 46
36 58
36 63
37 17
37 24
37 31
37 53
37 64
38 10
38 15
38 25
38 41
38 46
38 48
38 60
38 65
39 21
39 34
39 41
39 44
39 52
39 62
40 2
40 7
40 9
40 12
40 50
40 52
40 53
41 7
41 21
41 26
41 31
41 46
41 47
41 48
41 59
42 23
42 31
42 40
42 51
42 58
43 15
43 32
43 41
43 51
44 12
44 27
44 29
45 10
45 15
45 19
45 25
45 55
45 58
45 59
45 67
46 9
46 14
46 15
46 20
46 26
46 27
46 50
46 64
47 5
47 10
47 14
47 16
47 19
47 20
47 23
47 25
47 33
47 34
47 43
47 51
47 67
48 17
48 19
48 20
48 24
48 37
48 39
49 4
49 13
49 16
49 64
49 65
50 15
50 18
50 29
50 31
50 67
51 20
51 25
51 30
51 52
51 58
51 60
51 64
52 27
52 34
52 40
52 46
52 55
52 57
53 3
53 5
53 6
53 12
53 35
53 44
53 58
53 68
54 2
54 7
54 17
54 18
54 25
54 40
54 41
54 44
54 48
54 58
54 64
54 66
55 1
55 5
55 12
55 39
55 43
55 44
55 49
56 8
56 16
56 29
56 43
56 54
56 55
57 33
57 38
57 62
58 7
58 18
58 31
58 33
58 46
58 51
58 54
59 2
59 12
59 15
59 55
59 60
59 61
59 66
60 19
60 23
60 27
60 43
60 50
60 55
60 59
60 63
61 45
61 47
61 54
61 66
62 3
62 8
62 19
62 26
62 42
62 43
62 46
62 48
62 54
62 60
62 63
63 3
63 32
63 52
63 60
64 18
64 19
64 49
64 57
65 38
65 54
65 57
66 5
66 6
66 9
66 10
66 21
66 37
66 40
66 56
66 65
67 1
67 3
67 5
67 12
67 15
67 29
67 41
67 65
68 44
68 47
68 56
Loss 0 0 0 0 0 0 0 0 0 96 0 0 0 0 3 0 0 0 0 66 0 0 0 0 0 0 0 0 0 6 0 0 7 0 86 0 0 0 0 0 0 18 0 0 0 62 0 0 84 0 53 0 0 0 0 0 31 0 68 25 0 0 0 0 0 0 0 36 
