29 <--# of nodes, 86 edges
1 2
1 8
1 18
1 19
1 20
2 15
3 1
3 7
3 14
3 28
4 1
4 11
4 13
4 14
4 17
4 19
5 2
6 2
6 4
6 13
7 1
7 13
7 23
8 7
8 19
8 20
8 26
9 15
10 14
10 17
10 19
10 27
11 2
11 3
11 23
12 7
12 11
12 14
12 17
13 23
13 27
14 6
14 9
14 12
14 20
14 24
15 21
16 9
16 12
16 15
16 23
17 1
17 7
17 16
17 18
17 29
18 10
18 17
18 25
19 13
19 27
20 13
20 18
20 28
21 1
21 9
21 15
21 22
21 25
22 12
22 13
23 18
23 26
24 16
24 25
24 29
25 24
26 5
26 7
26 12
27 6
27 13
27 20
28 6
28 29
29 7
Loss 0 0 0 0 43 0 0 0 0 0 0 0 0 0 0 0 57 0 41 55 0 0 0 0 0 0 0 0 17 
