45 <--# of nodes, 198 edges
1 24
1 40
1 44
2 15
2 19
2 22
2 27
3 19
3 25
3 26
3 30
3 42
3 44
4 29
4 41
5 12
5 21
5 23
5 30
5 34
5 44
6 22
6 32
6 34
6 37
7 11
7 15
7 17
7 31
7 40
7 41
8 15
8 22
8 23
8 26
8 31
8 44
9 10
9 21
9 25
9 34
9 35
10 18
10 25
10 41
10 42
11 4
11 14
11 16
11 19
11 24
11 27
11 30
11 36
12 16
12 26
12 33
12 35
12 40
13 1
13 15
13 18
13 25
13 32
13 35
13 39
13 43
14 30
15 5
15 14
15 21
15 27
15 31
16 9
16 35
17 5
17 8
17 14
17 35
17 39
18 2
18 21
18 23
18 27
18 28
19 2
19 17
19 18
19 26
19 29
19 38
19 41
19 42
19 43
19 45
20 3
20 24
20 36
21 2
21 6
21 12
21 23
21 35
22 8
22 17
23 10
23 12
23 15
23 21
23 27
23 42
23 44
24 6
24 7
24 9
24 20
24 38
24 41
24 43
25 1
25 14
25 27
26 13
26 25
26 29
26 38
27 9
27 12
28 4
28 8
28 13
28 34
28 42
29 1
29 5
29 10
29 19
30 1
30 15
30 20
30 37
31 8
31 12
31 24
31 28
32 4
32 5
32 29
32 34
32 42
33 8
33 12
33 35
34 3
34 7
34 8
34 12
34 37
34 43
35 4
35 19
35 20
35 26
35 27
35 33
36 20
36 21
36 23
36 27
36 45
37 13
38 11
38 14
38 23
38 33
38 41
38 42
39 6
39 11
39 18
39 21
39 37
40 36
41 2
41 10
41 32
42 3
42 4
42 28
42 44
43 4
43 33
43 44
44 19
44 20
44 23
45 13
45 25
Loss 0 0 0 86 99 0 0 0 0 0 0 0 0 0 69 0 0 0 0 0 22 22 22 37 70 0 0 0 0 0 0 0 0 47 0 0 0 0 0 84 90 88 0 26 0 
