34 <--# of nodes, 116 edges
1 2
1 27
1 30
1 33
2 1
3 10
3 17
4 10
5 7
5 16
5 24
6 30
7 2
7 22
7 29
7 33
8 4
8 22
8 30
9 6
9 32
10 4
10 13
10 23
10 24
11 13
11 23
11 29
11 31
11 33
12 7
12 20
12 23
13 1
13 5
14 10
14 18
14 32
15 4
15 5
16 23
16 25
17 4
17 14
17 22
17 30
17 32
17 34
18 1
18 11
18 12
18 19
18 21
18 22
18 25
18 26
19 2
19 9
19 17
19 26
19 30
20 1
20 5
20 13
20 30
21 28
22 3
22 5
22 23
22 25
23 11
23 15
24 5
24 17
24 30
25 11
25 22
25 23
26 16
26 23
26 32
27 5
27 6
27 12
27 24
27 28
27 30
27 32
28 1
28 4
28 9
29 4
30 5
30 8
30 11
30 17
30 23
30 34
31 7
31 11
31 16
31 18
31 21
31 23
32 11
32 22
33 12
33 19
33 23
34 6
34 8
34 9
34 13
34 17
34 20
34 32
Loss 0 0 0 0 61 0 0 46 0 0 0 23 0 0 0 0 0 54 0 0 0 0 0 0 0 0 0 0 21 0 0 0 0 0 
