61 <--# of nodes, 380 edges
1 5
1 22
1 28
1 52
1 54
1 58
1 60
2 6
2 9
2 12
2 15
2 18
2 22
2 27
2 33
2 49
3 8
3 17
3 21
3 49
4 30
4 31
4 42
4 51
5 13
5 22
5 36
5 43
5 47
5 51
5 52
6 1
6 24
6 25
6 26
6 32
6 61
7 16
7 31
7 40
7 41
7 43
8 1
8 13
8 16
8 26
8 30
8 50
8 53
9 11
9 21
9 33
9 41
9 49
9 51
9 56
10 27
10 32
10 33
10 50
10 53
10 58
11 18
11 42
11 50
12 4
12 11
12 20
12 21
12 25
12 29
12 34
12 38
12 48
13 6
13 19
13 21
13 30
13 40
13 59
14 9
14 37
14 43
14 46
14 54
14 59
15 3
15 6
15 13
15 23
15 27
15 30
15 35
15 36
15 50
16 2
16 45
16 50
16 51
16 58
17 3
17 25
17 30
17 34
17 39
17 42
17 49
17 53
17 54
17 56
18 7
18 12
18 15
18 17
18 22
18 38
19 17
19 28
19 37
19 42
19 46
20 2
20 4
20 5
20 10
20 16
20 35
20 37
20 40
20 42
20 48
20 51
21 2
21 10
21 50
21 51
22 6
22 43
22 45
22 48
22 56
23 2
23 18
23 56
24 12
24 16
24 40
24 49
24 54
25 5
25 7
25 8
25 24
25 43
25 45
25 50
25 52
25 60
26 6
26 13
26 15
26 20
26 36
26 52
27 1
27 7
27 8
27 28
27 31
27 37
27 53
28 37
29 3
29 15
29 23
29 26
29 31
29 32
29 41
29 44
29 45
30 11
30 38
30 47
30 53
30 55
31 13
31 14
31 25
31 45
31 46
32 17
32 20
32 28
32 30
32 35
32 39
32 51
32 56
32 60
33 11
33 13
33 21
33 46
33 51
33 60
34 5
34 11
34 25
34 27
34 29
34 31
34 32
34 36
34 45
35 1
35 9
35 41
35 50
35 59
36 12
36 31
37 36
37 38
37 48
37 55
38 20
38 27
38 30
38 36
38 44
38 48
38 49
38 50
38 60
39 7
39 16
39 27
39 28
39 29
39 31
39 58
40 16
40 31
41 11
41 12
41 15
41 21
41 26
41 33
41 34
41 48
42 3
42 6
42 21
42 22
42 24
42 31
42 33
42 49
42 53
42 59
43 8
43 17
43 18
43 19
44 2
44 8
44 15
44 17
44 30
44 35
44 43
44 59
45 2
45 25
45 29
45 33
45 43
45 49
45 56
45 59
46 8
46 13
46 29
46 37
47 3
47 14
47 30
48 4
48 25
48 33
48 40
48 41
48 44
48 56
48 58
49 1
49 47
49 50
50 7
50 9
50 20
50 27
50 40
50 44
50 58
51 21
51 27
51 38
51 41
51 59
52 23
52 25
52 38
52 44
52 56
53 14
53 19
53 27
53 29
53 40
53 46
54 14
54 24
54 25
54 27
54 31
54 33
54 47
54 57
54 60
55 4
55 24
55 30
55 32
55 33
55 37
55 45
55 47
55 58
55 61
56 9
56 11
56 16
56 20
56 33
56 37
56 51
56 57
56 58
57 2
57 8
57 19
57 33
57 41
57 43
58 2
58 21
58 27
58 38
58 55
58 61
59 35
59 40
59 42
59 53
60 10
60 19
60 36
60 38
60 48
60 56
60 57
60 58
61 13
61 15
61 51
61 54
61 55
Loss 0 0 0 0 0 0 59 87 39 91 0 0 0 0 0 0 46 0 0 0 30 0 99 0 0 0 37 49 0 80 0 0 29 0 88 0 4 49 0 0 0 0 0 0 0 0 0 0 0 0 10 0 0 8 0 0 15 0 0 0 0 
