37 <--# of nodes, 148 edges
1 10
1 22
1 28
2 22
2 25
3 5
3 20
3 29
3 34
4 20
4 25
4 28
5 9
5 10
5 18
5 24
5 30
5 35
6 16
6 18
6 21
7 4
7 6
7 12
7 13
7 20
8 6
8 23
8 25
9 1
9 2
9 12
9 22
9 37
10 7
10 12
10 15
10 23
10 34
11 15
12 15
12 17
12 25
12 26
12 27
13 1
13 4
13 7
13 21
13 28
13 29
13 37
14 12
14 16
14 26
15 17
15 19
16 27
16 36
17 5
17 7
17 13
17 16
17 22
17 27
18 2
18 14
18 25
19 11
19 14
19 18
19 27
19 36
20 31
21 4
21 11
21 20
21 30
22 9
22 11
22 30
23 12
23 31
24 12
24 30
24 31
25 12
25 15
25 31
26 14
26 15
26 19
26 20
26 37
27 9
27 12
27 29
27 34
27 36
27 37
28 6
28 10
28 15
28 24
28 31
28 35
29 1
29 15
29 25
29 33
30 18
30 21
30 23
30 25
30 31
30 32
31 2
31 5
31 22
31 34
32 15
32 25
32 29
33 20
34 7
34 8
34 9
34 12
34 14
34 17
35 7
35 8
35 12
35 18
35 24
36 1
36 2
36 3
36 8
36 18
36 22
36 25
36 26
36 32
37 1
37 10
37 18
37 20
Loss 0 0 2 0 0 0 0 0 0 0 0 0 0 0 0 0 0 0 0 0 0 0 0 0 0 0 0 0 0 0 0 0 0 0 0 78 0 
