46 <--# of nodes, 218 edges
1 12
1 32
1 36
2 16
2 42
3 21
3 28
3 33
4 12
4 14
4 24
4 32
4 44
5 1
5 3
5 6
5 10
5 21
5 25
5 42
5 43
6 30
6 43
6 44
7 14
7 16
7 18
7 32
7 34
7 41
8 3
8 5
8 32
8 44
9 15
9 39
9 40
9 46
10 12
10 43
11 4
12 15
13 1
13 15
13 21
13 27
13 33
13 43
14 6
14 22
14 44
15 1
15 4
15 17
15 20
15 27
16 18
16 25
16 34
16 46
17 15
17 16
17 20
17 24
17 31
17 32
17 35
18 1
18 3
18 15
18 17
18 33
18 34
18 44
18 46
19 5
19 7
19 24
20 5
20 41
20 42
21 2
21 3
21 9
21 12
21 13
21 26
21 34
22 16
23 13
23 15
23 20
23 29
24 2
24 13
24 25
24 27
24 29
24 32
24 34
24 37
24 44
25 2
25 7
25 16
25 21
25 29
25 43
26 1
26 35
27 7
27 38
27 45
27 46
28 10
28 14
28 26
28 38
28 42
29 6
29 7
29 31
29 36
30 1
30 3
30 17
30 22
30 28
30 35
31 6
31 15
31 16
31 20
31 27
31 28
31 30
31 36
31 39
31 45
31 46
32 18
32 20
32 36
33 4
33 16
33 19
33 27
33 31
33 40
34 2
34 6
34 12
34 20
34 22
34 24
34 29
34 32
35 1
35 6
35 10
35 46
36 13
36 15
36 23
36 25
37 6
37 7
37 8
37 22
37 34
37 36
38 3
38 9
38 10
38 15
39 6
39 25
39 26
39 32
40 1
40 18
40 22
40 24
40 28
40 45
40 46
41 23
42 4
42 9
42 35
42 45
43 3
43 4
43 10
43 12
43 17
43 18
43 24
43 41
43 44
44 1
44 7
44 10
44 20
44 24
44 30
44 39
44 46
45 1
45 7
45 21
45 43
45 46
46 3
46 21
46 30
46 40
46 43
Loss 0 0 0 0 38 0 0 0 0 0 0 0 0 0 42 25 0 45 82 14 0 0 0 0 0 0 6 0 93 0 20 0 73 0 0 15 0 0 0 16 0 0 0 0 0 0 
