42 <--# of nodes, 180 edges
1 7
1 19
1 27
1 29
1 38
2 1
2 7
2 9
2 11
2 12
2 23
2 27
2 37
3 10
3 19
3 25
3 32
3 35
3 42
5 11
5 22
5 30
5 38
5 42
6 2
6 9
6 17
6 25
6 36
7 2
7 26
7 32
7 33
9 3
9 28
9 30
9 42
10 6
10 7
10 8
10 12
10 13
10 20
10 32
10 38
10 41
11 12
11 21
11 22
11 23
11 31
11 38
11 41
12 4
12 9
12 18
12 22
12 25
12 28
13 1
13 20
13 31
14 1
14 12
14 15
14 39
14 42
15 4
15 5
15 20
16 1
16 23
16 36
16 42
17 13
17 25
17 27
17 33
17 41
18 17
18 20
18 26
19 4
19 17
19 38
19 40
20 3
20 29
20 31
21 4
21 5
21 7
21 8
21 41
22 2
22 34
22 36
23 15
23 38
24 1
24 9
24 15
24 20
24 40
25 2
25 5
25 12
25 14
25 18
25 23
25 35
26 6
26 12
26 16
27 12
27 21
27 31
28 6
28 15
28 31
28 35
29 1
29 9
29 33
29 35
29 37
30 8
30 18
30 19
30 25
31 2
31 5
31 8
31 9
31 17
31 19
31 32
31 35
31 37
31 39
31 40
31 41
32 5
32 9
32 19
32 33
33 4
33 24
33 32
33 36
34 7
34 15
34 20
34 21
34 31
35 4
35 10
35 29
35 33
35 34
35 37
36 2
36 21
37 14
37 20
38 9
38 19
39 6
39 8
39 9
39 10
39 37
39 40
40 5
40 11
41 7
41 21
42 7
42 14
42 18
Loss 0 0 0 0 0 0 0 0 0 0 36 77 0 0 0 0 70 0 81 0 40 0 0 0 0 0 0 24 0 0 0 76 0 0 0 0 0 0 0 52 0 0 
