58 <--# of nodes, 332 edges
1 11
1 15
1 16
1 18
1 26
1 29
1 43
1 48
1 52
1 57
2 31
2 41
2 49
3 2
3 7
3 11
3 13
3 35
3 47
3 58
4 1
4 9
4 10
4 39
4 49
4 58
5 16
5 20
5 45
5 46
5 53
6 2
6 4
6 7
6 18
6 20
6 23
6 31
6 35
6 39
6 46
6 48
6 57
7 19
7 22
7 24
7 25
7 30
7 40
7 41
7 42
7 44
7 51
8 11
8 20
8 30
8 41
8 58
9 10
9 16
9 21
9 31
9 45
9 49
10 6
10 52
11 7
11 13
11 39
11 44
11 55
12 14
12 18
12 20
12 21
12 27
12 33
12 35
12 40
12 49
13 2
13 25
13 43
13 52
14 9
14 12
14 46
14 57
15 16
15 17
15 34
15 39
15 42
15 47
15 50
16 5
16 9
16 12
16 28
16 44
17 10
17 16
17 23
17 44
18 7
18 10
18 11
18 12
18 17
18 33
18 34
18 42
18 48
19 27
19 55
20 21
20 25
20 27
20 33
20 35
20 46
21 1
21 4
21 12
21 15
21 26
21 32
21 58
22 21
22 32
22 43
23 8
23 19
23 31
23 41
23 47
23 48
24 21
24 39
24 51
25 2
25 5
25 10
25 27
25 35
25 40
25 44
25 45
26 8
26 18
26 23
26 32
26 53
27 1
27 30
27 37
27 58
28 13
28 26
28 32
28 40
28 48
29 11
29 13
29 28
29 33
29 37
29 41
29 42
30 3
30 10
30 13
30 19
30 25
30 46
31 10
31 16
31 30
31 39
31 43
31 48
32 1
32 13
32 18
32 25
32 35
32 36
32 47
33 27
33 31
33 47
33 51
33 58
34 2
34 8
34 16
34 37
35 27
35 31
35 41
35 46
35 48
35 57
36 27
36 41
36 44
36 51
36 54
37 13
37 18
37 28
37 33
37 44
37 54
38 13
38 21
38 35
38 42
38 43
39 2
39 16
39 20
39 32
39 44
40 14
40 15
40 17
40 45
40 46
40 53
40 57
41 7
41 9
41 17
41 30
41 36
41 37
41 55
42 11
42 22
43 8
43 10
43 17
43 20
43 22
43 46
44 1
44 12
44 27
44 33
44 38
45 4
45 8
45 22
45 41
46 10
46 22
46 28
46 32
46 36
46 51
47 8
47 9
47 21
47 28
47 31
47 36
47 52
48 12
48 20
48 21
48 22
48 34
48 41
48 46
49 5
49 21
49 23
49 29
49 30
49 37
50 3
50 16
50 34
50 37
50 49
50 57
51 6
51 11
51 36
51 44
51 54
51 56
52 5
52 13
52 15
52 26
52 30
52 37
52 39
53 8
54 3
54 8
54 23
54 24
54 25
54 29
54 56
55 1
55 5
55 26
55 33
55 34
55 37
55 48
56 2
56 6
56 18
56 26
56 43
56 54
57 12
57 16
57 18
57 27
57 28
58 8
58 12
58 16
58 33
58 40
58 57
Loss 0 0 74 0 0 0 0 23 0 65 0 0 0 0 47 4 0 0 0 0 20 0 0 0 0 0 0 0 0 0 0 0 0 0 0 11 0 4 0 0 0 0 9 0 76 0 0 0 0 0 1 0 0 0 0 0 0 0 
