47 <--# of nodes, 209 edges
1 9
1 10
1 14
1 20
2 3
2 10
2 17
2 28
2 37
2 42
2 47
3 5
3 15
3 18
3 25
3 31
4 10
4 16
4 18
4 34
4 37
4 42
4 47
5 21
5 34
5 39
5 40
6 23
7 22
7 29
7 34
8 4
8 30
8 40
8 44
8 46
9 2
9 16
9 29
9 30
9 39
9 44
9 45
9 47
10 9
10 16
10 22
10 30
10 32
10 33
10 40
11 2
11 5
11 7
11 14
11 30
12 1
12 4
12 22
12 29
12 39
12 47
13 14
13 25
13 31
14 22
14 27
14 33
14 42
14 46
15 6
15 43
15 44
16 7
16 9
16 31
16 35
16 38
16 46
17 1
17 33
17 34
17 42
17 46
18 25
18 40
19 23
19 35
19 38
19 41
20 16
20 22
21 6
21 11
21 13
22 13
22 42
22 44
23 31
23 36
24 20
24 23
24 28
24 35
25 3
25 15
25 16
25 26
25 28
25 31
25 43
25 44
25 47
26 2
26 14
26 17
26 28
26 32
26 34
26 35
27 3
27 8
27 21
27 44
28 18
28 29
29 5
29 8
29 10
29 43
30 38
31 44
32 7
32 13
32 20
32 24
32 26
32 30
32 35
32 36
32 47
33 1
33 20
33 35
34 7
34 30
35 11
35 34
35 36
35 38
35 41
36 29
36 32
36 37
37 8
37 12
37 16
37 17
37 47
38 4
38 11
38 17
38 23
38 30
38 39
39 6
39 22
39 32
39 38
39 41
40 4
40 14
40 23
40 27
40 32
40 37
41 11
41 23
41 37
42 2
42 4
42 11
42 21
43 9
43 11
43 47
44 12
44 25
44 27
44 33
44 36
44 41
45 1
45 12
45 13
45 15
45 16
45 22
45 24
46 8
46 9
46 20
46 41
47 1
47 7
47 29
47 34
47 35
47 44
Loss 0 66 0 0 57 0 12 0 87 48 0 0 0 0 25 0 0 0 0 0 0 0 0 0 0 0 10 0 0 0 0 0 29 0 0 0 0 0 0 0 82 0 0 0 0 0 0 
