63 <--# of nodes, 377 edges
1 3
1 30
1 38
1 46
1 53
1 60
2 1
2 5
2 11
2 20
2 22
2 24
2 35
2 41
2 46
2 50
2 60
3 24
3 30
3 41
3 43
3 47
3 48
3 51
3 54
3 60
3 63
4 15
4 27
4 31
4 32
4 44
4 55
5 10
5 12
5 26
5 28
6 10
6 13
6 17
6 26
6 41
6 51
6 54
6 57
7 2
7 10
7 25
7 28
7 34
7 35
7 39
7 54
8 12
8 45
8 51
9 5
9 6
9 25
9 26
9 27
9 28
9 37
9 51
10 16
10 39
10 47
10 51
10 54
10 58
11 26
11 32
12 6
12 19
12 31
12 34
12 51
12 56
12 63
13 8
13 14
13 57
14 6
14 11
14 19
14 24
14 63
15 4
15 16
15 43
16 8
16 15
16 19
16 25
16 38
16 39
16 43
16 60
17 11
17 22
17 27
17 37
18 27
18 30
18 41
18 52
19 3
19 7
19 30
19 57
20 18
20 46
20 54
21 4
21 13
21 24
21 33
21 50
21 57
21 60
22 4
22 28
22 30
22 33
22 36
22 53
22 56
23 15
23 24
23 27
23 34
23 37
23 41
23 44
23 45
23 46
23 49
24 4
24 8
24 20
24 26
24 31
24 33
24 37
25 2
25 3
25 8
25 14
25 17
25 20
25 27
25 33
25 38
25 48
25 51
25 57
26 13
26 17
26 24
26 29
26 53
26 61
27 6
27 28
27 43
27 47
27 51
27 59
28 2
28 15
28 23
28 32
28 34
28 54
28 59
29 52
29 54
29 56
30 15
30 16
30 38
30 46
30 51
30 58
30 63
31 6
31 15
31 38
31 40
32 6
32 15
32 27
32 36
32 39
32 49
32 50
32 52
33 22
33 27
33 42
33 49
33 50
34 2
34 16
34 27
34 31
34 52
34 54
35 1
35 25
35 28
35 33
35 36
35 39
35 46
36 1
36 2
36 11
36 22
36 24
36 32
36 33
36 39
36 51
37 2
37 9
37 13
37 42
37 49
38 12
38 14
38 45
38 56
38 59
39 5
39 8
39 22
39 33
39 53
39 55
39 62
40 11
40 17
40 32
40 36
40 47
41 5
41 9
41 13
41 17
41 63
42 38
42 49
42 58
43 4
43 10
43 12
43 55
43 58
44 24
44 41
44 45
44 47
44 56
44 63
45 9
45 10
45 19
45 32
45 33
45 37
45 46
45 50
45 58
46 1
46 22
46 33
46 38
46 40
46 53
47 12
47 16
47 30
47 50
48 4
48 15
48 57
48 58
49 22
49 29
49 33
49 34
49 38
49 61
50 10
50 12
50 24
50 29
50 36
50 51
50 59
51 2
51 10
51 31
51 35
51 45
51 49
51 60
52 14
52 25
52 30
53 3
53 20
53 26
53 30
53 37
53 39
53 42
53 44
53 58
54 6
54 17
54 23
54 24
54 36
54 53
54 55
54 59
55 18
55 19
55 23
55 28
55 31
55 34
55 38
55 49
55 54
55 61
56 16
56 35
56 37
57 25
57 29
57 63
58 3
58 4
58 13
58 15
58 21
58 36
58 50
58 59
59 36
59 42
59 45
59 50
59 56
60 3
60 25
60 29
60 35
61 1
61 3
61 4
61 9
61 11
61 39
61 48
61 54
62 8
62 13
62 17
62 39
62 47
63 8
63 37
63 45
Loss 0 0 7 0 0 0 0 0 58 0 0 0 70 93 0 0 0 0 0 0 0 0 0 51 0 0 0 0 0 0 0 0 0 0 0 0 0 61 31 0 0 0 0 0 0 0 0 0 0 0 53 0 0 0 0 31 31 0 4 0 0 0 0 
