44 <--# of nodes, 194 edges
1 13
1 15
1 17
1 35
1 38
2 5
2 12
2 14
2 17
2 21
2 23
2 28
2 41
3 2
3 25
3 27
4 12
4 19
4 23
4 27
4 40
5 3
5 6
5 26
5 27
6 31
6 34
6 38
6 42
7 6
7 15
7 40
8 24
8 30
8 35
8 36
8 44
9 20
9 27
10 20
10 22
10 33
10 36
10 38
11 2
11 4
11 12
11 32
11 40
12 3
12 6
12 20
12 35
12 42
13 15
13 18
13 29
13 31
13 37
13 40
13 41
14 7
15 10
15 31
15 42
16 3
16 11
16 15
17 4
17 5
17 6
17 8
17 14
17 24
17 25
17 26
17 35
18 13
18 21
18 31
18 33
18 35
18 37
18 40
19 3
19 31
20 21
20 28
20 31
20 33
20 37
20 42
21 2
21 12
21 14
21 23
21 32
22 16
22 23
22 36
23 5
23 37
24 5
24 15
24 22
24 29
25 5
25 8
25 24
25 36
25 38
25 41
25 44
26 11
26 20
26 27
26 41
26 42
26 44
27 8
27 19
27 37
27 44
28 2
28 4
28 7
28 13
28 16
28 27
28 29
28 33
28 42
29 4
29 6
29 22
29 26
29 27
29 43
30 42
31 10
31 17
32 25
32 29
32 36
33 9
33 28
34 20
35 9
35 19
36 4
36 14
36 15
36 20
36 26
36 38
37 16
37 20
37 21
37 31
37 32
37 38
38 2
38 3
38 9
38 25
39 2
39 13
39 16
39 28
39 32
39 43
40 4
40 23
40 33
41 13
41 14
41 25
42 5
42 18
42 29
42 41
43 3
43 18
43 39
43 40
44 4
44 6
44 12
44 18
44 26
44 29
44 34
44 35
44 36
Loss 0 0 0 0 0 0 0 0 0 1 0 0 0 0 0 0 0 33 0 0 0 0 0 82 0 0 0 98 0 23 0 0 0 0 0 0 0 0 0 22 0 77 0 0 
