44 <--# of nodes, 182 edges
1 6
1 40
2 32
2 38
3 18
3 19
3 35
4 5
4 15
4 22
4 36
5 7
5 9
5 16
5 39
6 18
6 28
6 39
6 42
6 44
7 14
7 24
7 40
8 10
8 13
8 20
8 34
8 36
9 18
9 19
9 20
9 26
9 30
9 34
9 35
10 6
10 28
10 32
10 36
10 42
11 1
11 2
11 17
11 22
11 34
12 19
12 23
12 41
13 1
13 4
13 16
13 21
14 12
14 16
14 36
14 44
15 1
15 25
15 27
15 37
15 43
16 3
16 8
16 12
17 5
17 36
18 20
18 29
18 33
18 39
18 44
19 42
20 11
20 15
20 30
20 32
20 35
20 40
21 2
21 12
21 28
21 32
22 15
22 27
22 38
23 12
23 15
23 26
23 33
23 40
23 43
24 6
24 7
24 19
24 20
24 23
24 31
24 37
24 44
25 8
25 28
25 30
26 2
26 10
26 11
26 14
26 19
26 22
26 28
26 29
26 35
26 36
27 10
27 13
27 24
27 26
27 31
27 33
27 38
28 14
29 5
29 12
29 18
29 31
30 18
30 29
30 32
30 34
31 27
31 36
32 19
33 14
33 20
33 29
34 11
34 13
34 14
34 24
34 28
34 31
35 21
35 33
36 5
36 6
36 19
36 23
36 29
36 38
36 43
37 5
37 10
37 40
38 24
38 25
38 34
39 14
39 18
39 28
40 1
40 14
40 16
40 20
40 33
40 36
41 7
41 38
42 28
42 35
42 43
43 5
43 9
43 17
43 18
43 22
43 31
43 42
44 3
44 6
44 15
44 21
44 29
44 43
Loss 0 0 0 0 0 0 0 0 75 0 0 0 0 0 0 31 21 0 0 0 0 0 0 49 0 0 0 0 0 0 0 0 59 53 0 66 0 80 0 9 0 10 0 0 
