49 <--# of nodes, 235 edges
1 6
1 11
1 16
1 26
1 29
1 34
2 17
2 18
2 23
2 33
3 6
3 7
3 44
3 45
3 46
3 48
4 7
4 26
4 35
5 10
5 14
5 22
5 29
5 30
5 32
5 34
5 43
6 4
6 11
6 12
6 26
6 36
6 37
6 41
6 43
6 44
6 48
7 26
7 30
8 21
9 21
9 33
9 34
9 35
10 20
10 22
10 24
10 47
11 9
11 12
11 16
11 23
11 28
11 40
11 45
12 15
12 18
13 6
13 8
13 16
13 20
13 21
13 33
13 37
13 41
14 15
14 17
14 29
14 43
15 2
15 9
15 19
15 23
15 37
16 17
16 29
16 44
17 10
17 20
17 31
17 37
17 38
18 1
18 5
18 22
18 23
18 39
19 4
19 12
19 20
19 33
20 9
20 16
20 29
20 37
21 1
21 6
21 20
21 24
21 33
21 35
22 14
22 19
22 20
22 42
22 47
23 11
23 34
23 38
23 43
23 49
24 14
24 35
24 36
24 42
24 45
25 5
25 10
25 16
25 19
25 23
25 37
25 48
26 2
26 15
26 17
26 19
26 29
28 1
28 3
28 5
28 18
28 23
28 39
28 41
28 45
29 15
29 28
30 3
30 16
30 21
30 24
30 39
30 45
30 46
31 7
31 11
32 1
32 10
32 11
32 22
32 30
32 43
32 44
32 47
33 42
34 5
34 12
34 14
34 40
35 6
35 8
35 23
35 40
35 47
36 11
36 17
36 30
36 41
36 46
36 49
37 6
37 22
37 27
37 32
37 35
38 1
38 19
38 28
38 31
38 36
39 20
39 25
39 33
39 45
40 4
40 18
40 24
40 26
40 30
40 37
40 41
41 17
41 23
41 37
41 39
41 46
42 1
42 21
42 47
43 4
43 5
43 8
43 12
43 31
43 33
43 44
43 48
44 3
44 6
44 8
44 18
44 22
44 23
44 29
44 30
44 35
44 40
45 4
45 12
45 20
45 42
46 9
46 14
46 33
47 22
47 25
47 32
47 37
48 8
48 35
48 38
48 46
49 13
49 20
Loss 0 48 0 0 56 0 0 4 0 0 0 65 68 0 0 90 0 0 0 0 0 0 0 0 0 0 0 85 0 0 33 0 0 0 0 0 0 0 0 0 93 18 0 0 0 0 0 94 80 
