29 <--# of nodes, 66 edges
1 2
2 1
2 3
3 2
3 11
3 14
4 2
5 3
5 6
5 10
5 11
5 15
5 22
6 14
6 17
7 8
7 16
7 17
7 23
8 2
8 7
8 21
9 7
9 16
9 22
10 3
10 20
12 16
13 8
13 9
13 23
14 8
14 15
14 29
15 27
16 15
16 25
17 15
18 1
18 16
18 17
19 1
19 5
20 8
20 11
20 15
21 9
22 1
22 15
22 16
24 6
25 10
26 5
26 9
26 22
27 16
27 21
27 23
27 25
28 15
28 22
28 29
29 4
29 5
29 21
29 25
Loss 0 0 0 54 0 0 0 0 0 0 0 0 0 41 0 0 0 0 63 0 5 0 0 6 0 48 0 0 0 
