32 <--# of nodes, 110 edges
1 13
1 23
1 24
1 28
1 30
2 4
2 6
2 12
2 26
2 27
3 5
3 12
3 19
3 23
3 31
4 11
4 21
4 27
4 32
5 4
5 14
5 31
6 3
6 5
6 19
6 24
7 13
7 27
8 1
8 6
8 18
8 28
8 31
9 12
9 19
9 25
9 27
9 30
10 2
10 4
10 11
10 13
10 20
10 23
10 27
11 13
12 20
12 31
13 20
13 28
13 30
14 9
14 11
14 18
14 23
15 2
15 19
15 21
15 29
15 30
16 6
16 7
16 10
16 22
16 29
18 1
18 16
18 20
18 31
19 4
19 10
19 20
19 27
20 2
20 8
20 10
20 25
20 27
20 29
21 17
23 6
23 29
24 3
24 7
24 9
25 5
26 5
26 9
26 28
26 29
27 13
27 22
27 31
28 2
28 26
28 31
29 28
29 30
30 7
30 18
30 22
30 25
30 27
30 31
30 32
31 5
31 16
31 19
32 12
32 31
Loss 0 0 0 0 0 5 0 0 0 0 0 0 0 0 0 0 0 0 0 0 0 0 0 0 0 0 16 0 0 32 0 83 
