54 <--# of nodes, 297 edges
1 22
1 38
2 15
2 35
3 12
3 13
3 17
3 23
3 37
3 52
4 15
4 17
4 28
4 33
4 51
5 3
5 13
5 17
5 18
5 21
5 23
5 34
5 43
5 51
6 3
6 16
6 36
6 38
6 48
7 19
7 27
7 29
7 46
7 51
7 53
8 18
8 35
8 37
8 41
8 48
8 51
9 20
9 33
10 8
10 22
10 32
10 33
10 45
11 17
11 45
11 52
11 54
12 2
12 3
12 8
12 19
12 52
13 6
13 30
13 33
13 34
13 48
13 49
14 3
14 5
14 30
14 31
14 40
14 52
14 54
15 5
15 16
15 19
15 26
15 31
15 32
15 34
15 36
15 38
15 41
15 43
16 2
16 5
16 14
16 19
17 2
17 3
17 4
17 14
17 15
17 20
17 28
17 31
17 37
17 42
17 47
17 49
18 2
18 9
18 10
18 15
18 37
19 18
19 28
19 39
19 42
20 1
20 7
20 12
20 23
20 33
20 40
20 50
21 8
21 16
21 17
21 35
21 37
22 5
23 21
23 37
23 43
23 54
24 13
24 29
24 33
24 39
24 42
24 43
24 54
25 5
25 8
25 9
25 10
25 13
25 19
25 53
26 16
26 18
26 21
26 22
26 35
26 39
27 1
27 3
27 14
27 21
27 42
27 44
28 9
28 14
28 21
28 23
28 46
29 1
29 22
29 35
29 45
29 47
30 11
30 27
31 21
31 33
32 10
32 34
32 39
33 8
33 23
33 27
34 3
34 41
34 42
34 51
35 1
35 10
35 17
35 20
35 24
35 34
35 36
35 39
36 14
36 16
36 24
36 45
36 52
36 53
37 5
37 12
37 23
37 26
38 1
38 8
38 9
38 13
38 17
38 20
38 30
38 44
38 48
39 8
39 9
39 16
39 18
39 31
39 37
39 44
39 52
40 9
40 38
40 39
40 49
41 9
41 18
41 19
41 27
41 33
41 43
41 47
41 49
41 52
42 4
42 14
42 17
42 33
42 47
42 50
43 1
43 24
43 51
44 12
44 16
44 22
44 35
44 37
44 39
44 46
45 1
45 9
45 16
45 18
45 23
45 28
45 41
46 10
46 12
46 29
46 42
47 4
47 14
47 28
47 34
47 39
48 12
48 40
48 44
49 9
49 10
49 15
49 18
49 28
49 35
49 38
49 40
49 53
50 9
50 13
50 18
50 34
50 35
50 37
51 2
51 23
51 35
51 36
51 46
52 13
52 14
52 16
52 20
52 43
52 44
53 7
53 10
53 11
53 20
53 23
53 44
53 54
54 12
54 17
54 20
54 23
54 30
54 38
54 43
54 51
Loss 0 0 0 0 56 0 0 0 0 0 0 8 0 0 0 0 0 0 0 0 0 0 26 0 0 0 72 0 0 0 0 55 0 0 47 82 0 85 96 0 0 0 0 0 0 54 0 96 0 0 0 0 0 0 
