61 <--# of nodes, 385 edges
1 18
1 32
1 41
1 45
1 50
2 5
2 7
2 8
2 14
2 30
2 60
3 1
3 9
3 19
3 37
3 46
3 57
4 11
4 15
4 55
5 2
5 27
5 36
5 43
6 11
6 47
6 61
7 31
7 41
7 46
7 47
7 48
7 55
8 2
8 11
8 14
8 18
9 2
9 11
9 12
9 32
9 37
9 41
9 46
9 49
9 54
9 58
10 2
10 22
10 39
10 43
10 47
10 53
11 2
11 13
11 17
11 19
11 34
11 37
12 19
12 22
12 26
12 41
12 56
12 57
13 15
13 23
13 27
13 28
13 37
13 39
13 58
14 22
14 28
14 39
14 45
14 61
15 9
15 32
15 44
15 51
15 58
15 61
16 3
16 6
16 9
16 14
16 34
16 38
16 58
16 61
17 19
17 31
17 35
17 40
18 22
18 31
18 40
18 43
18 46
19 6
19 16
19 22
19 42
19 46
19 47
20 1
20 21
20 51
20 54
21 10
21 16
21 24
21 30
21 37
21 41
21 47
21 49
21 53
21 57
21 60
22 14
22 15
22 17
22 39
22 41
22 48
22 56
23 13
23 21
23 56
24 1
24 5
24 12
24 14
24 15
24 20
24 22
24 40
24 51
25 11
25 12
25 22
25 28
25 36
25 40
26 5
26 13
26 21
26 54
26 56
27 26
27 40
27 42
27 43
27 52
28 1
28 8
28 36
28 52
28 56
28 57
29 3
29 8
29 12
29 14
29 23
29 31
29 50
29 55
29 60
30 9
30 38
30 61
31 1
31 7
31 10
31 18
31 19
31 37
31 56
31 60
32 10
32 15
32 40
32 46
33 5
33 21
34 4
34 10
34 23
34 39
34 45
34 61
35 2
35 7
35 9
35 22
35 27
35 29
35 31
35 34
35 37
35 51
36 2
36 8
36 9
36 44
37 14
37 21
37 24
37 39
37 41
37 57
37 61
38 3
38 11
38 19
38 28
38 35
39 7
39 31
39 50
39 52
40 3
40 14
40 16
40 19
40 25
40 44
40 54
40 61
41 10
41 11
41 19
41 26
41 29
41 32
41 55
42 14
42 15
42 21
42 27
42 40
42 41
43 4
43 7
43 15
43 16
43 23
43 28
43 34
43 49
43 50
43 57
44 19
44 28
44 37
44 41
44 42
44 51
45 4
45 13
45 17
45 21
45 29
45 39
45 47
45 60
46 1
46 9
46 19
46 26
46 30
46 41
46 50
46 57
46 61
47 8
47 23
47 26
47 57
48 3
48 4
48 14
48 34
48 52
49 12
49 14
49 16
49 21
49 23
49 33
49 40
49 43
49 53
50 30
50 35
50 44
50 60
51 1
51 10
51 21
51 41
51 50
51 56
52 15
52 17
52 23
52 30
52 38
52 41
53 13
53 16
53 18
53 27
53 34
53 36
53 37
53 39
53 47
53 49
53 55
54 1
54 2
54 16
54 23
54 24
54 28
54 44
54 45
54 46
54 53
54 58
55 3
55 27
55 32
55 40
55 42
55 46
55 57
56 2
56 11
56 21
56 22
56 25
56 39
56 45
56 57
57 15
57 21
57 22
57 39
57 52
57 54
58 6
58 38
58 41
58 50
59 37
59 40
59 44
59 46
59 48
59 51
59 61
60 5
60 9
60 10
60 12
60 20
60 21
60 46
60 47
60 53
61 2
61 11
61 24
61 26
61 28
61 29
61 47
61 52
61 53
61 59
Loss 0 0 0 0 0 0 0 0 42 92 0 0 0 7 0 0 0 0 0 0 70 0 0 0 0 0 0 0 0 0 0 0 0 0 98 0 0 0 0 0 0 0 0 0 0 0 0 0 0 0 0 0 0 0 0 73 68 0 65 0 28 
