33 <--# of nodes, 142 edges
1 21
1 26
1 28
2 4
2 13
2 21
3 2
3 21
3 23
3 26
4 18
4 22
4 23
4 28
5 9
5 15
5 24
5 25
5 28
6 16
6 22
6 25
6 28
6 31
6 32
6 33
7 5
7 8
7 13
7 21
7 22
7 23
7 24
7 25
8 25
8 28
8 33
9 16
9 25
10 2
10 7
10 8
10 25
10 31
11 3
11 5
11 15
11 16
11 21
11 23
11 26
11 29
12 1
12 3
12 9
12 14
12 26
13 14
13 22
14 26
14 30
15 1
15 2
15 16
15 18
15 22
15 24
15 27
15 28
16 3
16 14
16 17
16 25
16 31
17 1
17 4
18 4
18 7
18 15
18 16
18 19
19 1
19 9
19 20
19 24
20 7
20 10
20 12
20 25
21 6
21 8
21 10
21 11
21 15
21 16
21 20
22 11
22 12
23 2
23 7
23 19
23 25
23 30
24 11
24 12
24 32
25 4
25 22
26 3
26 16
26 27
26 29
27 11
27 13
27 14
27 15
27 16
28 9
28 10
28 12
28 15
28 20
29 1
29 15
29 18
29 23
29 26
29 32
30 2
30 7
30 16
30 22
31 7
31 30
32 2
32 5
32 7
32 16
32 18
32 25
33 4
33 31
Loss 0 0 0 28 16 0 0 0 77 0 0 0 0 6 34 0 3 0 0 0 9 0 0 0 0 0 0 0 0 0 0 0 0 
