68 <--# of nodes, 447 edges
1 4
1 10
1 12
1 26
1 39
2 3
2 11
2 14
2 20
2 25
2 31
2 38
2 50
2 65
2 68
3 9
3 36
3 47
3 54
3 66
4 10
4 12
4 16
4 20
4 23
4 29
4 35
4 37
4 54
4 57
5 14
5 18
6 22
6 32
6 44
6 55
6 61
7 3
7 13
7 23
7 29
7 32
7 39
7 44
7 54
8 27
8 32
8 36
8 38
8 45
8 50
8 58
8 62
9 1
9 31
9 36
9 40
9 64
9 67
10 1
10 29
10 35
10 43
10 51
11 3
11 4
11 17
11 21
11 55
11 56
11 64
11 68
12 1
12 4
12 13
12 25
12 39
12 53
12 58
12 65
13 2
13 4
13 8
13 15
13 25
13 49
13 55
13 62
14 7
14 35
14 48
14 51
14 53
14 57
14 67
15 2
15 23
15 39
15 42
15 47
15 50
15 54
15 55
15 60
15 61
15 64
16 14
16 26
16 37
16 43
16 68
17 10
17 20
17 21
17 45
18 1
18 17
18 23
18 26
18 28
18 47
18 60
18 68
19 5
19 23
19 29
19 46
19 51
19 52
19 53
19 58
20 9
20 10
20 12
20 34
20 37
20 38
20 47
20 65
21 28
21 31
21 36
21 41
21 45
21 50
21 51
21 55
22 4
22 25
22 33
22 41
22 52
22 65
23 7
23 8
23 17
23 30
23 36
23 38
24 11
24 13
24 23
24 25
24 35
24 63
25 3
25 5
25 17
25 23
25 32
25 43
25 57
25 62
25 67
26 5
26 6
26 24
26 55
27 2
27 5
27 12
27 14
27 32
27 56
28 2
28 9
28 12
28 18
28 20
28 58
28 64
28 66
29 4
29 20
29 32
29 49
29 59
30 4
30 11
30 22
30 27
30 28
30 36
30 41
30 57
30 59
30 61
31 3
31 10
31 11
31 19
31 38
31 54
31 56
31 58
31 68
32 2
32 9
32 16
32 22
32 41
32 53
32 55
32 63
32 68
33 1
33 21
33 50
33 54
33 66
34 7
34 20
34 22
34 30
34 32
34 53
34 55
34 56
34 58
34 61
35 29
35 32
35 45
35 51
36 26
36 28
36 38
36 42
36 48
37 3
37 10
37 20
37 29
37 33
37 35
37 47
37 51
37 60
38 19
38 20
38 28
38 44
38 55
38 56
38 67
39 6
39 11
39 38
39 46
39 48
40 2
40 24
40 27
40 34
40 36
40 47
40 48
40 68
41 1
41 7
41 16
41 25
41 32
41 62
42 25
42 29
42 43
43 1
43 4
43 10
43 19
43 20
43 22
43 26
43 34
43 41
43 44
43 49
43 56
43 59
43 60
43 65
43 66
44 9
44 21
44 47
44 56
44 62
45 2
45 20
45 22
45 27
45 42
45 53
45 66
45 67
46 1
46 10
46 21
46 22
46 28
46 30
46 33
47 2
47 4
47 15
47 17
47 22
47 27
47 34
47 44
47 58
47 59
48 5
48 10
48 24
48 28
48 44
48 55
48 66
49 11
49 34
49 60
50 15
50 18
50 22
50 31
52 1
52 16
52 24
52 40
52 53
52 60
52 66
53 20
53 22
53 23
53 30
53 62
53 63
54 8
54 26
54 67
55 30
55 41
55 52
56 17
56 24
56 40
56 61
57 5
57 14
57 25
57 31
57 38
57 40
57 55
58 9
58 31
58 32
58 39
59 2
59 11
59 27
59 47
60 30
60 33
60 36
60 46
60 55
60 61
61 3
61 12
61 17
61 19
61 50
61 52
61 62
62 14
62 16
62 24
62 26
62 27
62 32
62 40
62 46
62 58
62 68
63 3
63 21
63 36
63 40
63 50
63 60
64 3
64 33
64 42
64 51
64 52
64 65
65 45
65 55
65 57
65 58
65 61
66 23
66 30
66 33
66 34
66 35
67 2
67 13
67 18
67 24
67 25
67 39
67 48
67 53
68 7
68 9
68 10
68 14
68 17
68 24
68 40
68 45
68 46
Loss 0 0 0 0 0 0 0 0 0 0 0 97 76 4 0 0 0 0 0 0 0 0 0 0 0 0 0 0 0 0 43 0 0 0 0 68 2 0 0 0 79 0 69 0 70 0 0 0 0 0 0 0 0 0 0 0 19 44 0 0 0 0 0 86 0 0 0 0 
