36 <--# of nodes, 98 edges
1 25
2 4
2 5
3 19
4 12
4 13
5 4
5 16
5 25
5 36
6 2
6 17
6 22
6 32
7 1
7 8
7 24
7 26
8 1
8 4
8 27
9 31
10 30
10 31
10 35
11 13
11 20
11 36
12 17
12 20
13 22
13 25
13 26
13 31
14 25
15 2
15 3
15 18
16 17
16 20
16 26
17 10
17 16
17 34
18 28
18 30
19 9
19 14
19 25
19 27
20 4
20 12
21 6
21 25
22 1
22 33
23 20
23 32
24 14
24 33
24 36
25 7
25 29
25 32
26 1
26 25
26 34
27 3
28 8
28 13
29 1
29 4
29 27
29 30
29 34
30 2
30 7
30 19
30 29
31 6
31 12
31 17
31 33
32 14
32 23
32 29
33 5
33 14
33 19
33 30
34 7
34 16
34 26
35 16
36 5
36 7
36 24
36 25
Loss 0 0 0 0 0 0 0 0 0 59 0 77 0 20 1 0 0 0 0 97 0 0 31 0 0 0 0 0 0 78 0 0 0 0 0 0 
