49 <--# of nodes, 241 edges
1 20
1 24
1 25
1 47
2 8
2 9
2 14
2 18
2 24
2 32
2 33
2 41
2 43
2 44
3 2
3 15
3 21
3 32
4 3
4 9
4 11
4 26
4 36
4 38
4 47
5 2
5 11
5 21
5 27
5 36
5 49
6 3
6 8
6 12
6 27
6 37
6 41
6 45
6 48
7 4
7 6
7 15
7 42
8 4
8 11
8 20
8 37
8 40
9 4
9 11
9 26
9 29
9 36
9 41
10 15
10 35
10 47
11 1
11 4
11 14
11 30
11 33
11 44
11 45
12 1
12 13
12 14
12 17
12 40
13 10
13 19
13 32
13 41
13 44
14 3
14 10
14 18
14 26
14 46
15 2
15 8
15 17
15 20
15 44
16 9
16 11
16 29
17 20
17 27
17 29
18 34
18 37
18 42
19 8
19 16
19 27
19 33
19 39
19 47
20 10
20 34
20 39
21 19
21 22
21 26
21 45
22 5
22 16
22 34
22 38
22 42
22 45
22 49
23 6
23 28
23 47
24 30
24 41
25 4
25 23
25 35
25 42
25 46
26 39
26 41
27 4
27 17
27 21
27 22
27 23
27 28
27 35
27 39
27 43
28 6
28 9
28 14
28 18
28 39
28 40
29 6
29 9
29 12
29 13
29 38
29 48
29 49
30 3
30 5
30 15
30 45
31 2
31 12
31 13
31 20
31 21
31 29
32 15
32 17
32 24
32 27
32 37
32 47
33 2
33 7
33 25
33 43
33 47
34 1
34 15
34 20
34 21
35 8
35 12
35 19
35 23
35 24
35 29
35 32
35 33
36 3
36 8
36 10
36 17
36 30
36 37
37 5
37 16
37 30
37 34
37 35
37 47
37 48
38 9
38 10
38 43
39 8
39 11
39 18
39 25
40 2
40 17
40 25
41 2
41 9
41 15
41 34
41 36
42 39
43 6
43 15
43 17
43 18
43 26
43 33
43 42
44 16
44 27
44 30
44 48
45 32
45 40
45 42
46 3
46 19
46 25
46 33
46 48
47 9
47 25
47 38
47 42
48 24
48 30
48 46
49 4
49 13
49 16
49 17
49 38
49 39
Loss 0 0 0 70 0 0 0 0 20 0 0 0 0 0 0 54 0 0 0 0 18 43 13 7 0 0 0 0 0 0 0 0 38 0 19 0 0 0 0 0 0 0 42 0 67 0 0 0 8 
