59 <--# of nodes, 348 edges
1 18
1 32
1 46
1 49
1 51
1 55
2 5
2 11
2 26
2 27
3 6
3 12
3 26
3 37
4 17
4 19
4 27
4 36
4 39
4 44
5 22
5 28
5 38
5 45
5 49
5 54
6 5
6 15
6 34
6 37
6 39
7 3
7 23
7 34
7 50
7 59
8 2
8 7
8 12
8 16
8 27
8 34
8 47
9 1
9 7
9 33
9 35
9 40
9 44
9 49
9 57
10 13
10 15
10 49
10 58
11 9
11 18
11 32
11 41
12 5
12 13
12 31
12 55
13 9
13 39
14 3
14 7
14 15
14 17
14 19
14 23
14 28
14 29
14 38
14 49
14 53
14 56
15 10
15 26
15 41
15 43
16 4
16 18
16 49
17 3
17 12
17 25
17 34
17 36
17 38
17 44
17 46
18 20
18 25
18 36
18 38
18 42
18 43
18 48
18 55
19 6
19 20
19 47
19 56
20 6
20 10
20 15
20 24
20 26
20 43
20 46
20 50
21 1
21 4
21 20
21 26
21 32
21 39
21 42
21 45
22 33
22 41
22 49
22 55
22 56
22 57
23 11
23 14
23 15
23 19
23 31
23 43
23 47
23 49
23 57
24 1
24 10
24 19
24 25
24 35
24 38
24 39
24 44
24 51
24 52
25 4
25 8
25 13
25 36
26 9
26 10
26 30
26 34
27 1
27 30
27 31
27 45
28 3
28 10
28 29
28 32
28 59
29 27
29 32
29 41
29 47
29 49
29 50
29 59
30 9
30 17
30 22
30 42
30 44
30 50
30 56
31 20
31 24
31 53
31 56
32 1
32 12
32 22
32 30
32 35
32 53
32 54
32 55
33 3
33 5
33 11
33 19
33 38
33 42
33 51
33 52
33 54
33 57
33 59
34 1
34 2
34 4
34 11
34 43
34 46
35 8
35 13
35 15
35 27
35 36
35 43
36 5
36 15
36 18
36 22
36 24
36 30
36 37
36 42
36 59
37 9
37 11
37 22
37 25
37 39
37 40
37 47
37 55
37 59
38 19
38 21
38 31
38 44
38 45
39 10
39 15
39 19
39 20
39 26
39 35
39 37
39 56
40 30
40 31
40 33
41 9
41 16
41 29
41 40
41 43
41 48
41 59
42 1
42 23
42 47
42 53
43 6
43 15
43 38
43 58
44 4
44 11
44 13
44 27
44 33
44 36
44 38
44 43
44 52
45 1
45 12
45 16
45 23
45 24
45 58
45 59
46 12
46 16
46 30
46 34
46 52
46 54
47 39
47 42
47 43
48 31
48 34
48 36
48 40
48 56
49 10
49 31
49 32
49 41
49 43
50 3
50 17
50 24
50 31
50 46
51 11
51 12
51 27
51 40
51 52
51 57
52 20
52 24
52 33
53 5
53 28
53 38
53 57
54 1
54 5
54 9
54 25
54 29
55 1
55 5
55 12
55 14
55 41
55 42
55 44
56 19
56 20
56 24
56 46
56 50
57 5
57 6
57 10
57 40
57 41
57 47
57 53
58 1
58 26
58 43
58 44
58 46
58 57
59 4
59 18
59 50
59 51
59 53
Loss 0 40 0 0 0 0 0 0 0 91 0 0 0 0 30 0 0 44 0 36 0 43 0 0 0 0 0 0 0 0 0 0 0 0 54 0 0 0 0 0 83 0 0 1 0 0 0 0 0 0 0 77 0 34 0 0 0 0 68 
