67 <--# of nodes, 400 edges
1 24
1 30
1 64
1 65
2 4
2 7
2 10
2 22
2 28
2 32
2 39
2 60
2 61
3 45
3 46
4 15
4 32
4 45
4 48
4 59
4 61
4 66
5 1
5 11
5 17
5 21
5 34
6 9
6 19
6 27
6 38
6 55
6 57
7 36
7 39
7 44
7 46
7 47
7 48
7 59
8 9
8 18
8 41
8 43
8 50
9 8
9 24
9 34
9 36
9 43
9 66
10 5
10 17
10 26
10 36
10 49
10 62
11 4
11 13
11 17
11 21
11 28
11 31
11 46
11 64
11 65
12 16
12 18
12 21
12 25
12 27
12 34
12 59
13 1
13 10
13 23
13 26
13 37
13 41
13 42
13 49
13 65
13 67
14 5
14 6
14 8
14 34
14 63
14 64
15 14
15 16
15 28
15 31
15 32
15 35
15 40
15 47
15 51
15 56
16 3
16 62
16 66
17 3
17 6
17 12
17 21
17 33
17 61
17 62
18 5
18 7
18 11
18 31
18 35
18 45
18 51
18 55
18 67
19 37
19 48
20 1
20 17
20 19
20 29
20 30
20 34
20 47
20 57
20 59
20 60
21 7
21 14
21 15
21 17
21 23
21 34
21 46
21 62
21 65
22 15
22 39
22 42
22 45
22 57
22 58
23 5
23 12
23 25
23 26
23 40
23 43
23 47
23 56
23 66
23 67
24 29
24 44
24 60
24 66
25 23
25 29
25 45
25 53
26 3
26 14
27 2
27 9
27 11
27 14
27 21
27 22
27 43
27 58
28 8
28 27
28 45
29 15
29 25
29 33
29 52
29 54
30 5
30 7
30 24
30 26
30 40
30 49
30 57
30 64
31 6
31 10
31 14
31 26
31 29
31 37
31 47
31 48
31 61
31 65
31 66
32 2
32 6
32 38
32 41
33 1
33 58
33 64
34 3
34 5
34 14
34 28
34 38
34 51
34 52
34 55
35 11
35 27
35 28
35 31
35 60
36 7
36 8
36 9
36 24
36 33
36 43
36 52
36 53
37 21
37 30
37 35
37 36
37 44
37 50
37 56
37 59
37 65
38 3
38 9
38 23
38 37
38 41
38 54
39 1
39 15
39 22
39 25
39 27
39 36
39 44
39 55
39 58
39 62
40 13
40 19
40 29
40 33
40 36
40 41
40 56
40 66
41 6
41 28
41 39
41 43
42 4
42 25
42 35
42 41
42 43
42 49
42 51
42 55
43 32
43 46
44 27
44 29
44 35
44 36
44 40
44 52
44 55
44 64
44 66
45 2
45 6
45 9
45 10
45 17
45 36
45 51
46 21
46 22
46 37
46 62
47 6
47 12
47 45
47 61
48 8
48 12
48 46
48 60
48 64
49 15
49 18
49 32
49 51
49 56
49 63
50 9
50 21
50 34
50 40
50 45
50 58
50 65
51 52
51 54
51 59
51 62
51 65
52 59
53 4
53 13
53 14
53 27
53 52
53 55
54 13
54 22
54 33
54 42
54 52
54 58
55 8
55 13
55 50
55 53
55 54
56 12
56 47
56 48
56 60
56 63
57 23
57 53
57 55
57 60
58 14
58 21
58 39
59 23
59 35
59 36
59 40
59 56
59 66
59 67
60 5
60 17
60 33
60 38
60 46
60 54
61 6
61 16
61 23
61 35
61 41
61 57
61 66
62 43
62 61
63 1
63 7
63 14
63 24
63 33
63 56
63 61
64 21
64 25
64 63
65 1
65 4
65 6
65 12
65 29
65 40
65 51
66 13
66 23
66 41
66 47
66 50
66 51
67 26
67 51
67 61
Loss 0 0 1 31 0 0 0 0 79 0 57 0 0 28 0 0 0 0 0 0 97 86 0 0 49 0 0 66 0 0 0 0 0 15 0 0 0 0 0 0 0 0 0 0 0 84 0 0 0 0 0 0 0 0 0 0 0 39 0 0 0 0 0 0 0 0 5 
