35 <--# of nodes, 127 edges
1 2
1 5
1 8
1 11
1 15
1 16
1 20
2 1
2 3
2 14
2 29
3 4
3 10
3 21
3 23
3 24
3 25
3 35
4 11
4 12
4 21
5 7
5 20
5 24
5 26
5 30
6 11
6 12
6 19
6 23
6 27
6 29
6 32
7 2
7 25
8 3
8 15
8 16
8 20
8 33
9 6
10 6
10 23
11 5
11 14
11 15
11 23
11 27
12 8
12 9
12 30
13 19
13 21
14 17
14 22
14 34
15 17
15 27
15 28
16 1
16 2
16 29
16 31
17 4
17 5
17 8
17 11
17 16
18 11
18 29
19 4
19 7
19 22
20 3
20 15
20 18
20 30
21 10
21 12
21 25
21 26
21 35
22 7
23 4
23 13
23 29
23 32
24 2
24 9
24 30
25 10
25 15
26 2
26 11
26 16
26 18
26 32
27 7
27 10
27 26
27 35
28 12
30 14
30 26
30 32
31 9
31 13
31 15
32 1
32 4
32 16
32 22
33 2
33 21
33 22
33 29
33 34
34 2
34 13
34 15
34 19
34 30
35 3
35 15
35 17
35 26
35 34
Loss 0 0 0 0 0 0 0 78 0 0 0 0 0 0 54 0 0 0 0 0 0 0 0 0 0 0 0 0 0 0 23 0 0 0 0 
