42 <--# of nodes, 153 edges
1 3
1 16
1 38
2 10
2 34
3 7
3 18
3 21
3 25
3 31
3 33
3 36
4 8
4 11
4 20
5 10
5 19
5 27
5 35
6 1
6 7
6 29
7 8
7 10
7 25
8 3
8 4
8 32
8 34
8 35
8 36
8 42
9 8
9 26
9 27
9 28
9 34
9 37
10 3
10 28
10 35
11 5
11 13
11 37
11 39
11 41
12 6
12 31
13 12
13 15
13 25
13 32
14 11
14 24
14 30
14 31
15 3
15 14
15 39
16 23
16 42
17 1
17 35
17 36
18 3
18 10
18 21
18 24
18 27
18 31
18 35
19 25
19 36
21 10
21 15
21 26
21 30
21 38
22 3
22 27
23 1
23 7
24 6
24 13
24 16
24 18
24 41
25 22
25 31
25 34
25 37
26 3
26 20
26 25
27 6
27 13
27 21
27 35
28 13
29 6
29 16
29 23
29 35
29 42
30 19
30 29
31 2
31 10
31 13
31 37
31 40
32 19
32 25
32 27
33 30
33 34
33 36
34 21
34 32
34 41
35 3
35 5
35 18
35 20
35 32
35 39
36 2
36 11
36 17
36 21
36 29
36 30
36 31
37 15
38 10
39 4
39 5
39 13
39 30
39 40
40 3
40 4
40 38
41 16
41 17
41 21
41 22
41 26
41 40
42 5
42 15
42 37
42 40
Loss 0 0 0 0 0 0 8 0 30 0 0 0 0 0 0 0 0 29 0 46 0 0 0 0 0 45 0 0 0 0 11 0 0 0 33 0 60 0 0 0 87 0 
