55 <--# of nodes, 291 edges
1 10
1 18
1 52
2 4
2 5
2 29
2 38
2 44
2 47
3 4
3 7
3 15
3 42
3 55
4 9
4 11
4 13
4 24
4 31
4 33
4 42
4 54
5 4
5 10
5 28
5 33
5 51
5 52
6 13
6 43
6 55
7 29
7 52
8 5
8 13
8 16
8 54
9 8
9 32
9 45
9 50
10 4
10 42
10 52
11 2
11 22
11 39
11 49
11 53
11 55
12 8
12 11
12 33
12 55
13 4
13 10
13 20
13 31
13 36
13 43
14 2
14 10
14 19
14 25
14 28
14 30
14 33
14 35
14 44
15 36
15 43
15 51
15 53
16 3
16 5
16 36
16 55
17 16
17 20
17 39
17 48
17 55
18 4
18 5
18 54
19 17
19 27
19 38
19 48
19 55
20 1
20 4
20 16
20 17
20 30
20 40
20 48
21 1
21 2
21 10
21 14
21 15
21 30
21 44
21 47
22 11
22 27
22 34
22 39
22 48
23 31
23 36
23 52
23 54
24 1
24 4
24 5
24 9
24 17
24 19
24 36
24 55
25 14
25 20
25 36
25 53
25 55
26 6
26 11
26 35
26 43
26 49
26 50
27 4
27 11
27 20
27 44
28 11
28 19
28 30
28 38
29 15
29 32
29 48
29 51
29 53
30 2
30 3
30 8
30 13
30 31
31 7
31 16
31 18
31 32
31 43
31 45
32 2
32 31
32 43
33 3
33 6
33 13
33 17
33 20
33 22
33 26
33 46
34 3
34 8
34 12
34 13
34 26
34 39
34 40
34 49
35 14
35 23
35 26
35 30
35 38
35 44
35 53
36 3
36 7
36 13
36 14
36 33
36 38
36 40
36 47
36 54
37 8
37 14
37 17
37 18
37 24
37 26
37 42
38 2
38 12
38 36
38 45
39 7
39 9
39 11
39 37
40 4
40 9
40 24
40 25
40 53
40 54
41 3
41 8
41 13
41 16
41 27
41 40
42 13
42 29
42 30
42 34
43 2
43 3
43 27
43 39
43 46
43 48
44 5
44 11
44 15
44 19
44 25
44 27
44 31
44 34
44 35
45 1
45 10
45 15
45 29
45 55
46 3
46 11
46 12
46 31
46 34
46 54
47 15
47 16
47 41
47 42
47 44
47 45
47 46
48 3
48 7
48 21
48 28
48 44
48 54
49 11
49 21
49 28
49 35
49 45
49 46
49 50
50 11
50 13
50 37
50 43
51 2
51 14
51 34
51 49
52 18
52 21
52 26
52 47
52 54
53 5
53 46
54 16
54 29
54 41
54 55
55 11
55 19
55 30
Loss 0 0 0 0 0 0 0 0 0 0 0 0 0 64 0 0 0 0 0 0 0 0 0 0 62 0 0 0 92 0 0 0 12 0 6 30 0 0 0 0 0 1 0 0 0 0 0 0 42 0 64 82 0 0 0 
