62 <--# of nodes, 382 edges
1 57
1 62
2 7
2 9
2 13
2 25
2 28
2 41
2 46
2 49
2 53
3 2
3 6
3 12
3 24
3 37
3 44
3 46
3 58
4 7
4 27
4 28
4 32
4 43
5 1
5 11
5 21
5 27
5 36
6 2
6 17
6 33
6 36
6 46
6 48
6 54
7 19
7 24
7 26
7 41
7 48
7 53
7 57
7 62
8 12
8 20
8 44
9 3
9 47
9 54
10 16
10 19
10 22
10 24
10 44
11 6
11 9
11 17
11 32
11 44
11 60
11 61
12 2
12 8
12 10
12 11
12 13
12 33
12 42
12 48
13 7
13 16
14 6
14 12
14 19
14 35
14 36
14 45
14 59
15 12
15 48
16 7
16 13
16 14
16 17
16 26
16 51
17 21
17 25
17 27
17 36
17 52
17 55
17 59
18 7
18 9
18 12
18 30
18 46
18 48
18 51
19 8
19 14
19 41
20 5
20 10
20 24
20 34
20 38
20 49
20 50
20 60
21 35
21 36
21 37
21 40
22 10
22 15
22 16
23 24
24 1
24 22
24 43
24 47
24 60
25 20
25 26
25 32
25 47
25 51
25 55
25 59
25 62
26 3
26 15
26 22
26 30
26 31
26 61
27 3
27 11
27 18
27 19
27 30
27 36
27 44
27 52
28 1
28 8
28 23
28 24
28 27
28 37
28 43
29 6
29 15
29 18
29 20
29 25
29 32
29 35
29 45
29 49
29 62
30 31
30 53
30 54
30 62
31 3
31 13
31 26
31 29
31 39
31 40
31 48
31 53
31 60
32 17
32 31
32 40
32 41
32 43
32 45
32 51
33 3
33 17
33 41
33 43
33 46
33 54
33 60
34 4
34 6
34 10
34 28
34 30
34 50
35 11
35 19
35 21
35 23
35 25
35 36
35 38
35 40
35 45
35 47
35 54
36 7
36 19
36 31
36 53
36 54
36 56
36 59
37 40
37 48
37 51
37 52
37 53
37 54
38 5
38 7
38 24
38 35
38 45
39 9
39 15
39 18
39 30
39 46
39 61
40 13
40 24
40 29
40 48
41 5
41 16
41 24
41 25
41 57
41 59
42 11
42 26
43 5
43 6
43 25
43 30
43 35
43 39
43 42
43 46
44 10
44 20
44 22
44 36
44 39
44 41
45 7
45 12
45 17
45 19
45 28
45 32
45 43
45 52
46 1
46 3
46 14
46 18
46 26
46 28
46 29
46 30
46 44
46 48
46 59
47 10
47 19
47 32
47 35
47 60
47 62
48 4
48 10
48 13
48 26
48 46
48 47
48 50
48 57
49 2
49 27
49 28
49 29
49 30
49 36
49 40
49 51
50 9
50 18
50 41
50 45
50 51
51 15
51 27
51 33
51 35
51 49
52 3
52 15
52 31
52 32
52 33
52 42
52 54
53 2
53 6
53 10
53 30
53 59
54 8
54 12
54 34
54 58
55 2
55 4
55 6
55 18
55 26
55 48
55 50
56 7
56 9
56 26
56 34
56 38
56 48
56 51
56 55
57 2
57 25
57 27
57 32
57 47
57 48
57 53
57 55
58 2
58 14
58 27
58 38
58 45
58 48
58 61
59 8
59 13
59 24
59 29
59 31
59 37
59 39
59 53
59 58
60 14
60 19
60 24
60 43
60 45
60 48
61 16
61 24
61 33
61 49
61 50
62 11
62 19
62 23
62 26
62 50
62 52
62 61
Loss 0 0 0 0 0 0 0 0 0 0 0 0 75 0 3 0 0 0 0 0 0 0 79 0 0 0 42 44 0 2 0 0 0 0 0 0 95 0 24 0 0 0 33 0 0 79 0 0 0 0 0 0 24 95 0 30 42 0 77 12 0 28 
