52 <--# of nodes, 248 edges
1 9
1 21
1 24
1 28
1 39
2 24
2 31
2 35
2 38
2 52
3 18
3 27
3 34
3 36
3 37
4 12
4 18
4 24
4 26
5 6
5 10
5 14
5 24
5 25
5 33
5 36
6 4
6 5
6 18
6 19
6 20
6 21
6 23
6 34
7 16
7 31
7 49
8 11
8 12
8 26
8 35
8 38
8 41
8 48
8 49
9 4
9 5
9 11
9 12
9 22
9 32
9 41
9 48
10 4
10 33
10 37
10 49
11 10
11 17
11 32
11 46
11 51
12 5
12 6
12 29
12 35
12 51
13 16
13 31
13 39
13 44
13 51
14 9
14 13
14 16
14 20
14 29
14 39
15 3
15 11
15 12
15 34
15 44
16 13
16 35
16 38
16 48
17 1
17 3
17 12
18 13
18 35
18 39
18 49
19 6
19 12
19 43
20 24
20 33
20 41
20 46
20 48
20 52
21 2
21 8
21 29
21 38
22 6
22 12
22 19
22 43
23 2
23 16
23 32
23 41
24 28
24 30
24 48
24 51
25 2
25 12
25 32
25 44
25 49
25 52
26 8
26 24
26 37
26 49
26 51
27 18
27 24
27 45
27 47
28 14
28 50
29 15
29 18
29 30
29 46
29 50
29 52
30 5
30 32
30 41
31 8
31 14
31 20
31 21
32 10
32 45
33 16
33 19
33 25
33 26
34 5
34 22
34 29
34 32
34 49
35 5
35 12
35 48
36 4
36 8
36 15
36 18
36 42
37 19
37 40
37 44
38 19
39 7
39 11
39 18
39 49
40 7
40 16
40 20
40 29
40 52
41 4
41 18
41 21
41 27
41 31
41 38
41 46
42 5
42 10
42 27
42 36
42 46
42 48
43 4
43 31
43 38
43 44
43 51
43 52
44 5
44 15
44 23
44 38
45 3
45 27
45 40
46 8
46 17
46 20
46 35
47 12
47 14
47 17
47 18
47 25
47 28
47 37
47 41
47 43
47 45
47 52
48 2
48 13
48 24
48 27
48 28
48 29
48 42
49 20
49 22
49 29
50 12
50 20
50 28
50 36
50 45
51 13
51 44
52 4
52 9
52 13
52 14
52 15
52 20
52 34
52 35
52 45
Loss 0 0 0 0 88 0 0 0 0 0 0 0 0 74 0 0 0 2 0 0 0 0 0 0 0 0 0 0 0 0 0 79 1 0 0 0 57 95 73 0 0 17 0 0 5 0 26 0 0 0 0 0 
