60 <--# of nodes, 339 edges
1 48
1 53
2 9
2 13
2 23
2 25
2 43
2 44
2 48
2 49
2 50
2 51
3 6
3 10
3 17
3 37
3 45
3 56
4 6
4 10
4 13
4 27
4 31
4 33
4 34
4 41
4 57
5 7
5 22
5 23
5 30
5 31
6 3
6 16
6 21
6 36
6 39
6 41
6 49
6 54
7 11
7 40
7 42
7 47
7 51
7 56
8 5
8 7
8 28
8 34
9 19
9 47
9 48
9 54
10 16
10 26
10 42
10 43
10 54
10 60
11 5
11 51
12 3
12 4
12 24
12 32
12 44
12 55
13 3
13 12
13 15
13 33
13 42
13 55
14 4
14 9
14 16
14 21
14 50
14 52
15 4
15 17
15 34
15 43
15 48
15 53
15 56
15 57
15 58
16 1
16 4
16 24
16 40
16 46
17 26
17 27
17 31
17 45
17 56
17 57
18 4
18 22
18 57
19 1
19 2
19 28
19 33
19 43
19 53
19 57
20 4
20 15
20 37
20 38
20 58
21 4
21 6
21 20
21 30
21 39
21 40
21 45
21 49
21 51
21 54
21 56
22 18
22 37
22 41
22 60
23 4
23 48
24 32
24 41
24 47
24 53
24 57
24 58
24 60
25 15
25 27
25 44
25 45
25 51
25 57
26 20
26 25
26 27
26 41
26 53
26 56
27 13
27 21
27 60
28 23
28 26
28 34
29 6
29 20
29 21
29 24
29 31
30 13
30 22
30 29
31 17
31 19
31 23
31 27
31 52
31 60
32 14
32 22
32 30
32 41
32 52
32 60
33 4
33 22
33 42
34 4
34 10
34 11
34 14
34 15
34 29
34 35
34 39
34 49
34 55
34 56
34 57
35 39
35 50
36 3
36 23
36 32
36 39
36 52
37 8
37 11
37 26
37 30
37 32
37 33
37 58
38 2
38 6
38 11
38 31
38 51
39 6
40 5
40 14
40 22
40 30
40 43
40 52
40 57
41 7
41 37
41 39
41 44
41 60
42 6
42 9
42 17
42 34
42 38
42 45
42 54
43 7
43 17
43 22
43 49
43 53
43 58
44 32
44 35
44 53
45 2
45 8
45 14
45 17
45 20
45 35
45 40
45 57
46 5
46 8
46 34
46 38
47 12
47 15
47 32
47 46
47 48
47 58
48 4
48 11
48 16
48 18
48 37
49 1
49 8
49 9
49 11
49 31
49 44
49 48
49 51
50 6
50 14
50 17
50 22
50 27
50 29
50 58
51 6
51 9
51 15
51 18
51 19
51 28
51 37
51 45
51 60
52 13
52 17
52 35
53 3
53 21
53 26
53 36
53 39
54 2
54 6
54 17
54 21
54 25
54 33
54 39
55 5
55 40
55 43
55 51
56 7
56 10
56 22
56 28
56 44
56 58
57 8
57 14
57 16
57 46
57 48
57 54
57 56
57 60
58 7
58 9
58 25
58 38
58 47
59 9
59 16
59 23
59 25
59 32
59 47
59 48
59 53
60 2
60 11
60 37
60 48
60 54
60 56
Loss 0 0 46 0 0 0 0 80 0 24 0 0 0 0 0 0 0 0 0 0 0 0 0 94 0 0 0 0 0 0 0 0 94 0 0 0 0 0 29 0 0 0 0 0 0 0 0 0 11 0 0 0 0 0 0 0 0 0 0 0 
