32 <--# of nodes, 104 edges
1 15
2 10
2 17
2 18
2 25
2 31
3 11
3 14
3 15
3 16
3 26
3 30
4 1
4 6
4 11
4 18
5 14
5 21
6 13
6 23
7 3
7 10
7 24
7 25
8 5
8 18
8 24
8 27
8 28
8 32
9 5
9 13
9 20
9 27
10 4
10 20
10 26
10 29
11 2
11 13
13 31
13 32
14 6
14 12
15 2
15 11
15 16
15 19
15 26
15 27
16 31
17 12
18 6
18 8
18 19
18 24
18 32
19 13
19 17
20 11
20 17
21 5
21 13
21 17
21 26
22 3
22 16
22 25
22 28
22 31
23 2
23 4
23 6
23 18
23 19
23 25
23 29
24 21
25 12
25 13
26 4
26 5
26 12
26 16
26 23
26 25
27 8
27 19
27 20
27 21
27 28
27 31
28 8
28 21
28 27
29 11
30 4
30 14
30 27
32 12
32 18
32 19
32 26
32 31
Loss 0 0 0 0 67 0 0 0 0 0 0 0 0 0 0 0 0 0 0 0 0 0 0 0 0 0 0 0 0 0 0 0 
