56 <--# of nodes, 339 edges
1 8
1 21
1 23
1 25
1 26
1 46
1 47
1 55
2 14
2 23
2 30
2 33
2 36
2 39
2 46
2 49
3 1
3 11
3 16
3 26
3 33
3 35
3 41
3 47
3 50
3 52
4 2
4 12
5 17
5 24
5 45
5 53
5 55
6 32
6 40
7 15
7 16
7 17
7 23
7 31
7 32
7 37
8 4
8 23
8 24
8 26
8 40
8 45
8 52
9 2
9 3
9 7
9 29
9 48
9 50
9 54
10 3
10 14
10 21
10 25
11 25
11 27
11 42
12 5
12 23
12 55
13 23
13 38
13 39
13 42
13 46
13 50
13 54
14 37
14 40
14 42
15 9
15 29
15 40
15 44
15 45
16 2
16 7
16 12
16 35
16 50
17 1
17 7
17 19
17 24
17 31
17 40
17 41
17 43
17 52
17 56
18 8
18 12
18 20
18 22
18 25
18 34
18 36
18 56
19 3
19 15
19 21
19 36
19 41
19 55
19 56
20 9
20 27
20 36
20 45
20 47
20 54
21 7
21 19
21 23
21 45
21 47
21 49
22 7
22 16
22 40
22 41
22 45
22 49
23 3
23 14
23 28
23 29
23 30
23 33
23 41
23 47
23 50
23 52
24 15
24 18
24 49
24 55
25 6
25 19
25 33
25 36
25 51
26 3
26 20
26 25
26 34
26 54
27 4
27 15
27 26
27 30
27 37
27 55
28 8
29 4
29 20
29 23
29 30
29 31
29 32
30 6
30 7
30 12
30 37
30 40
30 51
30 54
31 1
31 8
31 14
32 3
32 8
32 14
32 19
32 23
32 31
32 45
33 38
33 44
33 54
34 13
34 18
34 27
34 30
34 37
34 38
34 40
34 44
35 1
35 16
35 32
35 34
35 36
35 37
35 45
35 54
36 4
36 6
36 9
36 29
36 33
36 37
36 41
36 44
37 7
37 18
37 19
37 28
37 33
37 38
37 46
38 3
38 4
38 10
38 11
38 14
38 17
38 20
38 25
38 34
38 40
38 53
39 5
39 15
39 22
39 31
39 53
39 54
40 5
40 8
40 11
40 19
40 24
40 27
40 33
40 53
41 3
41 14
41 16
41 18
41 25
41 31
41 33
41 55
41 56
42 7
42 10
42 16
42 32
42 49
42 51
43 1
43 2
43 3
43 4
43 7
43 13
43 35
43 36
43 51
44 10
44 27
44 37
44 50
45 1
45 21
45 34
45 43
45 56
46 2
46 7
46 11
46 26
46 28
46 29
46 42
46 45
46 49
46 53
47 3
47 7
47 12
47 16
47 27
47 28
47 49
47 56
48 8
48 19
48 32
48 34
49 10
49 19
50 3
50 21
50 29
50 34
50 35
50 37
50 51
51 4
51 5
51 22
51 23
52 6
52 10
52 13
52 25
52 33
52 38
52 47
52 49
53 6
53 12
53 19
53 31
54 10
54 32
55 14
55 17
55 20
55 21
55 24
55 33
55 46
56 1
56 6
56 13
56 32
56 37
56 40
56 43
56 46
Loss 0 0 0 0 0 0 0 0 0 30 0 88 0 8 60 0 0 0 0 96 66 0 0 0 0 0 0 0 0 0 85 12 0 0 0 0 0 0 0 0 0 0 0 0 0 0 0 0 0 0 0 0 0 98 0 0 
