53 <--# of nodes, 251 edges
1 10
1 15
1 28
2 4
2 19
2 20
2 33
2 53
3 6
3 20
3 23
3 27
3 28
4 49
4 52
5 15
5 32
5 36
5 42
5 51
5 52
6 10
6 19
6 25
6 29
7 8
7 13
7 14
7 22
8 3
8 16
8 17
8 21
8 36
8 37
8 39
8 41
9 3
9 16
9 21
9 25
9 26
9 28
10 4
10 22
10 41
11 10
11 31
11 42
11 50
12 7
12 8
12 23
12 31
12 36
12 39
12 40
13 11
13 28
13 46
14 20
14 26
14 30
14 33
14 45
14 52
15 1
15 4
15 39
15 46
16 10
16 23
16 36
16 46
17 47
17 49
18 11
18 17
18 20
18 25
18 30
18 39
18 47
19 5
19 6
19 21
19 41
19 45
19 53
20 3
20 11
20 15
20 23
20 28
20 49
21 12
21 14
21 17
21 31
21 35
21 39
21 41
21 46
22 2
22 18
22 20
23 18
23 19
23 37
23 45
24 18
24 25
24 37
25 7
25 8
25 11
25 12
25 23
25 26
25 51
26 29
26 30
26 44
26 51
27 4
27 8
27 10
27 25
27 26
27 35
27 39
28 3
28 15
28 41
28 44
29 4
29 10
29 15
29 19
30 22
30 49
31 14
31 21
31 36
32 2
32 9
32 26
32 28
33 15
33 36
33 42
33 46
34 4
34 12
34 25
34 26
34 50
35 13
35 17
35 34
35 39
35 42
35 49
36 5
36 7
36 20
36 22
36 27
36 29
36 31
36 35
36 40
36 53
37 1
37 6
37 18
37 26
37 27
37 38
37 44
37 51
38 14
38 51
39 37
39 42
39 43
39 47
40 12
40 21
40 36
41 2
41 4
41 17
41 25
41 30
41 39
42 2
42 4
42 17
42 21
42 37
43 30
44 2
44 7
44 8
44 15
44 21
44 23
44 35
44 37
44 41
44 48
45 3
45 28
45 30
45 46
46 27
46 50
47 8
47 26
48 2
48 7
48 18
48 25
48 29
48 33
49 18
49 47
49 52
50 11
50 16
50 21
51 15
51 17
51 19
51 21
51 22
51 30
52 6
52 9
52 10
52 14
52 19
52 32
52 38
52 46
53 3
53 14
53 20
53 29
53 48
Loss 0 0 0 0 0 0 86 74 0 0 0 0 45 35 62 0 0 0 0 17 41 41 58 0 68 0 21 0 0 0 0 0 67 0 0 0 0 0 0 0 0 0 0 0 12 0 0 0 0 0 0 0 0 
