60 <--# of nodes, 348 edges
1 7
1 8
1 15
1 32
1 37
1 42
1 43
1 47
2 7
2 44
2 54
2 58
2 59
3 7
3 16
3 44
3 46
3 59
4 19
4 29
4 48
4 58
5 9
5 15
5 17
5 24
5 30
5 41
5 49
5 57
6 1
6 11
6 32
6 40
6 41
6 51
6 58
7 1
7 10
7 12
7 17
7 34
7 38
7 54
8 6
8 18
8 27
8 30
8 37
9 24
9 45
9 47
10 3
10 5
10 13
10 38
10 44
10 57
11 3
11 22
11 38
11 41
11 56
12 3
12 14
12 21
12 55
13 3
13 7
13 15
13 28
14 25
14 33
14 44
14 45
14 46
14 49
14 50
15 18
15 19
15 30
15 36
15 47
16 6
16 19
16 31
16 38
16 42
16 57
17 5
17 19
17 24
17 34
17 36
18 4
18 44
18 57
18 60
19 10
19 17
19 26
19 28
19 33
19 40
19 42
19 51
19 55
19 59
20 4
21 10
21 15
21 31
21 34
21 51
22 38
22 45
23 2
23 13
23 14
23 26
23 36
23 38
23 42
23 53
23 58
24 23
24 36
24 38
24 40
24 43
25 3
25 22
25 45
26 8
26 21
26 23
26 29
26 31
26 33
26 35
26 60
27 25
27 38
27 42
27 45
27 50
27 55
27 59
28 38
28 51
28 56
29 1
29 13
29 16
29 49
29 57
30 27
30 32
30 58
30 59
31 3
31 7
31 15
31 17
31 26
31 29
31 33
31 42
31 45
31 56
31 57
32 1
32 16
32 26
32 28
32 39
32 53
32 58
33 15
33 16
33 30
33 34
33 35
33 52
34 42
34 49
35 4
35 29
35 30
35 34
35 36
35 42
35 43
36 1
36 2
36 4
36 19
36 23
36 29
36 32
36 35
36 40
36 58
37 6
37 21
37 28
37 33
37 45
37 52
37 60
38 1
38 35
38 36
38 40
38 41
38 46
38 50
39 6
39 9
39 35
39 41
39 58
40 8
40 9
40 16
40 18
40 20
40 24
40 34
40 42
41 9
41 21
41 55
42 7
42 9
42 15
42 26
42 34
42 37
42 41
42 50
42 55
43 8
43 14
43 48
44 7
44 11
44 41
44 52
44 60
45 9
45 27
45 33
45 60
46 3
46 13
46 23
46 25
46 43
46 54
46 55
46 59
47 16
47 18
47 34
47 57
47 58
47 60
48 21
48 43
48 51
49 3
49 9
49 11
49 14
49 22
49 23
49 28
49 29
49 41
49 50
49 57
50 2
50 8
50 25
50 38
50 45
50 49
51 2
51 36
51 47
51 49
52 7
52 12
52 20
52 24
52 31
52 45
52 50
52 59
52 60
53 1
53 3
53 5
53 27
53 46
54 23
54 26
54 28
54 55
55 13
55 16
55 19
55 44
55 58
56 8
56 20
56 23
56 25
56 37
56 40
56 49
56 54
56 59
57 19
57 26
57 27
57 41
57 51
57 55
58 5
58 24
58 29
58 40
58 54
59 3
59 7
59 18
59 19
59 29
59 31
59 49
59 56
59 57
60 28
60 30
60 34
60 41
Loss 0 0 0 0 0 65 81 55 50 0 0 0 0 0 6 70 0 90 0 0 2 0 0 0 0 0 0 86 0 37 0 0 0 0 0 78 65 0 63 0 0 0 48 0 75 0 0 0 0 0 0 0 0 0 0 0 0 0 0 0 
