39 <--# of nodes, 149 edges
1 3
1 19
2 8
2 19
2 35
3 16
3 19
3 23
3 34
4 9
4 12
4 20
4 23
4 33
5 10
6 16
6 26
7 2
7 16
7 17
7 18
7 20
7 25
7 26
7 29
7 33
8 37
9 6
9 26
9 30
10 5
11 3
11 15
11 18
11 26
12 8
12 9
12 13
12 18
12 21
12 23
12 36
13 28
13 30
13 34
13 39
14 12
14 34
15 9
15 11
15 25
15 36
16 10
16 14
16 21
16 33
16 39
17 5
17 10
17 25
17 26
18 4
18 8
18 12
18 15
18 33
19 20
19 39
20 35
21 25
21 28
21 36
22 20
22 25
22 26
22 32
22 35
23 4
23 15
23 25
23 32
24 1
24 13
24 34
24 37
25 1
25 11
25 14
25 19
25 21
25 24
25 26
25 30
26 4
26 14
26 27
28 33
29 2
29 21
29 24
29 25
29 26
29 34
29 35
30 8
30 11
30 33
30 36
31 6
31 9
32 5
32 11
32 17
32 25
32 29
33 18
33 25
33 31
34 10
34 18
34 21
34 31
35 1
35 2
35 7
35 15
35 28
36 4
36 14
36 17
36 20
36 25
36 30
36 32
36 33
36 37
37 1
37 4
37 6
37 16
37 26
37 28
38 5
38 9
38 16
38 19
39 1
39 19
39 34
Loss 0 60 0 0 0 0 0 17 0 0 0 0 0 0 0 0 0 0 0 0 0 0 34 0 19 83 0 0 0 0 0 0 22 0 0 0 0 0 0 
