34 <--# of nodes, 104 edges
2 8
2 11
2 17
2 33
3 14
3 19
3 24
4 24
5 6
5 14
5 16
5 20
5 21
5 30
6 2
6 4
6 31
6 34
7 8
7 13
8 5
8 19
8 20
8 23
8 24
8 30
9 17
10 1
10 6
10 12
10 26
11 9
11 19
11 20
12 3
12 18
13 7
13 10
14 3
14 20
14 28
14 30
14 33
15 3
15 8
15 31
16 2
16 15
16 19
16 27
17 6
17 15
17 18
17 20
17 24
17 26
18 4
19 5
19 32
19 33
20 3
20 4
21 9
21 18
21 31
22 19
23 2
23 11
23 13
23 21
23 22
23 28
23 30
23 31
24 9
24 13
24 22
24 30
24 34
25 32
26 1
26 15
26 19
26 25
27 8
28 23
29 1
29 3
30 4
30 24
31 2
31 4
31 11
32 2
32 28
33 1
33 3
33 12
33 17
34 8
34 9
34 10
34 18
34 21
Loss 0 58 0 0 0 0 0 0 59 0 70 0 0 71 0 0 62 0 28 65 33 0 0 18 0 0 0 0 0 0 0 0 0 0 
