48 <--# of nodes, 222 edges
1 9
1 11
1 27
1 44
2 11
2 31
2 34
2 38
3 2
3 9
3 14
3 17
3 25
3 28
3 30
3 42
3 48
4 22
4 25
4 26
4 39
4 40
4 48
5 1
5 25
5 26
5 43
5 47
6 2
6 34
6 44
7 16
7 20
7 26
7 39
7 45
8 17
9 21
9 32
10 7
10 12
10 17
10 27
10 29
10 32
10 40
10 46
11 4
11 6
11 18
11 26
12 5
12 13
12 38
13 4
13 45
14 11
14 20
14 22
14 34
14 35
14 47
15 8
15 25
15 27
15 39
15 40
15 45
16 17
16 21
16 25
16 29
16 36
16 40
17 12
17 23
17 38
17 39
17 40
18 9
18 29
19 15
19 17
19 18
20 29
20 48
21 16
21 19
21 20
21 29
21 38
22 4
22 11
22 13
22 15
22 30
22 38
22 43
23 17
23 31
23 40
23 41
23 43
24 2
24 7
24 31
24 40
25 5
25 14
25 26
25 28
25 29
25 30
26 17
26 20
26 31
26 33
27 17
27 22
28 14
29 34
30 1
30 18
30 20
30 23
30 31
30 40
30 41
31 17
31 35
31 36
31 39
31 48
32 1
32 3
32 7
32 16
32 20
32 33
32 46
33 18
33 28
33 46
34 3
34 5
34 7
34 26
34 28
34 48
35 4
35 9
35 17
35 19
35 21
35 28
35 30
35 32
35 33
35 45
36 4
36 6
36 21
36 31
36 35
36 40
36 42
36 46
37 10
37 11
37 40
38 4
38 6
38 13
38 15
38 42
38 46
39 21
39 26
39 37
40 24
40 37
40 38
40 42
40 43
41 16
41 32
42 7
42 8
42 10
42 16
42 22
42 25
42 27
42 31
42 32
42 39
43 3
43 21
43 34
44 2
44 36
44 38
45 10
45 12
45 23
45 33
45 38
46 12
46 25
46 31
46 38
47 6
47 24
47 34
48 1
48 2
48 3
48 5
48 22
48 28
48 29
48 37
Loss 0 2 0 0 0 54 0 0 0 76 27 0 0 0 0 0 0 0 79 0 0 0 21 40 0 27 0 0 42 0 0 0 0 0 0 7 95 0 0 47 0 0 0 0 82 0 0 0 
