40 <--# of nodes, 174 edges
1 2
1 23
2 11
2 32
2 40
3 11
3 26
3 27
3 29
3 32
3 37
3 38
4 2
4 10
4 11
4 12
4 29
4 35
4 37
5 4
5 10
5 14
5 17
5 23
5 28
5 30
5 34
5 35
6 33
7 2
7 5
7 22
8 12
8 17
8 24
8 34
9 4
9 17
9 23
9 25
9 32
9 36
9 39
10 15
10 20
10 27
10 30
10 36
11 29
11 31
11 32
12 20
12 22
12 27
12 39
13 8
14 8
14 20
14 23
14 25
15 19
15 32
15 35
15 36
15 39
16 9
16 10
16 14
16 21
16 26
16 29
16 32
16 34
16 37
16 39
17 5
17 6
17 20
17 24
17 40
18 8
18 13
18 14
18 16
18 31
18 36
18 40
19 3
19 13
19 23
19 28
20 1
20 3
20 11
20 15
20 16
20 17
20 18
20 21
20 24
20 33
20 39
21 2
21 22
21 38
21 39
21 40
22 27
22 30
22 39
23 1
23 7
23 8
23 10
23 15
23 16
23 28
23 30
23 35
24 5
24 6
24 37
24 39
25 9
25 24
25 33
26 6
26 32
26 34
27 10
27 24
27 25
27 29
27 33
28 5
28 23
28 24
28 38
29 11
29 13
29 19
29 23
29 25
29 38
30 35
30 39
31 4
31 17
31 21
31 26
32 28
33 3
33 5
33 34
34 2
35 6
35 8
35 11
35 15
35 20
35 32
36 16
36 24
37 9
37 28
38 7
38 13
39 10
39 25
40 8
40 10
40 16
40 20
40 31
Loss 0 0 0 5 0 12 0 0 0 40 65 0 2 0 0 0 0 0 0 0 0 0 0 0 0 0 0 0 0 22 0 0 0 0 0 0 0 0 0 0 
