64 <--# of nodes, 373 edges
1 5
1 18
1 30
1 40
1 57
1 60
2 25
2 28
2 30
2 46
2 62
3 18
3 26
3 29
3 39
3 43
4 16
4 22
4 29
4 55
4 60
5 17
5 18
5 19
5 24
5 26
5 30
5 39
5 44
5 45
6 1
6 19
6 39
6 41
6 48
6 58
7 3
7 4
7 9
7 10
7 46
7 64
8 6
8 7
8 14
8 16
8 19
8 22
8 29
8 39
8 52
8 62
9 6
9 14
9 29
9 36
9 44
9 57
9 61
10 2
10 22
10 26
10 35
10 64
11 35
11 49
12 9
12 16
12 29
12 41
12 62
13 35
13 45
13 49
13 55
13 58
13 62
13 64
14 15
14 31
14 43
14 55
15 19
15 27
15 38
15 41
16 5
16 22
16 28
16 32
16 47
16 53
16 64
17 8
17 10
17 11
17 32
17 38
17 54
18 5
18 8
18 9
18 45
19 26
19 32
19 33
19 58
19 60
20 5
20 13
20 48
21 7
21 14
21 38
21 49
22 5
22 32
22 36
22 50
22 53
22 58
23 11
23 30
23 32
23 34
23 61
24 5
24 8
24 9
24 21
24 31
24 54
25 6
25 13
25 14
25 58
26 32
26 40
26 52
26 54
26 62
27 23
27 29
27 31
27 36
27 41
27 43
27 58
27 61
28 32
28 44
28 46
28 48
28 61
29 2
29 37
29 54
29 59
29 61
30 9
30 13
30 19
30 24
30 29
30 32
31 12
31 18
31 29
31 39
31 47
31 50
31 53
31 57
32 8
32 15
32 22
32 37
32 43
32 58
32 59
33 24
33 31
33 34
33 52
34 2
34 31
34 43
34 56
34 62
35 11
35 26
35 62
36 5
36 11
36 12
36 31
36 34
36 57
37 3
37 21
37 22
37 41
37 51
37 61
38 10
38 28
38 35
38 42
38 44
38 45
38 52
38 55
38 59
39 9
39 10
39 15
39 20
39 26
39 44
39 45
39 52
39 54
40 5
40 17
40 38
40 58
40 62
41 11
41 23
41 39
42 9
42 22
42 27
42 33
42 35
42 51
42 55
42 61
43 4
43 22
43 48
43 62
44 15
44 16
44 30
44 38
44 53
45 8
45 11
45 15
45 23
45 34
45 56
45 63
45 64
46 3
46 7
46 13
46 21
46 28
46 32
46 49
46 61
47 14
47 17
47 31
47 33
47 37
47 51
47 54
47 56
47 60
47 64
48 9
48 14
48 17
48 53
49 2
49 10
49 40
49 53
49 58
50 10
50 12
50 49
50 55
50 61
51 11
51 29
51 37
51 58
52 3
52 7
52 20
52 24
52 53
52 57
53 4
53 25
53 44
53 63
54 10
54 27
54 31
54 32
54 35
54 39
55 6
55 21
55 33
55 38
55 59
55 62
56 6
56 14
56 19
56 63
57 18
57 27
57 58
57 60
57 61
58 4
58 5
58 36
58 47
58 56
59 12
59 13
59 21
59 27
59 29
59 32
59 34
59 42
59 45
59 46
59 52
59 62
60 25
60 41
60 46
60 56
60 59
60 64
61 3
61 6
61 8
61 14
61 17
61 28
61 31
61 48
61 50
61 57
62 6
62 10
62 14
62 26
62 43
62 47
62 49
63 7
63 20
63 40
63 48
63 62
64 11
64 29
64 32
64 40
64 44
64 54
Loss 0 0 0 0 0 0 15 0 0 64 0 0 0 0 0 0 93 0 0 0 0 88 73 0 0 0 0 0 69 65 0 0 0 0 0 0 0 0 0 0 0 0 51 0 37 47 43 0 0 0 37 0 0 0 0 0 0 43 0 0 0 0 0 0 
