60 <--# of nodes, 385 edges
1 8
1 15
1 26
1 34
1 51
2 11
2 20
2 22
2 35
2 41
2 49
2 57
3 13
3 19
3 36
3 49
4 3
4 7
4 8
4 11
4 13
4 35
4 39
4 51
4 52
4 54
5 12
5 16
5 47
6 4
6 5
6 31
6 35
6 43
6 47
7 9
7 13
7 54
7 57
7 59
8 11
8 16
8 25
8 30
8 32
8 38
8 45
8 49
8 57
8 60
9 2
9 19
9 21
9 29
9 38
9 46
9 55
10 17
10 20
10 25
10 39
10 52
11 4
11 8
11 9
11 35
11 52
11 53
11 60
12 3
12 29
12 37
13 18
13 24
13 36
13 41
13 56
14 2
14 19
14 32
14 57
15 10
15 14
15 28
15 32
15 33
15 43
16 21
16 26
16 29
16 31
16 49
16 51
16 53
17 14
17 18
17 36
17 51
17 53
17 57
17 58
18 12
18 15
18 17
18 23
18 57
18 59
19 11
19 13
19 15
19 29
19 31
19 49
19 50
19 54
20 4
20 18
20 32
20 36
20 42
21 9
21 10
21 29
21 32
21 34
21 43
21 47
21 49
22 7
22 20
22 24
22 29
22 41
22 44
22 60
23 7
23 16
23 17
23 21
23 22
23 25
23 35
23 36
23 40
23 57
24 11
24 20
24 21
24 39
24 42
24 49
24 56
24 58
25 1
25 40
25 42
25 49
26 3
26 5
26 16
26 33
26 34
26 35
26 39
27 6
27 14
27 21
27 24
27 28
27 35
27 43
27 45
27 46
27 59
28 19
28 40
28 51
28 58
29 12
29 28
29 31
29 41
29 48
29 50
29 54
29 55
30 23
30 29
30 43
30 51
31 5
31 30
31 38
31 40
31 48
31 58
32 17
32 60
33 5
33 7
33 12
33 17
33 20
33 30
33 31
33 32
33 36
33 43
33 44
33 50
33 52
34 2
34 27
34 29
34 57
35 6
35 16
35 17
35 20
35 24
35 32
35 50
35 59
36 10
36 22
36 30
36 42
36 43
36 54
36 59
37 13
37 23
37 26
37 32
37 38
37 49
38 10
38 15
38 24
38 29
38 54
38 56
38 57
39 3
39 31
39 35
39 38
39 42
39 52
39 57
39 59
40 6
40 16
40 24
40 37
40 39
40 50
40 53
40 60
41 5
41 13
41 24
41 34
41 53
41 55
42 5
42 8
42 12
42 32
42 55
42 57
42 58
43 3
43 14
43 23
43 26
43 27
43 28
43 60
44 11
44 18
44 19
44 27
44 36
44 52
44 55
44 58
45 28
45 39
45 40
45 55
46 1
46 17
46 20
46 21
46 36
46 57
46 60
47 20
47 27
47 28
47 32
47 43
47 44
47 54
47 55
48 1
48 3
48 5
48 9
48 13
48 21
48 37
48 45
48 55
49 12
49 21
49 29
49 30
49 36
49 37
49 60
50 5
50 36
50 40
50 44
50 49
50 54
51 7
51 12
51 13
51 22
51 57
52 27
52 29
52 46
53 6
53 7
53 12
53 20
53 32
53 43
53 59
53 60
54 12
54 13
54 20
54 27
54 46
54 49
55 13
55 22
55 23
55 30
55 35
55 39
55 46
55 56
56 9
56 26
56 29
56 51
56 53
56 55
57 15
57 23
57 32
58 1
58 11
58 12
58 29
58 34
58 49
58 56
59 3
59 4
59 37
59 38
59 54
59 57
60 23
60 38
60 42
60 54
60 57
Loss 0 0 0 83 0 79 0 0 0 0 0 0 0 0 0 0 0 95 0 15 0 0 0 57 0 0 0 0 0 0 0 0 0 0 0 73 5 0 0 0 0 20 0 0 17 7 85 0 0 0 0 0 0 0 0 0 74 0 0 65 
