30 <--# of nodes, 70 edges
1 19
1 26
2 6
2 25
3 14
3 21
4 17
4 22
4 26
5 10
5 13
7 20
7 26
7 27
9 13
9 23
10 1
10 30
11 5
11 15
11 21
11 22
11 30
12 7
12 24
13 2
13 14
13 25
13 30
14 3
14 4
15 14
15 22
15 24
16 23
16 30
17 2
17 13
17 20
18 11
18 16
19 20
20 5
21 20
21 26
22 3
22 17
22 18
22 28
23 19
23 29
24 7
24 28
24 30
25 13
25 19
26 4
26 15
26 24
26 27
27 2
27 30
28 10
28 25
29 24
29 30
30 2
30 15
30 19
30 21
Loss 0 0 63 21 91 0 85 0 0 0 96 0 0 0 0 0 0 0 0 0 0 0 0 0 0 0 0 0 69 0 
