42 <--# of nodes, 167 edges
1 4
1 13
1 17
1 20
1 22
1 25
2 7
2 9
2 12
2 15
2 37
2 41
3 2
3 12
3 29
4 9
4 22
4 28
4 29
4 39
5 6
5 13
5 31
5 33
5 37
6 12
6 22
7 2
7 6
7 35
7 37
7 42
8 9
8 34
9 7
9 26
10 24
10 31
11 10
11 12
11 13
11 14
11 30
11 38
12 15
12 17
12 24
12 37
13 2
13 16
13 17
13 26
13 41
14 16
14 20
14 29
14 33
15 22
15 27
15 37
15 40
16 4
16 25
16 26
16 33
16 36
17 3
17 14
17 18
17 33
17 35
17 37
18 11
18 24
18 25
18 28
18 33
18 40
19 5
19 22
19 25
19 33
19 34
20 1
20 33
21 1
21 3
21 16
21 25
21 31
22 5
22 25
22 27
23 24
24 8
24 22
24 25
25 2
25 19
25 20
25 27
25 33
26 31
27 12
27 23
28 5
28 6
28 19
28 20
28 22
29 6
29 10
29 11
29 15
29 16
29 26
30 3
30 13
30 14
30 33
30 39
31 35
31 40
32 8
32 11
32 36
33 6
33 8
33 27
33 38
34 7
34 29
34 42
35 12
35 14
35 40
36 1
36 26
36 33
37 2
37 14
37 16
37 20
37 27
37 30
38 10
38 17
38 33
38 34
38 35
38 40
39 9
39 11
39 35
40 8
40 22
40 25
40 36
41 9
41 31
41 32
42 4
42 6
42 28
42 29
42 31
42 33
Loss 0 0 0 0 0 0 0 0 0 0 0 15 0 0 0 0 0 14 43 0 61 0 0 42 0 0 0 0 0 25 0 0 0 0 0 0 0 0 0 0 0 0 
