37 <--# of nodes, 133 edges
1 4
1 18
1 34
2 18
2 25
2 35
3 8
3 12
3 25
3 27
3 35
4 7
4 11
4 17
4 18
4 24
4 32
4 34
5 6
5 15
5 17
5 21
5 30
5 37
6 3
6 19
7 10
7 15
7 19
7 28
7 37
8 1
8 14
8 27
8 28
8 29
8 32
9 26
9 32
10 7
10 14
10 36
11 12
11 13
11 15
11 16
11 17
11 24
12 8
12 16
12 35
13 8
13 37
14 7
14 17
15 7
15 14
15 31
16 3
16 28
16 31
16 33
17 36
18 5
18 13
18 28
19 34
19 37
20 12
20 18
20 36
21 8
21 19
21 29
21 31
22 27
23 36
24 2
24 7
24 17
24 19
24 37
25 3
25 7
25 12
25 37
26 8
26 17
26 20
26 25
26 32
27 1
27 2
27 11
27 20
27 35
28 14
28 18
29 7
29 8
29 17
29 20
29 28
29 30
30 20
30 22
30 24
31 19
31 24
31 27
31 32
32 4
32 8
32 12
32 27
32 29
32 31
32 37
33 17
34 10
34 14
35 4
35 7
35 9
35 21
35 34
35 36
36 2
36 13
36 20
37 6
37 23
37 32
Loss 0 0 0 0 0 0 0 0 0 0 0 0 23 64 81 0 0 0 33 0 0 76 0 0 76 43 0 0 83 0 0 9 0 0 0 0 88 
