70 <--# of nodes, 475 edges
1 17
1 27
1 39
1 55
1 57
1 67
2 15
2 19
2 20
2 22
2 45
2 47
2 48
2 69
3 2
3 36
3 41
3 57
3 69
4 5
4 7
4 28
4 29
4 32
4 36
4 37
4 58
4 62
5 22
5 30
5 37
5 45
5 56
6 3
6 14
6 16
6 19
6 25
7 6
7 13
7 28
7 32
7 34
7 45
7 61
8 15
8 40
8 50
8 52
8 57
9 1
9 11
9 18
9 24
9 25
9 32
9 47
9 55
9 63
9 70
10 1
10 6
10 9
10 11
10 49
10 53
10 55
10 63
10 65
10 67
10 68
11 31
11 37
11 38
11 49
11 52
11 55
11 62
12 2
12 14
12 25
12 26
12 27
12 36
12 56
12 62
12 70
13 6
13 28
13 40
14 10
14 54
14 60
14 62
14 67
14 68
14 70
15 6
15 9
15 14
15 18
15 30
15 36
15 48
15 53
15 67
16 37
16 40
16 52
16 57
16 58
16 63
16 66
17 18
17 30
17 44
17 48
17 51
17 67
18 47
19 6
19 9
19 12
19 60
19 63
20 3
20 8
20 18
20 21
20 22
20 26
20 34
20 35
20 37
20 55
20 61
20 65
21 4
21 10
21 16
21 27
21 45
21 64
21 66
21 67
22 28
22 32
22 38
22 42
22 46
22 49
22 58
22 66
23 5
23 11
23 13
23 35
23 36
23 44
23 48
23 51
23 62
24 26
24 34
24 57
25 2
25 5
25 20
26 8
26 23
26 44
26 45
26 46
26 50
26 61
26 63
27 14
27 16
27 23
27 30
27 39
27 45
27 50
27 52
27 57
27 58
27 62
28 2
28 11
28 19
28 26
28 48
28 63
28 64
29 14
29 21
29 40
30 7
30 13
30 19
30 28
30 32
30 41
30 70
31 3
31 15
31 17
31 30
31 32
31 39
31 40
31 61
32 5
32 16
32 18
32 24
32 41
32 57
32 64
33 2
33 9
33 24
33 29
33 34
33 54
33 57
34 5
34 7
34 26
34 59
34 63
34 64
34 65
35 2
35 4
35 15
35 18
35 22
35 33
35 52
35 67
36 7
36 15
36 19
36 25
36 33
36 35
36 53
36 57
36 63
37 8
37 12
37 18
37 24
37 41
37 45
37 53
37 54
38 3
38 21
38 39
38 58
38 61
38 62
39 22
39 29
39 45
39 69
40 18
40 32
40 39
40 53
40 64
41 1
41 2
41 9
41 13
41 18
41 24
41 25
41 29
41 42
41 46
41 49
41 50
42 12
42 14
42 18
42 25
42 56
42 60
42 61
42 64
43 8
43 20
43 30
43 31
43 38
43 44
43 49
43 65
43 68
43 69
44 7
44 10
44 23
44 41
44 46
44 60
44 63
45 9
45 12
45 18
45 53
45 58
45 62
46 2
46 19
46 39
46 49
46 50
46 60
47 12
47 43
47 49
47 57
47 65
48 8
48 16
48 27
48 37
48 57
49 2
49 14
49 35
49 42
49 60
50 2
50 7
50 12
50 21
50 27
50 40
50 42
51 3
51 9
51 57
51 64
52 16
52 18
52 20
52 34
52 38
53 2
53 11
53 12
53 21
53 32
53 39
53 40
53 50
54 27
54 40
54 60
54 62
55 3
55 11
55 17
55 20
55 24
55 28
55 48
55 50
55 53
55 63
56 10
56 11
56 22
56 34
56 38
56 48
56 54
56 58
57 7
57 13
57 14
57 31
57 55
58 6
58 14
58 29
58 37
58 51
58 55
58 61
58 67
59 8
59 32
59 45
60 2
60 18
60 25
60 36
60 38
60 46
60 69
61 62
62 8
62 22
62 24
62 25
62 52
62 67
63 5
63 8
63 9
63 14
63 68
64 6
64 7
64 10
64 31
64 38
64 41
64 45
64 48
64 49
64 57
64 66
65 11
65 13
65 23
65 43
65 47
65 53
65 56
66 2
66 26
66 29
66 30
66 43
66 45
66 49
66 61
67 14
67 24
67 32
67 40
67 45
67 51
67 65
68 2
68 14
68 21
68 23
68 29
68 45
68 47
68 55
68 66
68 69
69 41
69 46
69 47
69 59
69 67
70 10
70 14
70 27
70 35
70 37
70 47
70 57
70 67
70 68
Loss 0 0 0 83 0 0 0 0 0 0 0 0 0 0 0 0 0 0 0 0 23 0 62 0 0 0 0 0 0 22 60 0 0 45 0 48 0 0 0 0 0 37 0 0 0 0 23 0 0 0 0 0 0 0 0 49 80 0 7 0 0 0 15 0 0 0 0 0 84 0 
