31 <--# of nodes, 85 edges
1 3
1 10
1 31
2 9
2 11
2 12
2 16
2 23
3 4
3 17
3 27
4 14
4 26
4 29
5 29
6 16
6 29
7 3
7 15
7 19
7 24
8 13
8 18
8 19
8 25
8 26
8 31
9 11
9 19
9 28
10 9
10 29
10 30
10 31
11 10
11 12
11 16
11 25
11 28
11 29
12 9
12 10
12 25
12 27
13 2
13 8
13 25
13 30
15 13
16 3
16 4
16 14
16 28
17 1
17 15
17 26
19 4
19 25
20 11
20 25
22 26
23 10
23 16
23 25
24 18
25 7
25 10
25 11
25 13
25 16
26 10
26 30
26 31
27 7
29 12
29 17
30 9
30 15
30 17
30 19
30 21
31 5
31 11
31 16
31 28
Loss 0 0 0 0 0 0 0 0 0 71 0 51 0 58 0 0 0 0 0 0 0 0 0 0 0 80 0 0 0 0 0 
