29 <--# of nodes, 87 edges
1 13
1 23
1 25
1 26
2 15
2 16
3 4
3 23
4 7
4 11
4 20
4 25
4 29
5 2
5 6
5 16
5 20
6 1
6 3
6 5
6 9
7 6
8 1
8 11
8 20
9 5
9 8
9 11
9 13
9 14
9 15
9 18
9 24
9 28
10 9
10 22
10 27
11 7
11 25
11 27
13 1
13 19
13 29
14 3
14 4
14 11
14 20
15 5
15 6
15 13
15 17
15 21
15 25
15 26
16 11
16 14
16 18
17 6
18 13
18 24
18 26
19 24
19 25
21 1
21 12
21 22
21 23
22 5
22 12
23 25
24 2
24 5
25 18
25 21
25 23
26 1
26 6
26 7
27 7
27 18
27 21
28 1
28 27
29 11
29 12
29 22
29 24
Loss 0 0 0 0 0 0 0 71 23 0 0 0 0 0 7 0 0 62 0 0 4 0 0 0 35 48 0 73 0 
