52 <--# of nodes, 285 edges
1 11
1 12
1 30
1 32
1 39
1 46
1 47
2 12
2 15
2 40
2 41
2 45
3 6
3 32
3 34
3 43
3 52
4 16
4 22
4 24
4 25
4 32
4 51
5 14
5 15
5 22
5 34
5 44
5 52
6 2
6 5
6 17
6 21
6 34
6 41
7 23
7 28
7 29
7 40
7 48
8 2
8 19
8 21
8 35
8 44
9 16
9 27
9 29
9 45
9 49
10 12
10 13
10 15
10 22
10 26
10 27
10 31
10 37
10 43
11 25
11 38
11 41
11 43
12 7
12 27
12 34
12 39
12 52
13 16
13 30
13 33
13 42
14 28
14 29
14 33
14 38
14 43
14 51
15 25
15 31
15 41
15 43
16 3
16 11
16 15
16 41
17 15
17 19
17 25
17 28
17 43
18 1
18 3
18 14
18 20
18 25
18 34
18 36
18 37
18 39
18 40
18 41
18 49
19 4
19 7
19 14
19 45
19 50
19 52
20 2
20 8
20 17
20 31
20 36
21 14
21 33
21 41
21 42
21 52
22 6
22 19
22 48
22 50
23 13
23 15
23 22
23 27
23 36
24 2
24 7
24 15
24 17
24 28
24 31
24 39
24 42
25 8
25 13
25 15
25 21
25 23
25 39
25 47
25 50
26 1
26 4
26 10
26 40
27 38
27 44
27 45
27 48
28 11
28 12
28 13
28 23
28 31
28 49
29 3
29 5
29 18
29 19
29 22
29 23
29 34
29 37
29 42
30 11
30 17
30 19
30 29
30 45
31 8
31 13
31 45
32 13
32 18
32 26
32 30
32 40
32 44
32 47
33 7
33 9
33 26
33 36
33 49
34 7
34 8
34 15
34 21
34 31
35 25
35 29
35 31
35 37
35 44
36 1
36 13
36 33
37 18
37 20
37 34
37 36
37 43
37 51
38 3
38 6
38 23
39 24
39 27
39 48
39 50
39 51
40 6
40 9
40 12
40 25
40 28
40 36
40 41
40 49
41 4
42 18
42 19
42 29
42 47
42 50
43 1
43 10
43 20
43 28
43 42
44 1
44 14
44 16
44 34
44 48
45 10
45 17
46 13
46 17
46 24
46 32
46 33
46 38
46 40
46 43
47 4
47 8
47 10
47 12
47 13
47 14
47 24
48 4
48 10
48 17
48 24
48 26
48 45
49 3
49 8
49 17
49 24
49 27
49 28
49 32
49 51
50 7
50 19
50 20
50 38
50 52
51 23
51 24
51 28
51 32
52 7
52 13
52 17
52 22
52 27
52 38
52 41
Loss 0 0 0 0 0 0 0 28 68 0 0 0 0 0 0 0 68 0 0 0 0 0 0 0 0 0 0 0 0 0 0 0 0 0 0 0 0 0 0 0 0 0 27 0 42 0 32 0 0 17 0 0 
