63 <--# of nodes, 399 edges
1 16
1 31
1 45
1 50
1 54
1 60
2 1
2 10
2 11
2 43
2 50
3 4
3 5
3 8
3 18
3 19
3 25
3 49
3 50
4 5
4 6
4 13
4 20
4 22
4 28
4 38
4 41
4 56
5 1
5 16
5 20
5 33
5 44
5 53
5 55
5 60
6 5
6 27
6 39
6 48
6 56
7 2
7 34
7 35
7 49
7 50
7 52
7 54
8 7
8 13
8 34
8 38
9 10
9 18
9 22
9 23
9 31
9 37
9 39
9 56
10 39
10 50
10 57
11 4
11 5
11 10
12 14
12 18
12 20
12 46
12 49
12 56
12 61
13 3
13 7
13 38
13 40
13 57
14 21
14 27
14 38
14 40
14 46
14 54
15 3
15 14
15 29
15 30
15 44
15 47
15 58
15 60
16 6
16 12
16 14
16 43
16 53
16 59
16 60
17 13
17 23
17 32
17 40
17 55
17 56
17 62
18 7
18 10
18 23
18 24
18 25
18 38
18 41
18 56
18 62
19 6
19 12
19 20
19 27
19 33
19 41
19 51
19 56
20 15
20 17
20 18
20 27
20 29
20 38
21 32
21 55
22 27
22 29
22 50
22 62
23 2
23 3
23 10
23 18
23 20
23 29
23 31
23 40
23 49
23 63
24 9
24 16
24 22
24 25
24 44
24 46
24 63
25 1
25 2
25 13
25 31
25 33
25 34
25 46
25 57
26 3
26 15
26 27
26 30
26 33
26 46
27 6
27 8
27 11
27 19
27 32
27 41
27 50
27 52
27 57
27 58
28 6
28 17
28 24
28 31
28 33
28 40
28 63
29 9
29 16
29 38
29 48
30 15
30 37
30 51
30 55
30 56
30 63
31 13
31 25
31 48
31 52
31 57
32 13
32 17
32 18
32 19
32 26
32 55
32 58
33 9
33 20
33 25
33 26
33 45
33 52
33 60
34 12
34 16
34 22
34 25
34 26
34 45
34 47
34 51
35 5
35 18
35 20
35 27
35 54
35 55
36 12
36 20
36 22
36 29
36 44
36 46
36 48
37 2
37 59
37 63
38 4
38 15
38 16
38 18
38 26
38 30
38 31
38 56
38 57
39 6
39 8
39 47
40 7
40 18
40 46
40 49
40 54
40 61
41 1
41 2
41 5
41 17
41 22
41 36
41 39
41 44
41 59
42 10
42 17
42 19
42 20
42 23
42 36
42 58
43 3
43 6
43 18
43 26
43 34
43 38
43 44
43 45
43 48
44 2
44 13
44 29
44 36
44 39
44 40
44 59
44 62
45 12
45 24
45 26
45 30
45 37
45 51
46 6
46 24
46 40
46 41
47 11
47 12
47 22
47 25
47 28
47 46
48 15
48 40
48 57
48 60
49 2
49 11
49 14
49 34
49 52
49 54
49 57
50 35
51 31
51 54
51 56
51 57
52 12
52 23
52 32
52 39
52 40
52 50
52 59
52 62
53 1
53 7
53 43
53 44
53 48
53 51
53 54
54 2
54 4
54 19
54 34
54 43
54 45
54 48
54 63
55 8
55 38
56 16
56 17
56 45
56 47
56 49
56 57
56 61
57 2
57 4
57 10
57 11
57 14
57 29
57 45
58 5
58 21
58 22
58 28
58 43
58 57
59 12
59 17
59 21
59 26
59 44
59 45
59 53
59 54
59 55
60 7
60 13
60 19
60 31
60 32
60 48
61 5
61 14
61 22
61 32
61 33
61 46
61 63
62 20
62 23
62 33
62 34
62 39
62 45
62 47
62 63
63 10
63 18
63 37
63 50
63 52
Loss 0 0 0 24 0 29 0 0 0 0 0 0 0 58 0 0 0 0 0 0 0 0 0 0 0 0 0 0 0 0 3 16 0 0 0 0 0 13 0 0 0 0 18 76 36 0 91 0 0 0 46 0 0 0 0 0 0 0 26 0 0 56 0 
