43 <--# of nodes, 175 edges
1 2
2 4
2 13
2 28
2 42
3 10
3 18
3 20
3 30
5 14
5 29
5 35
5 39
6 13
6 16
6 21
6 29
7 1
7 12
7 14
7 28
7 35
7 37
7 41
8 5
8 12
8 17
8 23
8 26
8 27
8 33
9 16
9 29
9 35
9 40
9 43
10 6
10 13
10 16
10 30
10 34
10 43
11 15
11 32
12 4
12 10
12 33
12 35
12 38
13 8
13 16
13 17
13 23
14 15
14 21
14 22
14 26
14 33
15 13
15 19
15 29
15 31
15 33
15 42
16 7
16 9
16 29
17 2
17 4
17 18
17 27
17 40
17 43
18 3
18 22
18 30
18 40
19 10
19 27
19 42
20 4
20 19
21 8
21 10
21 32
22 13
22 26
23 13
23 20
23 24
23 38
23 40
24 3
24 17
24 41
25 5
25 22
25 38
26 9
26 23
27 11
27 14
27 30
27 31
27 42
28 2
28 20
28 40
29 5
29 14
29 43
30 5
30 10
30 29
31 6
31 11
31 14
31 16
31 41
32 2
32 13
32 14
32 18
32 25
32 28
32 29
32 33
33 3
33 5
33 12
33 25
33 27
34 6
34 9
34 11
34 32
34 37
34 42
35 11
35 18
35 27
35 34
35 36
35 41
36 4
36 5
36 14
36 15
36 18
36 43
37 5
37 41
38 2
38 11
38 18
38 32
38 37
39 3
39 20
39 42
40 1
40 2
40 5
40 18
40 31
41 10
41 39
41 40
42 24
42 28
42 38
42 43
43 10
43 11
43 33
Loss 0 0 0 78 0 63 98 0 0 0 0 0 0 0 0 0 0 0 0 0 0 0 11 51 0 0 84 0 0 0 0 0 0 0 0 0 10 0 0 3 0 26 0 
