54 <--# of nodes, 291 edges
1 5
1 15
1 17
1 18
1 27
1 40
2 6
2 24
2 25
2 42
2 43
2 45
3 2
3 6
3 14
3 23
3 33
3 40
3 42
3 52
4 17
4 19
4 23
4 28
4 39
4 41
4 48
5 1
5 11
5 17
5 23
5 34
5 36
5 42
5 47
6 2
6 10
6 12
6 18
6 27
7 1
7 11
8 7
8 23
8 28
8 49
9 2
9 7
9 32
9 38
9 39
10 11
10 13
10 17
10 28
10 30
10 37
10 41
10 51
11 2
11 13
11 20
11 41
11 48
12 10
12 13
12 16
12 33
13 17
13 23
13 24
13 27
14 7
14 16
14 17
14 19
15 22
15 31
15 38
15 48
16 18
16 20
16 31
17 13
17 26
17 30
17 33
18 1
18 4
18 5
18 12
18 14
18 16
18 22
18 24
18 40
18 47
18 51
19 6
19 40
20 8
20 22
20 39
20 45
20 52
21 8
21 19
21 29
21 33
21 35
21 52
22 2
22 6
22 14
22 25
22 27
22 35
22 37
23 8
23 10
23 14
23 15
23 19
23 28
23 31
23 34
24 14
24 16
24 18
24 30
24 35
24 38
24 49
25 3
25 13
25 17
25 40
25 44
26 27
26 29
26 49
27 7
27 10
27 32
27 53
28 8
29 9
29 14
29 17
29 31
29 50
30 2
30 47
30 48
31 1
31 5
31 10
31 35
31 41
31 45
31 52
32 14
32 18
32 23
32 33
32 43
32 51
32 53
32 54
33 18
33 29
33 32
33 40
33 44
34 6
35 9
35 15
35 26
35 30
35 50
35 51
35 53
36 3
36 8
36 30
36 49
37 18
37 21
37 38
37 52
38 6
38 12
38 22
38 24
38 26
38 27
38 31
38 49
38 51
38 53
39 14
39 21
39 23
39 31
39 37
39 42
40 15
40 23
40 29
40 33
40 37
40 39
40 52
41 20
41 26
41 38
41 39
42 2
42 6
42 7
42 18
42 26
42 29
42 30
42 45
43 1
43 17
43 52
44 5
44 8
44 9
44 20
44 24
44 28
44 35
44 37
44 41
44 45
44 48
45 1
45 19
45 30
45 41
45 44
45 54
47 1
47 2
47 10
47 28
47 49
48 17
48 30
48 45
48 54
49 5
49 23
49 26
49 28
49 42
49 44
49 53
50 5
50 15
50 20
50 26
50 43
50 46
51 6
51 22
51 44
52 1
52 2
52 6
52 15
52 30
52 33
52 44
53 10
53 24
53 34
53 35
53 37
53 50
53 52
54 18
54 20
54 26
54 33
54 48
54 49
54 53
Loss 0 0 0 0 0 0 0 0 0 0 0 0 0 94 0 0 0 0 0 0 0 0 0 0 51 0 0 87 29 0 0 0 64 0 0 0 9 0 0 0 0 0 0 83 0 0 0 0 94 0 0 0 0 0 
