59 <--# of nodes, 352 edges
1 13
1 19
1 20
1 23
1 25
1 33
1 38
1 42
1 47
1 50
2 3
2 12
2 13
2 15
2 42
2 44
2 59
3 36
3 41
3 43
4 1
4 30
4 40
4 44
4 53
4 54
4 55
5 9
5 21
5 27
5 30
5 34
5 42
5 44
5 49
5 56
6 5
6 10
6 12
6 27
6 32
6 47
7 16
7 18
7 41
7 55
8 40
8 52
8 59
9 3
9 13
9 19
9 33
9 48
9 58
10 2
10 5
10 12
10 57
11 8
11 12
11 31
11 36
11 40
11 48
11 51
12 14
12 36
12 45
12 50
13 15
13 31
13 37
13 59
14 6
14 7
14 11
14 33
14 41
14 45
14 47
14 55
15 10
15 21
15 27
15 34
15 48
15 51
16 4
16 10
16 13
16 14
16 40
16 50
17 4
17 7
17 11
17 28
17 37
17 43
17 46
17 50
17 51
17 54
18 3
18 4
18 16
18 17
18 26
18 35
18 37
19 2
19 5
19 7
19 8
19 20
19 28
19 29
19 30
19 33
19 55
19 57
20 14
20 37
21 1
21 7
21 12
21 19
21 52
22 2
22 3
22 4
22 27
22 38
22 44
23 1
23 15
23 16
23 37
23 52
24 2
24 9
24 16
24 23
24 34
25 11
25 13
25 44
25 47
25 51
26 6
26 18
26 21
26 30
26 57
27 2
27 35
27 46
28 10
28 13
28 22
28 29
28 33
28 35
28 47
28 51
29 31
29 41
29 43
29 44
29 49
29 56
30 4
30 5
30 12
30 13
30 15
30 35
30 48
30 58
31 3
31 12
31 13
31 16
31 17
31 27
32 26
32 35
32 41
32 54
32 58
33 1
33 10
33 15
33 45
34 4
34 42
34 57
34 59
35 1
35 2
35 11
35 42
35 48
35 49
35 52
35 53
35 54
36 3
36 12
36 23
36 26
36 59
37 1
37 13
37 30
38 19
38 27
39 1
39 2
39 10
39 23
39 48
39 51
39 59
40 19
40 23
40 54
40 58
41 7
41 14
41 31
41 40
41 43
41 48
41 56
42 1
42 7
42 14
42 17
42 20
42 21
42 31
42 51
42 57
43 46
44 9
44 42
44 51
44 53
44 59
45 26
45 44
46 1
46 4
46 9
46 16
46 18
46 28
46 31
46 34
46 49
46 52
47 9
47 13
47 15
47 18
47 23
48 3
48 19
48 41
48 42
48 45
48 59
49 18
49 27
49 30
49 33
49 50
49 56
50 1
50 4
50 5
50 28
50 33
50 35
50 36
50 39
50 44
50 49
50 53
50 59
51 1
51 35
51 55
52 12
52 16
52 17
52 21
52 33
52 35
52 43
52 49
52 50
52 57
53 1
53 6
53 18
53 23
53 43
53 49
54 3
54 8
54 14
54 24
54 38
54 45
54 58
55 9
55 35
55 40
56 1
56 8
56 10
56 13
56 15
56 17
56 21
56 27
56 52
56 55
57 16
57 23
57 25
57 27
57 31
57 34
57 40
57 56
58 2
58 17
59 1
59 6
59 14
59 24
59 30
59 31
59 34
59 43
59 45
59 55
59 58
Loss 0 0 0 50 0 0 0 0 0 0 81 0 0 0 0 0 34 0 18 0 0 0 0 0 0 0 0 0 85 0 0 0 0 0 0 0 0 0 0 0 98 0 0 0 0 0 67 0 0 50 0 0 84 0 30 0 0 0 63 
