28 <--# of nodes, 87 edges
1 5
1 11
1 21
2 5
2 9
3 6
3 11
3 14
3 18
3 27
4 18
4 24
5 10
6 19
7 6
7 18
7 26
8 12
8 13
8 22
9 2
9 6
9 19
9 22
10 2
11 3
11 16
11 20
11 21
12 8
12 19
13 1
13 10
13 22
14 5
14 10
14 17
14 23
15 8
16 2
16 3
16 5
16 14
16 24
17 12
17 21
18 14
18 22
18 23
19 7
19 15
19 16
19 24
20 1
20 16
20 19
20 23
20 24
20 27
21 6
21 17
21 22
22 2
22 4
22 5
22 13
23 1
23 9
23 14
24 1
24 6
24 15
24 22
24 23
25 10
25 12
26 3
26 9
26 13
26 21
26 25
27 7
27 24
28 6
28 7
28 11
28 23
Loss 0 0 12 0 11 0 4 0 6 0 87 43 0 0 0 0 57 0 0 0 0 0 0 0 0 0 0 62 
