64 <--# of nodes, 393 edges
1 5
1 24
1 30
1 41
1 44
2 34
2 36
2 49
3 8
3 25
3 47
3 56
3 59
3 63
4 11
4 23
4 26
4 29
4 35
4 50
4 59
4 62
5 10
5 18
5 19
5 55
5 64
6 10
6 14
6 22
6 34
6 50
6 51
6 58
6 64
7 5
7 17
7 23
7 25
7 32
7 34
7 35
7 47
7 48
8 6
8 15
8 17
8 28
8 52
9 3
9 19
9 21
9 36
9 51
9 60
10 11
10 32
10 38
10 40
10 46
10 59
11 9
11 12
11 24
11 26
11 28
11 30
11 31
11 39
11 41
12 1
12 3
12 24
12 39
12 61
13 23
13 28
13 54
13 59
14 5
14 8
14 13
14 17
14 33
14 38
14 44
14 57
14 59
14 63
15 2
15 3
15 4
15 11
15 16
15 18
15 56
16 10
16 11
16 18
16 29
16 31
16 40
16 42
16 44
16 45
16 50
16 55
17 8
17 11
17 15
17 18
17 32
17 48
18 5
18 7
18 10
18 23
18 36
18 38
18 62
19 38
19 43
19 49
19 64
20 14
20 25
20 26
20 27
20 32
20 33
20 53
20 61
21 7
21 12
21 25
21 27
21 37
21 42
21 43
21 49
21 53
22 7
22 9
22 10
22 15
22 19
22 24
22 53
23 4
23 16
23 27
23 36
24 1
24 11
24 20
24 26
24 29
24 48
24 58
25 2
25 17
25 19
25 21
25 27
25 31
25 63
26 9
26 12
26 19
26 20
26 59
26 64
27 8
27 15
28 40
29 3
29 7
29 13
29 43
29 58
30 6
30 27
30 29
30 48
31 1
31 4
31 5
31 9
31 12
31 15
31 17
31 39
31 42
31 44
31 45
31 61
32 3
32 25
32 26
32 29
32 40
32 47
32 53
32 59
33 3
33 5
33 8
33 14
33 25
33 27
34 1
34 12
34 14
34 26
34 27
34 37
35 36
36 35
36 57
36 64
37 6
37 10
37 22
37 26
37 49
37 59
38 18
38 28
38 42
38 52
38 53
38 54
38 55
39 1
39 5
39 6
39 7
39 18
39 27
39 28
39 32
39 36
39 44
40 7
40 23
40 44
41 15
41 19
41 45
42 10
42 12
42 23
42 28
42 35
42 48
43 13
43 31
43 39
44 7
44 12
44 18
44 19
44 28
44 30
44 34
44 47
44 56
45 6
45 25
45 29
45 43
45 46
45 60
45 61
45 63
46 3
46 5
46 9
46 25
46 29
46 36
46 40
46 41
47 7
47 11
47 14
47 15
47 20
47 27
47 32
47 38
47 51
47 62
48 35
48 53
49 20
49 28
49 44
49 52
50 6
50 14
50 24
50 39
50 47
50 51
50 56
51 5
51 32
51 42
51 44
51 46
51 57
51 58
52 2
52 15
52 20
52 43
52 48
52 49
52 64
53 28
53 32
53 39
53 62
53 64
54 2
54 4
54 12
54 14
55 21
55 38
55 43
55 53
56 16
56 19
56 24
56 27
56 34
56 40
56 49
56 51
56 53
56 57
56 60
57 13
57 27
57 43
57 49
58 19
58 20
58 30
58 32
58 56
59 4
59 24
59 26
59 32
59 60
60 14
60 21
60 29
60 30
60 31
60 40
60 54
61 8
61 9
61 13
61 45
61 52
61 63
62 2
62 6
62 12
62 18
62 33
62 46
62 53
62 54
63 8
63 9
63 10
63 47
63 53
63 60
63 61
64 6
64 14
64 27
64 36
64 50
64 51
64 63
Loss 0 0 0 0 0 0 0 0 0 65 0 0 0 0 0 0 0 0 3 0 0 0 0 0 61 0 0 65 0 0 78 0 38 15 0 55 0 0 0 0 35 69 0 0 0 0 86 12 0 0 0 0 0 0 0 0 0 0 0 0 30 20 0 0 
