66 <--# of nodes, 388 edges
1 10
1 17
1 23
1 27
1 32
1 47
1 53
1 62
1 64
2 25
2 26
2 40
2 43
2 47
2 57
3 11
3 17
3 24
3 51
3 54
3 60
3 61
4 10
4 21
4 24
4 46
4 50
4 53
4 57
4 60
5 28
5 32
5 38
5 49
6 2
6 7
6 10
6 17
6 63
7 30
7 46
7 54
7 60
7 66
8 29
8 38
8 56
8 58
9 15
9 32
9 39
9 43
9 65
10 3
10 14
10 27
10 30
10 33
10 40
10 43
10 53
10 63
11 20
11 21
11 33
11 41
11 43
11 66
12 8
12 11
12 29
12 43
12 47
12 50
12 52
13 26
13 32
13 39
13 41
13 46
13 47
13 52
13 54
13 60
14 28
14 30
14 49
14 64
14 65
15 9
15 16
15 31
15 33
15 47
15 48
16 14
16 17
16 20
16 23
16 54
17 2
17 11
17 13
17 25
17 28
17 56
17 65
17 66
18 25
18 26
18 35
18 37
18 40
18 56
18 59
18 65
19 4
19 24
19 41
19 43
19 45
19 47
19 51
20 3
20 6
20 47
20 56
20 57
20 64
21 1
21 13
21 20
21 40
21 56
21 63
22 2
22 20
22 21
22 39
22 40
22 41
22 43
22 47
22 48
22 62
22 63
23 17
23 32
23 62
23 66
24 2
24 3
24 6
24 38
24 59
24 65
25 4
25 6
25 12
25 14
25 22
25 34
25 40
25 41
25 45
25 51
26 12
26 23
26 45
26 64
27 2
27 7
27 18
27 25
27 26
27 32
27 35
27 63
28 5
28 11
28 16
28 24
28 50
29 5
29 10
29 11
29 34
30 8
30 19
30 41
30 66
31 8
31 17
31 25
31 39
32 3
32 13
32 19
32 23
33 12
33 49
34 7
34 10
34 14
34 26
34 40
34 41
34 57
34 61
35 25
35 30
35 43
35 59
35 64
35 66
36 11
36 42
36 45
36 49
36 64
37 5
37 19
37 33
37 43
37 44
37 52
37 53
38 1
38 3
38 4
38 30
38 31
38 56
38 60
39 12
39 58
40 3
40 8
40 26
40 37
40 47
40 56
40 58
41 23
41 26
41 33
41 39
41 57
41 60
41 62
42 10
42 11
42 12
42 14
42 18
42 31
42 36
42 50
42 54
43 7
43 42
43 48
43 50
43 56
44 10
44 16
44 33
44 53
45 18
45 20
45 27
45 32
45 49
45 62
46 7
46 11
46 14
46 24
46 25
46 27
46 36
46 43
46 47
46 61
47 13
47 39
47 44
47 48
47 64
48 7
48 11
48 19
48 25
48 27
48 37
48 60
49 39
49 63
50 28
50 48
50 59
51 10
51 13
51 34
51 39
51 48
51 61
51 65
52 1
52 4
52 21
52 25
52 32
52 48
52 61
53 27
53 29
53 48
53 54
53 59
54 1
54 20
54 66
55 4
55 6
55 20
55 35
55 57
55 63
55 64
56 5
56 19
56 32
56 37
56 41
57 2
57 21
57 29
57 40
58 2
58 3
58 16
58 22
58 25
58 31
58 36
58 62
59 7
59 25
59 26
59 58
60 9
60 14
60 32
60 34
60 38
61 1
61 8
61 12
61 28
61 33
61 35
62 2
62 7
62 13
62 21
62 32
62 38
62 46
62 63
63 9
63 58
64 5
64 16
64 38
64 41
64 58
65 1
65 9
65 33
65 35
65 36
65 56
65 59
66 21
66 29
66 46
66 51
Loss 0 0 9 0 0 57 0 0 0 0 0 0 70 0 0 0 0 0 0 29 0 69 0 0 0 0 0 0 0 0 0 0 0 0 0 0 0 58 0 0 0 0 0 0 21 70 63 17 0 47 0 0 31 0 0 0 0 0 0 0 8 0 77 0 67 0 
