64 <--# of nodes, 398 edges
1 16
1 20
1 24
1 27
1 29
1 30
1 48
1 49
1 52
1 54
2 6
2 9
2 12
2 19
2 26
2 35
2 58
3 17
3 22
3 24
3 54
3 60
4 9
4 10
4 27
4 29
4 32
4 34
4 40
4 45
4 48
4 62
5 7
5 30
5 31
5 44
5 49
5 52
5 57
5 61
5 64
6 1
6 27
6 35
6 51
6 54
6 57
7 48
7 51
7 59
8 4
8 42
8 58
9 13
9 24
9 27
9 55
9 63
10 7
10 14
10 19
10 47
10 50
11 1
11 14
11 17
11 36
11 44
11 52
11 63
12 9
12 16
12 17
12 42
12 54
13 4
13 24
13 31
13 32
13 45
13 53
14 12
14 20
14 21
14 32
14 36
14 39
14 47
14 50
14 55
15 9
15 17
15 20
15 25
15 39
15 41
15 57
15 61
16 3
16 5
16 13
16 41
16 45
16 53
17 3
17 5
17 10
17 23
17 44
17 64
18 1
18 9
18 46
18 52
18 53
18 55
18 64
19 3
19 5
19 12
19 23
20 1
20 3
20 13
20 18
20 25
20 46
20 61
20 64
21 33
21 37
21 60
22 16
22 26
22 30
22 52
23 25
23 39
23 52
23 53
23 57
23 62
24 41
24 56
25 8
25 32
25 37
25 45
26 1
26 2
26 14
26 28
27 14
27 15
27 23
27 34
27 47
28 23
28 29
28 32
28 47
28 48
28 60
29 3
29 11
29 32
29 41
29 43
29 49
29 52
29 61
29 63
30 8
30 17
30 27
30 28
30 29
30 60
30 62
31 8
31 12
31 15
31 17
31 21
31 41
31 47
31 59
32 14
32 35
32 43
32 46
32 50
33 3
33 39
33 55
33 57
33 60
34 28
34 30
34 33
34 36
34 62
35 4
35 12
35 15
35 29
35 36
35 37
35 46
35 59
36 15
36 29
36 30
36 39
36 46
36 48
37 2
37 10
37 12
37 15
37 20
37 27
37 38
37 43
37 50
37 53
37 58
37 59
38 14
38 23
38 35
38 45
39 3
39 17
39 19
39 32
39 44
39 45
39 49
39 50
39 51
39 57
40 2
40 15
40 25
40 45
40 53
41 7
41 30
41 32
41 36
41 38
41 47
41 52
41 55
41 57
41 64
42 11
42 12
42 17
42 18
42 37
42 39
42 50
42 52
43 2
43 10
43 19
43 50
44 11
44 12
44 42
44 55
44 64
45 10
45 14
45 17
45 28
45 34
45 41
45 43
45 60
46 2
46 27
46 34
46 41
46 48
46 61
47 1
47 6
47 9
47 22
47 24
47 39
47 44
47 59
48 24
48 26
48 28
48 33
48 53
48 56
48 60
49 1
49 10
49 25
49 45
49 63
50 40
50 59
50 64
51 6
51 9
51 32
51 43
51 54
52 2
52 3
52 12
52 13
52 35
52 44
52 54
52 55
52 56
52 62
53 8
53 17
53 23
53 33
53 40
53 41
54 13
54 14
54 28
54 37
55 3
55 17
55 36
55 37
55 43
55 54
55 57
56 11
56 21
56 30
56 47
56 50
56 62
57 16
57 19
57 24
57 34
57 36
57 47
57 53
58 19
58 20
58 21
58 37
58 40
58 42
58 46
58 47
58 56
58 60
58 61
59 3
59 6
59 26
59 56
59 61
60 2
60 9
60 26
60 34
60 52
61 35
61 41
61 47
61 53
61 63
62 13
62 17
62 25
62 30
63 23
63 35
63 44
63 49
63 50
63 51
63 57
64 1
64 7
64 18
64 56
64 62
Loss 0 0 48 77 0 0 0 0 0 12 0 0 0 0 0 0 0 0 16 0 0 0 0 0 0 0 0 0 0 0 0 0 0 0 0 0 0 0 0 0 15 0 0 0 0 0 35 34 0 0 0 0 66 0 0 0 0 89 0 0 0 0 0 0 
