45 <--# of nodes, 188 edges
1 24
1 28
1 37
2 10
2 18
2 19
2 39
3 16
3 29
3 43
4 23
4 34
4 36
5 13
5 14
5 18
5 40
6 19
6 26
6 40
6 42
7 16
7 25
7 39
7 45
8 1
8 33
9 15
9 41
10 9
10 34
11 7
11 12
11 28
11 38
11 40
12 1
12 4
12 15
12 23
12 32
12 38
13 1
13 16
13 20
13 25
13 32
14 4
14 22
14 33
14 45
15 26
15 32
15 41
16 30
16 45
17 13
17 29
17 30
17 43
18 9
18 11
18 22
18 29
18 32
18 41
18 42
19 4
19 7
19 43
20 2
20 9
20 11
20 23
20 26
20 29
20 37
20 39
20 45
21 8
21 17
21 28
21 29
21 41
22 2
22 24
23 10
23 27
23 35
24 1
24 5
24 14
24 16
24 23
24 40
24 41
25 2
25 4
25 9
25 13
25 17
26 3
26 10
26 19
26 21
26 30
26 31
26 32
26 39
26 41
26 42
27 4
27 15
27 21
27 44
28 3
28 7
28 11
28 32
28 38
29 10
29 20
29 21
29 24
29 38
29 44
30 3
30 15
30 22
30 29
30 38
31 3
31 4
31 11
31 15
31 18
31 28
32 20
32 30
33 6
34 5
34 13
34 24
34 33
35 1
35 7
35 16
35 34
35 41
36 12
36 23
36 30
36 34
37 14
37 16
37 24
37 25
37 34
37 36
37 44
38 17
38 19
38 40
38 42
39 2
39 4
40 7
40 14
40 38
40 43
41 12
41 20
41 37
41 44
42 39
42 43
43 6
43 18
43 26
43 34
43 35
44 2
44 16
44 18
44 32
45 17
45 28
45 30
Loss 0 51 0 0 0 0 56 51 0 0 0 36 0 0 0 62 0 0 0 58 20 0 0 0 0 31 10 0 0 0 0 0 0 0 0 0 35 0 0 0 0 0 0 30 0 
