70 <--# of nodes, 497 edges
1 17
1 19
1 36
1 43
1 57
2 15
2 38
2 54
2 59
2 66
3 6
3 23
3 35
3 51
3 52
3 65
3 70
4 7
4 18
4 63
5 8
5 18
5 24
5 28
5 29
5 40
5 47
5 49
5 69
6 3
6 8
6 15
6 24
6 29
6 60
6 63
6 65
6 70
7 1
7 4
7 10
7 22
7 26
7 27
7 28
7 31
7 39
7 50
7 54
7 69
8 4
8 15
8 19
8 29
8 34
8 41
8 53
8 55
8 58
8 63
9 11
9 12
9 49
9 53
9 57
9 58
9 59
10 15
10 30
10 40
10 45
10 47
10 49
10 56
10 58
11 1
11 20
11 26
11 29
11 31
11 33
11 36
11 40
11 50
11 54
11 57
12 5
12 17
12 19
12 20
12 40
12 47
12 51
12 56
13 4
13 18
13 19
13 29
13 38
13 43
13 48
13 60
13 63
13 66
14 2
14 5
14 27
14 38
14 51
14 66
14 69
15 6
15 7
15 10
15 16
15 22
15 49
15 65
16 11
16 18
16 31
16 39
16 40
16 41
16 45
16 62
17 2
17 4
17 7
17 19
17 27
17 31
17 50
17 69
17 70
18 7
18 8
18 20
18 24
18 38
18 46
18 55
19 6
19 47
19 70
20 8
20 9
20 16
20 46
20 55
21 2
21 5
21 9
21 29
21 34
21 36
21 47
21 61
21 62
22 11
22 16
22 18
22 25
22 26
22 67
23 13
23 20
23 34
23 35
24 6
24 9
24 33
24 64
25 26
25 34
25 39
25 44
26 2
26 7
26 24
26 31
26 32
26 36
26 60
26 61
27 26
27 35
27 41
27 70
28 15
28 29
28 41
28 44
28 49
28 70
29 14
29 15
29 22
29 27
29 41
29 44
29 54
29 68
30 11
30 14
30 29
30 48
30 56
30 65
30 67
31 27
31 29
31 43
31 44
31 63
31 66
32 7
32 49
33 2
33 5
33 36
33 40
33 65
34 15
34 32
34 62
34 70
35 2
35 7
35 8
35 10
35 21
35 22
35 25
35 59
36 15
36 28
36 34
36 38
36 45
36 65
36 67
37 13
37 19
37 39
37 47
37 49
37 60
37 66
38 1
38 3
38 6
38 9
38 23
38 34
38 36
38 42
38 45
38 55
38 64
38 68
38 69
39 6
39 11
39 12
39 23
39 24
39 27
39 38
39 68
40 13
40 24
40 27
40 50
40 62
40 64
41 1
41 8
41 14
41 17
41 24
41 44
41 58
42 1
42 3
42 7
42 11
42 24
42 38
42 48
42 50
42 54
42 61
43 6
43 12
43 42
43 46
43 52
43 65
43 68
43 70
44 6
44 27
44 28
44 29
44 51
44 52
44 54
44 67
44 69
45 2
45 3
45 4
45 6
45 9
45 14
45 21
45 25
45 34
45 47
45 63
46 15
46 25
46 49
46 51
46 69
47 6
47 14
47 18
47 34
47 37
47 42
47 50
47 66
48 3
48 7
48 11
48 12
48 21
48 31
48 33
48 37
48 40
48 47
48 51
48 61
48 62
48 70
49 17
49 45
49 56
49 61
49 64
50 6
50 13
50 18
50 28
50 29
50 31
50 48
50 62
50 64
51 5
51 12
51 16
51 23
51 24
51 45
51 58
51 61
51 63
51 65
52 20
52 33
52 42
52 67
53 2
53 17
53 40
53 43
54 7
54 33
54 34
54 41
54 45
54 48
54 63
54 65
55 1
55 4
55 7
55 9
55 15
55 16
55 69
56 2
56 8
56 21
56 22
56 30
56 33
56 38
56 41
56 44
56 47
56 48
56 54
57 2
57 3
57 8
57 15
57 20
57 33
57 44
57 52
57 59
57 60
57 61
58 9
58 35
58 44
58 45
59 20
59 31
59 52
59 66
60 1
60 2
60 11
60 18
60 25
60 36
60 39
60 42
60 46
60 50
61 36
61 44
61 60
62 1
62 14
62 19
62 47
62 51
62 57
62 58
62 65
63 2
63 38
63 56
64 6
64 16
64 34
64 41
64 45
64 46
64 47
64 49
64 57
64 65
65 25
65 29
65 34
65 37
65 38
65 52
65 55
65 60
65 66
65 68
66 5
66 11
66 13
66 20
66 22
66 43
66 58
67 4
67 5
67 7
67 9
67 11
67 17
67 26
67 45
67 56
68 13
68 38
68 61
69 10
69 40
69 68
70 6
70 21
70 36
70 54
70 66
Loss 0 0 0 0 86 80 0 0 0 0 91 0 0 70 0 0 47 58 0 0 0 0 0 2 0 0 40 0 0 0 0 0 0 73 0 0 0 0 0 0 0 0 0 0 0 0 0 67 0 0 13 82 90 0 0 0 90 0 0 0 45 0 0 42 0 13 0 0 0 0 
