50 <--# of nodes, 239 edges
1 23
1 26
1 30
1 34
1 41
2 17
2 34
2 43
3 4
3 16
3 20
3 28
3 39
3 42
3 50
4 2
4 12
4 14
4 20
4 24
5 2
5 3
5 11
5 24
5 42
6 5
6 10
6 16
6 18
6 27
6 38
7 3
7 49
7 50
8 5
8 12
8 13
8 22
8 29
8 38
9 14
9 15
9 21
9 26
9 44
10 1
10 20
10 27
10 33
11 22
11 27
11 42
12 11
12 40
12 42
12 46
13 5
13 8
13 31
13 39
14 13
14 25
14 28
15 7
15 9
15 32
15 34
16 1
16 11
16 14
17 1
17 6
17 9
17 22
17 23
17 30
17 33
17 35
18 27
18 41
19 5
19 41
19 43
20 5
20 18
20 32
20 37
21 8
21 14
21 19
21 22
21 23
21 31
21 45
21 48
22 7
22 13
22 30
23 17
23 34
23 39
23 42
23 43
24 1
24 4
24 6
24 23
25 43
25 49
25 50
26 1
26 6
26 9
26 17
26 29
26 31
26 39
26 40
26 46
26 48
26 50
27 4
27 10
27 20
27 30
27 39
27 42
28 4
28 5
28 9
28 31
28 35
28 40
28 41
28 44
28 49
29 8
29 19
29 28
29 38
30 2
30 31
30 37
31 3
31 6
31 11
31 17
31 24
31 37
32 14
32 16
32 28
32 29
32 45
32 49
33 21
33 27
33 37
33 41
33 45
34 3
34 8
34 11
34 12
34 16
34 30
34 37
35 12
35 13
35 16
35 22
35 41
35 49
36 12
36 23
36 27
37 8
37 9
37 18
37 36
38 9
38 14
38 18
38 23
38 34
39 17
39 21
39 35
39 38
39 43
39 47
40 1
40 2
40 3
40 4
40 37
40 43
41 1
41 2
41 16
41 28
42 10
42 24
42 45
44 10
44 15
44 16
44 19
44 31
44 32
44 39
44 50
45 24
45 28
45 29
45 43
46 11
46 35
47 3
47 9
47 13
47 34
47 42
47 50
48 18
48 20
48 45
49 10
49 15
49 20
49 22
50 4
50 5
50 10
50 11
50 14
50 28
50 41
50 44
Loss 0 76 0 0 0 0 0 0 0 3 0 0 0 0 3 73 0 0 0 63 70 0 0 0 0 0 0 77 0 0 0 0 71 0 72 0 0 0 20 0 0 0 0 0 0 0 0 0 0 0 
