69 <--# of nodes, 467 edges
1 4
1 7
1 18
1 50
1 51
2 16
2 18
2 27
2 34
2 51
2 68
3 50
3 55
3 66
4 33
4 40
4 42
4 49
4 53
4 59
4 63
4 68
5 10
5 21
5 34
5 36
5 53
6 9
6 34
6 51
6 62
6 63
6 67
7 1
7 9
7 10
7 16
7 23
7 26
7 29
7 36
7 47
7 52
7 54
7 55
8 35
8 49
8 57
8 69
9 12
9 29
9 58
9 69
10 8
10 38
10 40
10 47
10 48
10 50
11 1
11 38
11 40
11 52
12 1
12 13
12 17
12 26
12 35
12 36
12 37
12 51
12 63
13 11
13 16
13 27
13 28
13 29
13 35
13 36
13 50
13 64
13 67
14 27
14 48
14 56
14 61
15 7
15 9
15 12
15 30
15 31
15 32
15 48
16 5
16 24
16 52
16 63
16 67
17 2
17 16
17 35
17 38
17 39
17 48
17 54
18 1
18 13
18 25
18 39
18 48
18 54
18 59
19 3
19 25
19 30
19 31
19 36
19 53
19 55
19 60
19 65
20 2
20 4
20 19
20 24
20 44
20 47
21 3
21 4
21 14
21 20
21 48
21 50
21 63
21 64
22 10
22 15
22 19
22 46
22 52
22 62
23 3
23 32
23 37
23 47
24 1
24 3
24 12
24 14
24 26
24 30
24 31
24 35
24 49
24 50
24 61
24 64
24 68
25 4
25 32
25 50
25 65
26 1
26 3
26 16
26 17
26 37
26 42
26 47
26 52
26 64
27 17
27 22
27 31
27 33
27 52
28 6
28 14
28 17
28 25
28 33
28 49
28 53
28 54
29 8
29 43
29 46
29 49
29 53
29 55
29 61
29 65
30 3
30 8
30 15
31 4
31 17
31 21
31 24
31 29
31 30
31 38
31 55
31 64
31 65
31 66
32 6
32 14
32 15
32 29
32 37
32 46
33 7
33 45
33 47
33 59
33 62
34 9
34 20
34 24
34 28
34 41
34 54
34 62
34 63
34 69
35 2
35 3
35 5
35 15
35 16
35 18
35 21
35 57
35 66
36 5
36 21
36 24
36 33
37 6
37 14
37 22
37 36
37 53
37 57
37 64
38 29
38 41
38 69
39 33
39 43
39 61
40 18
40 23
40 27
40 36
40 43
40 44
40 48
40 49
40 50
40 54
40 57
41 2
41 8
41 9
41 15
41 47
41 50
42 7
42 22
42 25
42 37
42 39
42 41
42 57
42 67
43 16
43 18
43 21
43 27
43 34
44 6
44 45
44 49
44 56
45 14
45 23
45 27
45 31
45 34
45 42
45 50
45 61
45 66
46 1
46 8
46 11
46 13
46 31
46 38
46 60
47 19
47 21
47 32
47 35
47 40
47 56
47 59
47 63
48 6
48 11
48 14
48 15
48 36
48 37
48 41
48 42
48 44
48 47
48 54
49 6
49 15
49 16
49 26
49 39
49 51
49 53
49 61
50 9
50 36
50 40
50 42
50 45
50 47
50 49
51 3
51 16
51 19
52 18
52 24
52 30
52 31
52 33
52 41
52 48
52 49
52 58
53 7
53 12
53 24
53 29
53 40
53 52
53 54
53 55
53 62
54 16
54 25
54 39
54 64
55 21
55 32
55 42
55 54
55 63
55 68
56 26
56 28
56 33
56 35
56 66
57 1
57 40
57 47
57 51
57 61
57 69
58 4
58 7
58 15
58 37
59 1
59 2
59 7
59 10
59 16
59 22
59 24
59 36
59 51
59 54
59 57
60 5
60 14
60 20
60 21
60 27
60 30
60 32
61 17
61 44
61 52
62 13
62 25
62 49
62 51
62 54
62 61
62 64
62 67
63 20
63 67
64 1
64 14
64 53
64 58
64 66
65 2
65 16
65 18
65 23
65 25
65 38
65 55
65 56
65 61
65 66
66 4
66 12
66 27
66 33
66 37
66 43
66 49
66 53
66 62
67 3
67 8
67 13
67 27
67 45
67 50
67 54
67 55
67 61
67 66
68 10
68 11
68 29
68 44
68 45
68 51
68 53
68 61
68 62
68 69
69 15
69 20
69 28
69 29
69 44
69 46
69 49
69 62
69 64
69 65
Loss 0 0 0 0 0 0 0 0 0 0 0 0 0 0 43 94 0 0 0 0 0 1 0 0 0 0 0 0 0 0 0 0 0 0 0 0 0 71 0 0 74 0 72 0 95 0 0 0 0 9 0 0 0 0 0 0 0 11 27 66 0 0 0 0 0 0 5 0 0 
