39 <--# of nodes, 139 edges
2 29
3 2
4 2
4 13
4 17
4 33
5 17
5 21
5 24
5 28
6 25
6 29
7 12
7 23
7 32
7 36
8 24
8 26
8 27
8 29
9 19
9 23
9 36
10 3
10 6
10 8
11 10
11 16
11 17
11 23
12 11
12 17
12 21
13 1
13 4
13 16
14 15
14 21
14 38
14 39
15 7
15 9
15 13
15 19
15 24
15 26
16 8
16 17
16 33
16 38
17 2
17 20
17 27
17 28
17 29
18 4
18 7
18 13
18 14
18 21
18 31
18 33
18 36
19 8
19 17
19 18
19 22
19 26
19 31
19 34
20 6
20 22
20 28
20 36
21 3
21 11
21 18
21 24
21 27
21 35
21 39
22 38
23 17
23 30
23 34
23 39
24 25
24 26
24 36
24 38
25 13
25 23
26 5
26 28
26 32
26 37
27 12
27 29
27 32
28 12
28 17
28 22
28 23
28 25
28 30
28 31
29 27
29 36
29 39
30 11
30 27
30 29
31 3
31 4
31 8
31 12
31 30
31 37
32 3
32 17
33 22
33 24
34 2
34 31
34 33
34 37
35 9
35 38
36 28
37 7
37 11
37 26
38 6
38 12
38 18
38 39
39 1
39 11
39 24
Loss 0 0 0 0 0 0 88 0 55 0 0 0 0 0 0 0 26 0 0 0 0 0 70 0 0 29 0 0 59 76 90 0 0 9 0 0 0 0 36 
