68 <--# of nodes, 495 edges
1 6
1 7
1 8
1 10
1 11
1 12
1 16
1 27
1 29
1 34
1 35
2 11
2 28
2 32
2 54
2 57
2 58
3 1
3 6
3 7
3 16
3 31
3 41
3 68
4 3
4 6
4 13
4 24
4 56
4 58
5 11
5 12
5 13
5 15
5 29
5 33
5 34
5 39
5 50
5 59
5 66
5 68
6 14
6 30
6 32
6 33
6 37
6 43
6 56
7 1
7 17
7 29
7 44
8 1
8 16
8 28
8 47
8 53
9 19
9 20
9 25
9 52
9 62
9 68
10 6
10 9
10 13
10 29
10 40
10 53
10 64
10 67
11 4
11 9
11 12
11 14
11 15
11 22
11 25
11 43
11 45
11 51
11 53
11 55
11 60
12 16
12 17
12 29
12 33
12 38
12 44
12 53
12 60
12 65
13 2
13 28
13 29
13 40
13 44
13 59
13 66
14 2
14 6
14 12
14 21
14 27
14 32
14 37
14 40
14 41
15 1
15 4
15 13
15 17
15 19
15 28
15 44
15 52
15 66
15 67
16 6
16 21
16 23
16 32
16 34
16 39
16 48
16 61
17 15
17 36
17 54
17 64
17 66
18 5
18 44
18 60
19 6
19 9
19 17
19 42
19 48
19 52
19 53
19 56
19 68
20 5
20 7
20 10
20 11
20 12
20 15
20 45
20 66
21 1
21 8
21 68
22 1
22 2
22 8
22 24
22 29
22 31
22 32
22 37
22 55
22 65
23 3
23 25
23 33
23 39
23 42
23 47
23 56
23 65
24 12
24 25
24 32
24 41
24 45
24 54
24 59
24 62
24 67
25 2
25 16
25 20
25 24
25 27
25 30
25 38
25 52
25 54
25 68
26 9
26 16
26 17
26 42
26 44
26 48
26 52
26 62
27 20
27 34
27 41
28 6
28 17
28 23
29 9
29 17
29 25
29 39
29 42
29 44
29 53
29 58
30 2
30 9
30 16
30 28
30 34
30 40
30 46
30 64
31 33
31 50
32 9
32 11
32 15
32 17
32 23
32 41
32 44
32 50
32 55
32 63
33 3
33 24
33 47
33 48
34 8
34 22
34 57
34 63
35 13
35 14
35 22
35 32
35 38
35 42
35 45
35 47
35 58
35 68
36 7
36 17
36 31
36 40
36 58
36 68
37 1
37 4
37 7
37 8
37 12
37 33
37 43
37 45
37 52
37 60
38 2
38 7
38 14
38 42
38 59
38 63
39 10
39 13
39 14
39 34
39 62
39 65
40 13
40 24
40 53
41 15
41 17
41 24
41 32
41 34
41 43
41 50
41 59
42 5
42 55
42 62
42 65
42 66
43 7
43 40
43 44
43 60
43 62
44 4
44 20
44 30
44 55
44 59
44 64
45 16
45 22
45 25
45 31
45 37
45 49
45 54
46 1
46 15
46 16
46 21
46 22
46 27
46 30
46 38
46 39
46 40
46 67
47 8
47 9
47 39
47 45
47 46
47 48
47 61
47 68
48 11
48 22
48 23
48 24
48 33
48 34
49 9
49 14
49 26
49 31
49 38
49 52
49 58
50 2
50 3
50 8
50 13
50 42
50 56
50 61
51 9
51 37
51 42
51 47
51 53
51 63
51 66
52 1
52 19
52 33
52 36
52 43
52 46
52 57
52 66
53 4
53 18
53 21
53 40
53 41
53 43
53 64
54 4
54 5
54 22
54 23
54 29
54 42
54 50
55 1
55 27
55 32
55 57
55 60
56 27
56 34
56 35
56 36
56 45
56 50
57 3
57 4
57 5
57 6
57 41
57 46
57 50
57 53
57 59
58 6
58 7
58 9
58 29
58 30
58 32
58 42
58 49
58 53
58 63
59 10
59 12
59 25
59 32
59 33
59 36
59 39
59 46
59 54
59 62
60 26
60 28
60 31
60 37
60 44
60 48
60 57
61 7
61 9
61 18
61 27
61 45
61 48
61 50
61 51
62 5
62 14
62 17
62 20
62 22
62 23
62 24
62 50
62 61
62 68
63 15
63 16
63 25
63 27
63 31
63 37
63 44
63 64
63 65
63 66
64 9
64 13
64 19
64 21
64 22
64 36
64 54
64 62
65 3
65 9
65 18
65 22
65 32
65 38
65 51
65 56
65 63
66 5
66 7
66 19
66 36
66 38
66 41
66 60
67 8
67 26
67 34
67 42
67 43
68 9
68 15
68 21
68 37
68 41
68 43
68 48
68 57
Loss 0 0 72 0 0 0 34 0 0 96 0 0 0 0 0 0 0 0 0 81 0 0 0 0 53 0 0 0 0 0 62 0 26 9 0 0 7 0 0 28 6 0 0 78 0 0 0 0 0 0 0 0 0 0 0 0 0 0 0 79 35 0 29 0 0 0 0 0 
