64 <--# of nodes, 440 edges
1 9
1 12
1 33
1 58
1 59
1 60
1 61
2 7
2 13
2 29
2 32
2 35
2 40
2 47
2 58
3 2
3 14
3 18
3 19
3 30
3 35
4 10
4 16
4 26
4 27
4 28
4 32
4 57
5 2
5 11
5 39
6 1
6 3
6 15
6 39
6 42
6 59
7 2
7 17
7 23
7 38
7 39
7 43
7 44
7 57
8 4
8 7
8 9
8 18
8 21
8 23
8 28
8 39
8 42
8 49
8 53
9 2
9 4
9 6
9 17
9 20
9 34
9 38
9 48
9 63
10 2
10 9
10 11
10 22
10 26
10 29
10 38
10 49
10 59
11 4
11 12
11 16
11 27
11 37
11 43
11 50
11 56
12 1
12 6
12 7
12 11
12 20
12 29
12 34
12 45
12 48
12 57
12 59
12 60
13 10
13 18
13 20
13 29
13 41
13 47
13 53
14 1
14 9
14 23
14 27
14 37
14 55
15 6
15 9
15 10
15 11
15 16
15 30
15 42
15 55
15 56
16 1
16 5
16 32
16 37
17 3
17 6
17 14
17 25
17 32
17 45
18 3
18 31
18 43
18 47
18 51
18 52
18 59
18 63
19 10
19 13
19 28
19 29
19 33
19 35
19 38
19 41
19 53
19 58
20 1
20 8
20 14
20 21
20 22
20 33
20 34
20 37
20 42
20 46
20 57
20 59
20 63
21 11
21 33
21 36
21 47
21 53
22 7
22 10
22 36
22 58
22 60
22 62
22 64
23 8
23 13
23 17
23 24
23 34
24 46
24 49
24 53
25 4
25 11
25 21
25 28
25 38
25 61
26 7
26 21
26 32
26 51
26 55
26 61
26 63
27 7
27 24
27 32
27 45
27 58
28 5
28 14
28 35
28 44
28 50
29 3
29 7
29 12
29 21
29 26
29 40
29 52
29 54
29 57
29 60
30 16
30 46
30 50
31 3
31 18
31 35
31 43
31 45
31 48
32 11
32 23
32 25
32 34
32 39
32 47
32 49
33 4
33 21
33 27
33 60
34 8
34 14
34 17
34 20
34 26
34 30
34 51
34 54
35 2
35 19
35 31
35 37
36 8
36 9
36 17
36 22
36 39
36 45
36 46
36 50
36 53
36 54
37 4
37 17
37 47
37 54
37 57
37 63
38 13
38 22
38 31
38 49
38 56
39 3
39 12
39 15
39 41
39 43
39 50
39 54
40 20
40 30
40 55
40 62
41 28
41 38
41 51
41 63
42 3
42 16
42 27
42 34
42 35
42 37
42 40
42 44
42 57
42 58
43 10
43 29
43 36
43 46
43 57
43 64
44 1
44 6
44 27
44 34
44 38
44 43
44 50
44 52
44 57
44 61
44 62
45 3
45 13
45 21
45 41
45 47
45 52
46 3
46 23
46 52
46 54
46 61
47 4
47 5
47 20
47 34
47 57
47 59
47 62
48 25
48 28
48 53
48 61
49 7
49 10
49 15
49 40
49 54
49 57
49 58
50 14
50 17
50 25
50 37
50 43
50 60
51 2
51 14
51 25
51 28
51 30
51 45
51 61
51 63
51 64
52 1
52 8
52 10
52 11
52 23
52 44
53 17
53 29
53 32
53 46
53 51
53 52
53 59
54 7
54 10
54 22
54 25
54 27
54 28
54 32
54 38
54 64
55 3
55 9
55 10
55 32
55 33
55 43
55 54
55 62
56 2
56 9
56 14
56 29
56 38
56 48
56 61
57 9
57 25
57 37
58 19
58 23
58 35
58 44
58 56
59 4
59 12
59 14
59 28
59 49
59 64
60 4
60 11
60 16
60 27
60 63
61 19
61 20
61 34
61 41
61 42
61 54
62 1
62 9
62 19
62 21
62 28
62 30
62 53
62 54
62 56
63 7
63 15
63 26
63 27
63 32
63 34
63 49
63 50
63 57
64 9
64 10
64 16
64 21
64 28
64 30
64 40
64 45
64 47
64 54
64 57
Loss 0 0 0 0 25 0 0 0 0 0 0 0 56 60 0 0 0 77 0 0 0 0 0 0 0 0 16 0 0 0 19 0 0 90 0 60 0 80 0 0 0 0 0 0 0 0 0 0 0 16 70 0 0 0 0 0 0 0 0 0 0 0 0 0 
