65 <--# of nodes, 420 edges
1 3
1 13
1 26
1 31
1 40
1 47
1 51
2 8
2 15
2 23
2 38
2 39
2 43
2 53
2 54
3 37
3 51
3 57
4 6
4 8
4 10
4 14
4 21
4 26
4 34
4 40
4 45
4 52
4 64
5 1
5 10
5 16
5 29
5 34
5 35
5 38
5 43
5 60
6 4
6 8
6 27
6 29
6 31
6 35
6 37
6 55
7 14
7 36
7 59
7 61
8 1
8 5
8 6
8 26
8 35
8 46
8 64
9 3
9 10
9 15
9 22
9 32
9 35
9 37
9 41
9 49
9 57
9 58
9 62
10 22
10 54
11 49
11 59
11 64
12 6
12 41
12 56
12 63
13 10
13 21
13 27
13 49
14 4
14 5
14 7
14 8
14 38
14 46
14 48
15 3
15 9
15 14
15 29
15 33
15 35
15 41
15 54
15 61
15 64
16 5
16 8
16 30
16 54
16 60
17 9
17 51
17 53
17 57
18 1
18 6
19 4
19 7
19 21
19 22
19 26
19 29
19 31
19 32
19 44
19 49
19 59
20 10
20 36
20 43
20 46
21 2
21 11
21 23
21 27
21 28
21 36
21 41
21 42
21 51
22 2
22 3
22 4
22 25
22 30
22 42
22 51
23 5
23 7
23 22
23 25
23 33
23 41
23 46
23 49
24 7
24 8
24 20
24 32
24 40
24 52
25 5
25 9
25 35
25 38
25 43
25 46
25 61
26 3
26 17
26 22
26 27
26 29
26 31
26 32
26 52
26 56
26 58
26 64
27 4
27 5
27 13
27 17
27 20
27 46
27 49
27 55
27 64
28 1
28 5
28 11
28 17
28 27
28 32
28 39
28 41
28 56
28 59
28 61
29 14
29 22
29 26
29 28
29 35
29 39
29 45
29 64
30 2
30 7
30 13
30 36
30 50
30 53
31 12
31 13
32 2
32 4
32 11
32 13
32 29
32 46
33 13
33 14
33 35
34 10
34 19
34 21
34 26
34 30
34 40
34 42
34 47
34 48
34 51
34 65
35 31
35 63
35 64
36 15
36 19
36 22
36 28
36 29
36 43
36 47
36 50
36 63
37 16
37 26
37 44
37 47
37 51
38 11
38 21
38 25
38 45
38 52
39 2
39 10
39 40
40 7
40 29
40 30
40 31
40 54
40 55
40 64
41 7
41 37
41 38
41 50
41 54
42 4
42 18
42 19
42 22
42 32
42 39
42 48
42 56
42 59
43 13
43 26
43 41
43 42
43 45
44 7
44 8
44 10
44 15
44 17
44 50
45 4
45 9
45 18
45 33
46 1
46 12
46 16
46 17
46 21
46 34
46 41
46 43
46 55
47 17
47 37
47 41
47 65
48 3
48 9
48 14
48 20
48 23
48 24
48 36
48 42
48 47
48 63
49 5
49 24
49 30
49 62
49 65
50 20
50 35
50 52
51 6
51 14
51 17
51 19
51 30
51 35
51 44
51 52
51 62
51 65
52 22
52 26
53 14
53 34
53 36
53 44
53 60
53 61
54 12
54 32
54 36
54 53
54 60
55 3
55 14
55 15
55 33
55 40
55 52
55 53
55 54
56 38
56 41
56 42
56 46
56 47
56 54
56 62
56 64
57 7
57 13
57 20
57 29
57 31
57 43
57 51
57 58
57 59
58 34
58 41
58 45
58 61
59 19
59 33
59 38
59 48
60 13
60 36
60 40
60 41
60 47
60 56
60 61
60 64
61 9
61 23
61 24
61 35
61 38
61 40
61 55
61 65
62 3
62 6
62 27
62 31
62 42
62 46
62 47
63 7
63 34
64 15
64 24
64 28
64 35
64 40
64 43
64 48
64 54
64 55
64 56
64 63
65 6
65 8
65 36
65 40
65 45
65 52
65 55
Loss 0 0 0 0 0 75 0 0 0 0 7 0 0 0 85 44 0 0 0 0 0 58 0 74 0 0 0 0 0 55 0 0 0 0 0 0 0 0 0 0 89 0 0 32 79 0 0 65 0 0 22 6 0 0 0 0 0 0 0 0 0 61 0 0 0 
