29 <--# of nodes, 81 edges
1 6
1 14
1 20
1 21
1 29
2 11
2 13
2 27
3 8
3 13
3 17
3 27
5 3
5 8
5 9
5 17
5 29
6 18
6 22
6 23
7 2
7 5
7 9
7 14
7 20
7 25
8 13
8 28
8 29
9 22
9 23
9 24
12 8
12 14
12 28
13 8
13 24
14 5
14 11
14 15
15 8
15 16
15 22
16 1
16 2
16 12
16 21
17 1
17 25
18 5
18 12
18 24
19 25
20 12
20 26
21 9
21 17
21 23
22 5
22 7
22 18
22 20
23 14
23 16
24 9
24 28
25 2
25 19
25 20
25 24
25 28
26 14
27 3
27 5
27 6
27 11
27 19
27 21
27 25
28 27
29 25
Loss 0 0 0 69 0 0 0 0 0 32 0 28 76 0 0 0 0 0 0 0 0 0 0 0 25 0 0 88 0 
