69 <--# of nodes, 483 edges
1 8
1 32
1 41
1 44
1 54
1 63
1 64
1 69
2 6
2 19
2 31
2 33
2 40
2 45
3 2
3 5
3 12
3 22
3 65
4 9
4 15
4 32
4 39
4 45
4 50
4 59
5 11
5 27
5 37
5 45
6 52
6 65
7 11
7 16
7 22
7 27
7 46
7 58
7 67
7 68
8 5
8 7
8 15
8 21
8 23
8 30
8 34
8 46
8 47
8 54
8 64
9 18
9 42
9 51
9 55
9 63
10 2
10 5
10 12
10 28
10 34
10 41
10 58
11 6
11 20
11 27
11 42
11 54
11 56
11 64
11 67
12 2
12 8
12 11
12 41
12 45
12 48
12 62
12 65
13 7
13 11
13 12
13 16
13 34
13 38
13 56
13 61
13 63
13 64
13 68
13 69
14 2
14 10
14 22
14 25
14 31
14 33
14 42
14 59
14 61
14 69
15 7
15 8
15 48
15 68
16 2
16 64
16 66
17 19
17 24
17 26
17 27
17 45
17 47
17 60
17 62
18 5
18 21
18 29
18 33
18 43
18 54
18 66
19 8
19 16
19 26
19 41
19 43
19 44
19 61
19 63
20 2
20 21
20 26
20 31
20 35
20 41
20 42
20 69
21 1
21 5
21 15
21 22
21 23
21 28
21 31
21 51
21 52
21 62
21 66
21 67
22 1
22 6
22 15
22 36
22 46
22 59
23 12
23 13
23 29
23 36
23 38
23 48
23 57
24 16
24 26
24 28
24 33
24 35
24 36
24 40
24 46
24 50
24 53
24 57
24 63
25 24
25 31
26 25
26 35
26 43
26 49
26 68
27 6
27 10
27 21
27 24
27 34
27 40
27 42
27 43
27 44
27 53
27 54
28 2
28 4
28 23
28 40
28 46
28 49
28 63
29 18
29 20
29 22
29 27
29 31
29 35
29 46
29 64
30 3
30 9
30 14
30 21
30 49
30 54
30 68
30 69
31 7
31 25
31 35
31 47
31 55
31 59
31 62
32 12
32 16
32 17
32 25
32 44
32 54
32 55
33 13
33 22
33 24
33 32
33 38
33 50
33 55
33 62
34 1
34 18
34 22
34 29
34 45
34 47
34 64
34 66
35 25
35 30
35 38
36 5
36 24
36 28
36 35
36 44
36 46
36 60
37 6
37 13
37 21
37 27
37 32
37 45
37 51
38 4
38 8
38 12
38 14
38 22
38 26
38 37
38 42
38 46
38 47
38 51
38 66
39 1
39 11
39 13
39 14
39 43
39 46
39 47
39 48
39 63
39 67
39 69
40 1
40 11
40 29
40 34
40 56
40 64
40 65
41 1
41 23
41 34
41 39
41 50
41 53
42 2
42 44
42 45
42 46
42 52
43 20
43 24
43 27
43 39
43 41
43 65
44 41
44 43
44 48
44 63
45 9
45 12
45 26
45 28
45 41
45 42
45 48
45 54
45 62
45 63
45 65
46 8
46 15
46 24
46 42
46 43
46 61
47 2
47 17
47 27
47 34
47 39
47 45
47 51
47 57
47 62
47 63
48 5
48 12
48 38
48 45
48 53
48 65
48 67
49 6
49 13
49 14
49 16
49 26
49 46
49 69
50 10
50 25
50 26
50 45
50 58
51 7
51 8
51 13
51 14
51 15
51 31
51 55
51 59
51 63
51 68
52 6
52 41
52 48
52 49
52 53
52 61
52 69
53 9
53 51
53 57
53 67
54 2
54 20
54 39
54 40
54 51
54 64
55 21
55 26
55 41
55 53
55 54
56 6
56 8
56 13
56 31
56 37
56 46
56 52
56 63
56 68
57 15
57 16
57 20
57 21
57 25
57 35
57 59
57 67
57 69
58 1
58 18
58 38
58 44
58 49
58 63
59 8
59 19
59 45
59 57
60 4
60 18
60 32
60 35
60 38
60 39
60 44
60 54
61 3
61 8
61 14
61 27
61 32
61 38
61 39
61 48
61 53
61 56
61 67
61 68
62 8
62 27
62 28
62 51
63 3
63 48
63 52
63 55
63 58
63 67
63 68
64 3
64 8
64 10
64 15
64 23
64 31
64 50
64 59
64 67
64 69
65 14
65 20
65 43
66 9
66 21
66 25
66 34
66 55
67 9
67 18
67 41
67 50
67 62
67 66
68 2
68 60
68 63
69 9
69 29
69 47
69 52
Loss 0 0 0 0 0 0 0 0 0 0 0 0 3 0 38 0 69 0 72 0 0 0 0 0 0 95 0 75 0 0 0 64 0 0 0 35 0 96 0 0 13 0 0 0 60 0 0 0 0 63 0 0 0 0 0 0 0 0 0 0 0 0 0 0 0 49 0 0 0 
