55 <--# of nodes, 299 edges
1 27
1 34
1 36
1 37
1 38
1 52
1 53
1 54
2 16
2 48
3 12
3 46
4 8
4 10
4 18
5 11
5 12
5 15
5 21
5 29
5 38
5 53
6 3
6 5
6 9
6 24
6 30
6 45
6 46
6 51
7 2
7 4
7 8
7 14
7 22
7 44
7 53
8 1
8 10
8 11
8 31
8 32
8 37
9 6
9 15
9 19
9 34
9 35
9 46
9 47
9 55
10 5
10 7
10 44
11 8
11 25
11 33
11 36
11 37
12 6
12 9
12 28
12 29
12 47
13 9
13 11
13 19
13 30
13 38
13 49
14 2
14 3
14 7
14 23
14 36
14 45
15 1
15 13
15 17
15 44
15 51
16 30
16 41
16 49
16 50
17 10
17 14
17 22
18 34
18 35
18 47
18 52
19 5
19 6
19 12
19 46
19 53
20 14
20 19
20 39
20 40
21 4
21 8
21 22
21 26
21 32
21 34
21 42
21 51
21 55
22 4
22 13
22 33
22 43
22 46
22 49
23 9
23 14
23 19
23 40
23 46
23 49
23 50
23 53
24 8
24 12
24 29
24 30
24 33
24 43
24 51
25 17
25 21
25 26
25 31
25 34
26 15
26 20
26 22
26 25
26 42
26 43
26 51
27 32
27 44
27 45
28 12
28 37
28 40
28 41
28 55
29 15
29 23
29 36
29 43
29 55
30 27
30 50
30 52
31 17
31 24
31 29
31 44
31 52
32 3
32 8
32 9
32 14
32 21
32 28
32 36
32 41
33 39
34 3
34 9
34 11
34 27
34 35
34 38
34 41
35 8
35 10
35 28
35 46
35 48
35 51
36 3
36 20
36 24
36 32
36 54
37 3
37 5
37 20
37 34
37 39
37 47
37 48
37 55
38 24
38 41
38 42
38 45
39 4
39 7
39 13
39 15
39 18
39 33
39 34
40 32
40 51
41 17
41 23
41 38
42 13
42 38
42 50
42 51
43 7
43 11
43 22
43 32
44 4
44 5
44 12
44 14
44 15
44 26
44 32
44 45
44 47
44 48
45 1
45 3
45 13
45 21
45 24
45 26
45 39
46 2
46 5
46 14
46 16
46 37
46 49
47 2
47 3
47 7
47 18
47 23
47 28
47 31
47 41
48 12
48 18
48 24
48 34
48 35
49 4
49 7
49 10
50 14
50 17
50 24
50 42
50 47
51 9
51 19
51 22
51 24
51 26
51 35
51 36
51 48
51 54
51 55
52 1
52 7
52 9
52 24
52 25
52 27
52 30
52 33
52 38
53 23
53 27
53 44
54 5
54 6
54 21
54 32
55 15
55 20
55 30
55 34
55 41
55 46
Loss 0 0 0 0 0 0 0 0 0 0 0 50 0 38 83 0 0 0 0 0 0 0 0 0 0 0 0 0 0 0 87 0 0 0 0 16 0 0 0 0 0 0 0 0 0 11 0 0 0 0 0 57 95 0 71 
