40 <--# of nodes, 145 edges
1 21
1 24
2 6
2 14
2 21
2 32
3 7
3 16
3 19
3 21
3 22
3 29
3 39
4 23
5 20
5 23
5 31
5 38
6 2
6 10
6 25
6 31
6 36
7 12
8 7
8 10
8 35
10 18
10 20
10 22
10 30
10 32
11 5
11 15
11 24
12 5
12 15
12 32
13 1
13 2
13 12
13 26
13 34
14 1
14 5
14 13
14 28
14 29
14 30
15 8
16 2
16 14
16 27
17 6
17 8
17 24
18 19
18 28
18 36
19 5
19 15
19 27
19 29
19 35
19 37
20 8
20 10
20 23
21 7
21 8
21 9
21 10
21 15
21 17
21 19
21 22
21 23
22 40
23 1
23 12
23 22
23 28
23 32
24 6
24 11
24 12
24 13
24 31
24 40
25 5
25 16
25 30
25 33
26 8
26 16
26 18
26 21
26 37
27 14
27 37
27 39
28 15
29 3
29 25
29 28
30 6
30 13
30 14
30 16
30 39
31 5
31 18
31 28
31 29
32 18
32 19
32 31
33 5
33 32
34 4
34 27
35 9
35 16
35 31
36 1
36 2
36 3
36 37
36 39
37 3
37 4
37 22
37 25
37 28
38 20
38 24
38 26
38 35
39 7
39 8
39 13
39 22
39 23
39 34
40 30
Loss 0 0 21 0 0 0 90 78 62 0 35 0 0 0 16 0 0 0 0 0 0 33 0 0 0 0 0 0 0 0 0 0 0 0 0 36 0 0 0 51 
