48 <--# of nodes, 250 edges
1 4
1 17
1 19
1 24
1 31
1 33
1 40
1 44
2 3
2 13
2 15
2 17
2 42
3 10
3 25
3 31
3 33
4 20
4 22
4 23
4 28
5 3
5 8
5 22
5 45
5 46
6 7
6 15
6 30
6 35
6 44
7 2
7 21
7 27
7 30
7 35
7 41
7 45
7 46
8 7
8 14
8 17
8 24
8 29
8 32
8 43
8 44
8 46
8 48
9 1
9 12
9 29
9 30
9 33
10 14
10 16
10 18
10 19
10 23
10 33
10 35
11 8
11 15
11 33
12 31
12 38
12 47
13 1
13 3
13 11
13 12
13 18
13 22
13 34
14 2
14 11
14 12
14 26
14 35
15 1
15 8
15 9
15 10
15 14
15 19
15 40
15 44
16 12
16 19
16 23
16 24
16 29
17 15
17 20
18 2
18 20
18 32
18 33
19 3
19 8
19 9
19 10
19 13
19 42
19 43
20 17
20 26
20 32
20 37
20 44
21 7
21 8
21 12
21 18
21 29
21 46
21 48
22 1
22 10
22 19
22 35
23 5
23 10
23 13
23 15
23 25
23 26
24 9
24 13
24 21
24 28
24 31
24 37
25 15
25 16
25 31
25 33
25 40
26 6
26 17
26 19
26 35
27 43
27 48
28 11
28 25
29 1
29 4
29 36
29 37
29 39
30 24
30 41
30 44
30 45
30 47
31 2
31 4
31 6
31 26
31 32
31 33
31 42
32 2
32 17
32 18
32 21
32 41
32 45
33 18
33 26
33 43
34 14
34 20
34 28
34 32
34 35
34 36
34 46
35 4
35 12
35 17
35 37
35 38
36 12
36 14
36 19
36 22
36 32
37 17
37 22
37 26
37 45
38 1
38 2
38 12
38 24
39 8
39 18
39 22
39 47
40 15
40 17
40 27
40 32
40 45
41 3
41 23
41 28
41 34
41 40
42 2
42 19
42 26
42 30
42 37
42 48
43 5
43 6
43 15
43 19
43 27
43 28
43 29
43 42
44 1
44 2
44 7
44 35
44 41
45 3
45 9
45 10
45 33
45 40
45 41
46 32
46 41
46 42
46 43
47 1
47 5
47 30
47 34
47 44
47 48
48 6
48 17
48 23
48 37
Loss 0 0 0 0 0 0 0 0 0 0 0 42 0 0 0 0 0 0 0 0 0 0 0 0 0 0 0 0 0 0 0 0 38 0 0 0 32 0 55 0 0 0 0 10 0 54 0 0 
