53 <--# of nodes, 261 edges
1 6
1 47
2 3
2 9
2 14
2 17
2 48
3 6
3 13
3 14
3 45
4 32
4 40
4 53
5 6
5 11
5 15
5 17
5 21
5 53
6 9
6 15
6 22
6 26
6 37
6 38
6 43
6 44
7 6
7 30
7 34
7 47
8 3
8 13
8 36
8 44
9 2
9 8
9 10
9 16
9 22
9 23
9 33
9 42
9 45
10 8
10 12
10 21
10 39
10 45
11 9
11 16
11 40
12 9
12 27
12 32
12 51
13 6
13 31
13 39
13 40
13 41
13 51
14 2
14 43
15 3
15 7
15 43
15 52
16 24
16 35
16 42
17 37
17 53
18 6
18 7
18 10
18 21
18 24
18 35
18 37
18 48
19 6
19 37
19 40
20 19
20 22
20 48
21 13
21 32
21 46
22 3
22 11
22 20
22 31
22 39
23 7
23 13
23 16
23 28
23 40
23 43
24 5
24 26
24 32
24 47
25 12
25 15
25 35
25 39
25 42
25 52
26 2
26 3
26 24
26 37
26 41
27 2
27 4
27 6
27 18
27 41
27 44
27 50
28 5
28 11
28 25
28 34
29 35
30 33
30 37
30 44
30 53
31 8
31 37
31 49
32 4
32 44
32 53
33 13
33 20
33 21
33 32
33 35
33 42
33 45
34 17
34 18
34 46
34 47
35 1
35 3
35 22
35 26
35 52
36 4
36 11
36 14
36 30
36 33
36 39
36 53
37 1
37 13
37 41
38 2
38 12
38 16
38 30
38 32
38 40
38 53
39 1
39 7
39 37
39 45
39 51
40 10
40 15
40 17
40 19
40 20
40 29
40 34
40 47
40 50
40 51
41 4
41 14
41 27
41 39
41 44
42 4
42 9
42 12
42 16
42 22
42 27
42 30
42 33
42 34
42 38
42 40
42 44
42 48
42 50
43 19
43 33
44 6
44 16
44 31
44 32
44 42
44 51
45 13
45 36
45 48
46 4
46 5
46 32
46 36
46 37
46 44
46 53
47 5
47 11
47 28
48 14
48 26
49 8
49 23
49 38
49 39
49 51
50 3
50 6
50 14
50 23
50 26
50 31
50 42
50 45
50 51
51 4
51 24
51 28
51 30
51 37
51 39
52 2
52 21
52 22
52 34
52 46
52 51
52 53
53 11
53 25
53 26
53 29
53 42
Loss 0 93 0 0 0 0 0 0 0 0 0 0 0 0 0 73 0 0 0 0 0 0 0 0 0 68 0 0 0 0 0 0 44 0 24 0 0 37 0 0 0 0 0 0 0 0 0 0 16 0 0 0 0 
