36 <--# of nodes, 121 edges
1 13
1 16
1 20
2 4
2 6
2 15
3 5
3 10
3 17
3 19
3 20
4 33
5 1
5 8
5 22
5 26
6 1
6 3
6 13
6 23
6 27
6 34
6 36
7 10
7 23
8 2
8 9
8 16
8 35
9 13
9 22
10 2
10 28
10 34
12 4
13 6
13 7
13 14
13 17
14 3
14 13
14 22
14 25
15 2
15 4
15 20
15 22
15 32
15 35
16 6
16 15
16 20
16 22
16 24
16 30
16 35
16 36
17 30
18 2
18 17
18 23
18 31
18 35
19 3
19 7
19 15
20 6
20 17
20 30
21 5
21 8
21 11
21 12
21 14
21 24
22 9
22 31
23 12
23 15
23 28
24 5
25 16
26 22
26 30
26 36
27 2
27 18
27 26
27 36
28 2
28 12
28 31
29 3
29 13
29 27
29 31
29 35
30 11
31 10
32 11
32 16
32 18
33 21
33 25
33 30
34 7
34 18
34 24
34 26
34 27
34 32
35 8
35 13
35 15
35 19
35 27
36 10
36 11
36 13
36 26
36 33
Loss 0 0 0 0 0 0 0 0 0 0 53 0 0 0 0 0 0 0 0 0 0 0 0 0 41 0 0 0 0 74 0 0 0 0 51 0 
