36 <--# of nodes, 131 edges
1 18
1 29
1 30
1 36
2 1
2 7
2 26
2 36
3 1
3 27
3 31
3 36
4 32
4 33
5 3
5 4
5 13
5 14
5 28
5 34
6 11
6 19
6 33
7 10
7 15
7 23
8 4
8 34
9 2
9 4
9 5
9 23
9 35
10 7
10 13
10 27
11 19
11 32
12 3
12 4
12 24
12 28
12 30
12 32
12 35
13 18
13 32
13 33
13 36
14 11
14 29
14 34
15 34
16 2
17 3
17 21
18 13
18 24
18 36
19 2
19 13
19 34
19 35
20 2
20 8
20 10
20 15
20 22
20 28
20 29
20 32
20 36
21 17
21 22
21 35
22 3
22 19
22 21
22 30
23 5
23 13
23 21
23 28
24 7
24 11
24 15
24 30
24 36
25 22
25 31
26 7
26 15
26 18
26 22
27 4
27 5
27 8
27 10
28 7
28 12
28 22
28 34
28 36
29 28
30 5
30 8
30 19
31 2
31 3
31 9
31 12
31 21
31 23
31 35
32 3
32 7
32 19
33 12
33 19
33 31
34 3
34 5
34 21
34 32
34 36
35 19
35 27
35 33
36 17
36 31
36 34
Loss 0 12 0 0 0 0 91 0 0 97 0 75 0 0 52 30 0 0 0 34 0 7 0 2 0 0 0 27 0 0 40 0 0 87 0 0 
