60 <--# of nodes, 396 edges
1 11
1 24
1 29
1 33
1 57
2 7
2 39
2 42
2 46
2 47
2 58
3 5
3 9
3 10
3 16
3 26
3 27
3 29
3 34
3 38
3 44
3 47
3 51
3 52
3 57
4 22
4 24
4 35
4 48
4 54
5 6
5 11
5 42
5 47
5 59
6 1
6 8
6 19
6 25
6 41
6 57
7 1
7 20
7 32
7 42
7 46
7 47
8 3
8 4
9 2
9 14
9 38
9 50
9 59
10 5
10 30
10 34
10 39
10 45
10 58
11 9
11 16
11 28
11 31
11 46
11 53
12 2
12 9
12 15
12 16
12 17
12 22
12 23
12 28
13 3
13 6
13 7
13 12
13 14
13 15
13 19
13 28
14 7
14 15
14 27
14 34
14 52
15 2
15 11
15 20
15 39
15 44
15 59
16 2
16 4
16 13
16 22
16 27
16 35
16 38
16 43
16 47
17 11
17 19
17 30
17 33
17 37
17 40
17 54
18 9
18 11
18 15
18 44
18 51
18 56
19 14
19 45
19 46
19 57
20 6
20 12
20 17
20 22
20 31
20 35
20 42
20 58
21 3
21 6
21 17
21 25
21 28
21 35
22 7
22 8
22 10
22 17
22 30
22 32
22 37
22 45
23 13
23 25
23 30
23 40
23 60
24 15
24 23
24 46
24 49
24 51
24 56
25 9
25 14
25 36
25 45
26 9
26 13
26 36
26 40
26 45
26 52
26 53
26 57
26 58
26 59
27 18
27 22
27 25
27 50
28 17
28 20
28 27
28 38
28 41
28 45
28 46
28 52
29 9
29 14
29 15
29 26
29 52
30 8
30 31
30 43
30 59
31 6
31 8
31 16
31 19
31 23
31 32
31 33
31 40
31 46
32 23
32 33
32 38
32 52
32 54
33 9
33 10
33 13
33 14
33 29
33 42
33 47
33 57
34 7
34 8
34 25
34 28
34 29
34 33
34 56
35 4
35 6
35 18
35 46
36 2
36 23
36 26
36 35
36 51
37 16
37 24
37 28
37 39
37 49
37 58
38 1
38 3
38 15
38 20
38 28
38 55
38 57
39 3
39 4
39 10
39 12
39 18
39 22
39 32
39 38
40 7
40 12
40 16
40 28
40 34
40 37
40 48
41 1
41 21
41 29
41 35
41 37
42 7
42 15
42 29
42 44
43 1
43 10
43 22
43 23
43 33
43 39
43 47
43 52
44 4
44 6
44 23
44 25
44 33
44 42
44 50
45 6
45 25
45 30
45 33
45 38
45 39
46 27
46 37
47 4
47 17
47 21
47 22
47 27
47 28
48 2
48 3
48 5
48 9
48 10
48 19
48 32
48 45
49 4
49 6
49 33
49 34
49 36
49 40
49 48
49 52
49 58
50 4
50 8
50 10
50 26
50 32
50 33
50 53
50 57
50 58
51 4
51 5
51 8
51 24
51 33
51 45
51 50
51 58
52 1
52 4
52 9
52 14
52 15
52 28
53 8
53 11
53 15
53 18
53 19
53 21
53 24
53 29
53 39
53 49
53 50
53 54
53 57
54 6
54 10
54 13
54 27
54 42
54 47
54 49
55 11
55 25
55 26
55 28
55 43
55 56
55 60
56 1
56 9
56 12
56 16
56 28
56 43
56 60
57 13
57 15
57 25
57 26
57 27
57 29
57 31
57 40
57 60
58 2
58 5
58 7
58 9
58 27
58 29
58 39
58 49
58 59
59 12
59 13
59 24
59 31
59 53
59 58
60 13
60 17
60 33
60 45
60 53
60 54
60 57
Loss 0 69 0 0 0 0 0 0 0 0 0 15 0 0 0 0 0 67 0 0 0 0 0 0 0 0 0 0 0 0 0 0 0 0 0 1 0 0 0 13 0 0 0 0 0 0 61 0 0 0 0 0 21 0 0 0 0 0 0 0 
