40 <--# of nodes, 152 edges
1 2
1 10
1 35
2 1
2 7
2 13
2 14
2 16
2 40
3 4
3 5
3 8
3 21
3 26
4 5
4 30
5 13
5 19
5 32
5 39
6 10
6 11
6 14
6 31
6 32
7 9
7 14
7 17
7 24
8 1
9 2
9 6
9 10
9 33
10 1
10 2
10 22
10 33
11 7
11 19
11 22
11 26
11 34
11 35
12 1
12 3
12 34
12 36
12 40
13 7
13 8
13 10
14 9
14 16
14 19
14 23
14 28
15 22
16 9
16 15
17 35
17 40
18 4
18 13
18 16
18 38
19 7
19 17
19 24
19 38
19 39
20 12
20 23
20 34
21 3
21 5
21 18
21 19
21 26
21 29
21 32
21 35
22 19
22 30
22 31
22 36
23 13
23 35
24 29
24 31
24 33
25 3
25 20
26 7
26 12
26 14
26 18
26 34
27 2
27 3
27 19
27 39
28 12
28 14
28 17
29 2
29 13
29 38
30 8
30 29
30 39
31 3
31 12
31 21
31 34
32 5
32 6
32 39
33 6
33 14
33 17
33 20
33 27
34 4
34 13
34 16
34 25
34 30
34 35
35 2
35 4
35 25
35 39
36 14
37 2
37 31
37 34
38 14
38 26
38 29
38 39
39 2
39 6
39 21
39 28
40 3
40 7
40 15
40 19
40 32
40 35
40 37
Loss 0 0 0 72 11 21 0 0 0 0 0 86 0 0 0 0 0 0 2 0 0 0 0 0 0 0 0 0 76 0 92 0 0 0 87 99 0 38 0 0 
