54 <--# of nodes, 262 edges
1 4
1 5
1 9
1 12
1 14
1 27
1 29
1 43
2 29
2 31
2 39
2 42
2 43
2 51
2 54
3 7
3 15
3 25
3 27
3 28
3 38
3 41
3 44
4 1
4 13
4 19
4 31
4 39
4 41
4 50
5 2
5 8
5 41
6 3
6 12
6 24
6 34
6 47
7 5
7 25
7 42
7 48
8 3
8 12
8 16
8 33
8 35
8 44
9 11
9 29
10 19
10 25
10 32
10 46
10 51
11 4
11 15
11 24
11 29
11 33
11 48
12 5
12 20
12 54
13 26
14 20
14 27
14 31
14 36
14 53
15 4
15 6
15 30
15 34
15 41
15 50
16 26
16 27
16 29
17 1
17 12
17 34
17 42
17 46
18 7
18 12
18 14
18 21
18 46
18 47
18 52
19 8
19 10
19 36
19 45
19 52
20 28
20 34
20 36
20 54
21 32
21 35
21 44
21 50
22 3
22 11
22 24
22 32
22 36
22 45
23 8
23 9
23 24
23 28
23 50
23 51
23 54
24 7
24 18
24 33
24 39
24 40
25 5
25 8
25 17
25 28
25 50
26 1
26 16
26 23
26 36
26 43
27 6
27 7
27 9
27 11
27 13
27 25
27 26
27 40
28 24
28 32
29 5
29 7
29 10
29 32
29 42
29 54
30 32
30 45
31 9
31 15
31 33
31 44
32 8
32 25
32 33
33 5
33 10
33 15
33 17
33 18
33 43
33 44
33 54
34 1
34 8
34 20
34 21
34 37
34 41
35 1
35 21
35 22
35 23
35 24
35 29
36 4
36 10
36 18
36 27
36 30
37 18
37 23
37 24
37 43
37 47
37 50
38 6
38 10
38 52
39 7
39 11
39 26
39 35
39 52
40 7
40 23
40 53
41 7
41 19
41 21
42 8
42 15
42 18
42 24
43 5
43 7
43 16
43 19
43 28
43 53
44 16
44 18
44 41
45 3
45 12
45 29
45 33
45 47
46 34
46 40
47 3
47 9
47 14
47 19
47 22
47 35
47 38
47 53
48 15
48 29
49 15
49 33
49 47
50 21
50 35
50 53
51 40
51 43
51 45
51 49
51 54
52 12
52 23
52 27
52 28
52 32
52 41
52 49
53 14
53 16
53 21
53 22
53 46
53 51
53 54
54 4
54 11
54 28
54 34
54 40
Loss 0 6 0 89 0 0 64 0 0 0 0 57 0 0 0 0 0 0 87 2 0 0 0 0 0 57 0 94 0 0 0 90 0 0 0 0 0 0 0 59 0 0 72 0 20 0 0 0 0 0 0 0 0 0 
