46 <--# of nodes, 222 edges
1 7
1 17
1 27
1 30
1 35
2 26
2 32
3 7
3 9
3 14
3 18
3 20
3 26
3 29
3 30
3 31
3 32
3 35
3 36
3 45
4 7
4 20
4 32
5 3
5 7
5 21
5 29
5 36
6 2
6 4
6 14
6 20
6 21
6 33
6 35
6 39
7 12
7 14
7 16
7 26
7 33
7 45
8 4
8 11
8 13
8 29
8 36
9 16
9 17
9 21
9 24
9 44
10 42
11 15
11 41
12 2
12 8
12 20
12 27
12 41
12 45
13 22
13 40
13 42
13 43
14 23
14 33
15 9
15 11
15 19
15 21
16 20
16 38
17 1
17 18
17 23
18 9
18 29
18 30
18 39
19 29
19 41
19 44
20 8
20 11
20 12
20 26
20 39
21 9
21 16
21 35
22 7
22 12
22 14
22 16
22 17
22 18
22 20
22 21
23 14
23 19
23 20
23 35
23 36
23 42
24 14
24 21
24 22
25 1
25 10
25 13
25 14
25 16
25 17
25 18
25 24
25 27
25 34
25 37
25 43
26 8
26 15
26 18
26 23
26 37
26 42
27 5
27 8
27 10
27 31
27 33
27 35
27 36
28 1
28 7
28 15
28 20
28 33
28 37
28 39
28 41
29 24
30 1
30 12
30 17
31 30
31 36
31 46
32 3
32 5
32 15
32 16
32 40
32 43
33 2
33 7
33 13
33 15
34 2
34 5
34 9
34 11
34 23
34 24
34 38
35 8
35 21
35 40
35 44
36 10
36 15
36 23
36 30
36 37
36 40
37 3
37 7
37 13
37 23
37 32
37 33
37 45
38 33
38 41
39 9
39 22
39 24
39 44
40 2
40 9
40 19
40 22
40 26
40 31
41 23
41 31
41 40
41 46
42 7
42 39
42 44
43 5
43 7
43 11
43 16
43 21
43 39
44 13
44 34
44 35
45 6
45 9
45 19
45 22
45 30
45 36
46 21
46 26
46 32
46 33
46 35
46 43
Loss 0 0 0 0 0 0 53 0 0 0 0 0 0 0 0 0 0 0 0 0 65 0 39 0 0 0 0 0 0 0 0 0 0 0 0 82 45 0 0 0 0 0 0 0 97 0 
