31 <--# of nodes, 82 edges
1 5
1 22
1 31
2 6
2 8
2 15
2 28
3 10
3 13
3 20
4 3
5 13
5 16
5 17
5 19
5 23
6 21
6 27
7 15
8 3
8 25
9 11
9 20
9 28
10 5
10 6
11 13
12 4
12 9
12 11
12 13
13 9
13 27
14 7
14 15
14 23
15 2
15 8
15 14
15 20
16 11
17 19
17 20
17 31
18 9
19 8
19 14
19 29
20 18
20 23
21 28
21 29
22 1
22 2
22 15
22 23
23 3
23 7
23 15
23 17
23 18
24 10
24 15
24 21
25 6
25 23
26 23
27 13
27 19
27 25
28 3
28 18
28 24
28 31
29 2
29 3
29 11
30 7
30 21
30 23
31 11
31 22
Loss 0 0 0 0 0 0 5 0 0 45 0 0 0 0 0 0 0 0 0 0 0 0 0 0 0 0 0 0 0 0 0 
