49 <--# of nodes, 245 edges
1 2
1 6
1 13
1 18
1 35
1 39
1 42
1 46
1 47
2 9
2 15
2 16
2 20
2 28
3 33
3 40
3 47
4 18
4 28
4 47
4 49
5 42
5 46
5 48
6 23
6 41
7 2
7 3
7 11
7 19
7 23
7 30
7 32
7 45
8 23
8 29
8 35
9 2
9 5
9 8
10 14
10 26
11 3
11 29
11 40
12 21
12 35
12 40
12 42
13 6
13 14
13 17
13 26
13 31
13 36
13 39
14 4
14 10
14 12
14 26
14 38
14 47
14 49
15 9
15 10
15 13
15 39
15 40
15 42
16 12
16 14
16 24
17 4
17 7
17 8
17 9
17 12
17 16
17 19
17 28
17 43
17 45
18 10
18 12
18 22
18 27
19 1
19 11
19 18
19 32
19 35
19 37
19 42
20 2
20 5
20 27
20 37
20 48
21 12
21 17
21 34
21 35
21 36
21 45
21 49
22 1
22 3
22 11
22 15
22 42
22 46
23 15
23 22
23 25
24 7
24 10
24 26
24 30
24 34
24 42
25 16
25 27
25 31
25 38
25 49
26 17
26 19
26 23
26 35
26 46
26 48
27 37
27 40
27 47
27 48
28 2
28 6
28 12
28 14
28 16
28 23
28 36
28 47
29 11
29 14
29 32
29 36
29 48
30 1
30 2
30 22
30 23
30 31
30 32
31 5
31 19
31 34
31 38
31 44
32 8
32 44
33 2
33 9
33 31
33 32
34 1
34 9
34 44
35 2
35 22
35 37
35 49
36 17
36 18
36 27
36 28
36 29
36 44
37 4
37 5
37 9
37 15
37 20
37 25
37 32
38 3
38 11
38 21
38 40
38 47
39 37
39 41
40 2
40 12
40 13
40 17
40 23
40 27
40 37
40 49
41 9
41 10
41 23
41 27
41 30
41 31
41 33
42 13
42 24
43 9
43 10
43 47
44 9
44 23
44 25
44 32
44 37
44 43
45 4
45 12
45 14
45 24
45 41
45 48
46 3
46 4
46 7
46 20
46 29
46 36
46 47
46 48
47 18
47 44
47 46
48 2
48 14
48 30
48 33
49 20
49 23
49 24
49 25
49 29
49 30
Loss 0 0 46 0 0 0 18 0 0 17 0 0 0 0 26 0 16 31 0 20 0 0 0 0 0 0 0 0 0 0 0 0 83 0 0 0 0 0 0 0 0 12 79 0 99 0 0 0 31 
