62 <--# of nodes, 369 edges
1 13
1 15
1 19
1 22
2 10
2 11
2 21
2 37
2 39
2 49
3 12
3 18
3 19
3 21
3 23
3 25
3 28
3 32
3 33
3 56
3 60
4 52
4 54
4 57
5 17
5 19
5 41
6 1
6 13
6 18
6 21
6 27
6 34
6 38
6 41
6 43
6 49
6 53
6 54
7 16
7 29
7 31
7 33
7 36
7 40
7 48
7 57
8 6
8 21
8 32
8 38
8 48
8 53
9 2
9 6
9 14
9 20
9 23
9 26
9 40
9 49
9 55
9 58
10 49
10 55
10 59
10 62
11 45
11 60
12 2
12 6
12 11
12 16
12 41
12 48
13 15
13 30
13 38
13 39
13 42
13 54
14 16
15 43
15 46
15 50
15 53
15 62
16 2
16 5
16 18
16 24
16 30
16 35
16 42
16 48
16 52
17 3
17 13
17 15
17 35
17 54
18 3
18 13
18 16
18 32
18 40
18 59
19 27
19 37
19 45
19 53
20 2
20 5
20 15
20 29
20 35
21 5
21 10
21 14
21 38
21 44
21 46
21 61
22 1
22 14
22 61
23 14
23 41
23 42
23 45
23 47
23 56
24 1
24 4
24 10
24 11
24 21
24 27
24 33
24 47
24 52
25 8
25 14
25 38
25 51
26 15
26 29
26 30
26 32
26 33
27 6
27 21
27 22
27 30
27 52
27 55
28 13
28 25
28 31
28 35
29 28
29 32
29 44
30 5
30 32
30 38
30 41
30 53
30 58
30 60
30 62
31 3
31 5
31 7
31 9
31 13
31 33
31 38
31 57
31 59
32 10
32 36
32 37
32 38
32 62
33 11
33 12
33 17
33 22
33 27
33 40
34 15
34 26
34 29
34 32
34 35
34 47
35 13
35 17
35 29
35 31
35 39
35 43
35 48
35 52
35 53
36 31
36 35
36 44
36 56
37 7
37 25
37 33
37 52
37 57
38 16
38 18
38 32
38 34
38 48
38 56
38 57
39 11
39 25
39 27
39 32
39 35
39 42
40 6
40 10
40 11
40 19
40 36
40 41
40 43
41 5
41 9
41 16
41 21
41 22
41 27
41 45
41 54
42 2
42 4
42 6
42 9
42 10
42 12
42 25
43 3
43 15
43 17
43 38
43 39
43 46
43 58
43 59
44 27
44 41
45 1
45 28
45 36
45 59
45 62
46 2
46 21
46 23
46 53
47 13
47 36
47 51
47 52
48 3
48 31
48 39
48 46
48 61
49 2
49 3
49 32
49 44
49 47
49 53
49 60
50 5
50 13
50 37
51 3
51 23
51 27
51 56
52 5
52 34
52 50
53 9
53 11
53 18
53 26
53 30
53 50
53 60
54 3
54 10
54 12
54 26
54 61
55 7
55 20
55 30
55 32
55 39
55 41
55 48
55 49
55 58
55 61
56 2
56 15
56 22
56 35
56 37
56 38
56 48
56 52
56 57
57 3
57 6
57 12
57 15
57 23
57 28
57 34
57 41
57 51
57 54
57 61
57 62
58 12
58 16
58 28
58 37
58 41
58 42
58 48
58 55
58 60
59 6
59 8
59 9
59 11
59 33
59 45
60 7
60 16
60 37
60 43
60 53
60 54
61 35
61 62
62 2
62 3
62 10
62 17
62 34
62 39
62 41
62 47
Loss 0 0 0 29 0 0 59 0 0 34 0 0 81 42 0 21 0 0 0 0 1 82 0 0 0 0 42 54 0 0 0 80 0 17 0 20 0 0 0 0 14 0 0 0 0 34 0 0 0 0 22 0 0 0 29 0 0 0 0 0 0 0 
