51 <--# of nodes, 270 edges
1 4
1 5
1 9
1 16
1 50
1 51
2 1
2 4
2 13
2 14
2 24
2 35
2 38
2 45
2 50
3 9
3 14
3 17
3 23
3 29
3 30
3 34
3 35
3 40
3 44
4 5
4 6
4 17
4 18
4 22
4 25
4 30
4 33
4 42
4 51
5 14
5 19
5 43
6 5
6 10
6 15
6 22
6 31
6 33
6 48
7 1
7 5
7 14
7 23
7 45
7 46
7 49
8 2
8 3
8 5
8 42
9 1
9 3
9 4
9 13
9 17
9 20
9 22
9 23
9 27
9 34
9 43
9 47
9 50
10 12
10 16
10 36
11 8
11 15
11 19
11 30
11 37
12 17
12 19
12 36
13 8
13 21
13 25
13 27
13 41
13 47
13 50
14 37
14 43
15 13
15 19
15 34
15 37
15 39
15 44
15 46
16 12
16 18
16 26
16 40
16 51
17 8
17 21
17 26
17 35
17 47
18 9
18 12
18 15
18 48
19 7
19 30
19 37
19 46
20 3
20 16
20 26
20 27
20 34
20 45
21 11
21 12
21 18
21 26
21 47
21 49
22 36
22 49
23 7
23 12
23 17
23 39
23 42
24 7
24 11
24 12
24 14
24 28
24 40
24 51
25 2
25 22
25 26
25 34
26 36
26 50
27 17
27 18
27 35
28 4
28 14
28 23
28 24
28 35
28 36
29 8
29 15
29 18
29 24
29 31
29 33
29 38
30 1
30 14
30 21
30 42
31 18
31 19
31 34
31 48
32 29
33 15
33 22
33 37
34 5
34 14
34 19
34 33
35 1
35 2
35 17
35 22
35 39
35 41
35 48
36 19
36 23
36 26
36 41
36 47
37 3
37 15
37 33
37 35
37 44
37 45
38 10
38 22
38 25
38 34
38 40
39 6
39 9
39 23
39 35
39 36
39 41
40 20
40 21
40 26
40 27
40 28
40 30
40 35
40 44
40 51
41 20
41 44
41 46
42 3
42 10
42 15
42 33
42 38
42 41
42 44
43 8
43 14
43 24
43 37
43 42
43 44
44 13
44 37
44 43
44 47
45 5
45 16
45 22
45 40
45 43
46 23
46 29
46 38
46 43
46 45
46 49
46 51
47 14
47 19
47 31
47 49
48 4
48 5
48 8
48 17
48 42
49 11
49 15
49 19
49 22
49 40
50 13
50 39
50 44
51 7
51 18
51 30
51 43
51 46
Loss 0 0 0 0 0 0 0 0 0 14 0 0 0 0 0 0 0 0 0 79 0 0 0 0 54 0 0 0 0 0 0 0 0 0 0 0 0 48 0 0 0 0 49 0 0 0 33 0 0 0 73 
