35 <--# of nodes, 117 edges
1 4
1 15
1 26
2 5
2 11
2 16
2 24
2 26
2 35
3 1
5 4
5 12
5 19
5 34
6 20
6 24
8 31
9 19
9 30
10 34
11 3
11 8
11 25
11 26
11 34
12 17
12 29
12 31
12 32
13 1
13 12
14 6
14 9
14 32
15 11
15 12
15 17
15 35
16 4
16 5
16 6
16 17
16 19
16 24
16 33
16 35
18 7
18 14
18 17
18 22
18 24
19 13
19 23
19 33
20 1
20 21
20 27
20 31
21 9
21 14
21 17
21 32
22 6
22 8
22 16
22 28
23 3
23 5
23 8
23 10
23 17
23 27
24 16
24 17
24 33
24 34
25 2
25 3
25 7
25 11
25 22
25 28
25 30
26 11
26 30
27 5
27 23
27 28
27 30
27 31
28 4
28 5
28 6
28 21
28 26
29 10
29 26
30 2
30 6
30 17
30 20
30 33
32 10
32 28
33 16
33 19
33 25
33 27
33 35
34 23
34 25
34 28
34 33
34 35
35 18
35 19
35 30
Loss 0 0 7 0 0 0 0 0 0 0 0 0 0 0 0 0 0 0 0 0 36 0 0 0 0 0 0 69 0 0 68 0 44 0 0 
