69 <--# of nodes, 460 edges
1 13
1 17
1 24
1 33
1 34
1 43
1 46
1 50
1 51
2 8
2 13
2 19
2 29
2 49
2 51
2 58
2 67
3 10
3 32
3 35
3 40
3 48
3 50
4 23
4 49
4 50
4 51
4 55
4 57
4 59
4 62
5 9
5 26
5 45
6 12
6 56
6 60
7 2
7 4
7 19
7 34
7 39
7 65
7 66
7 67
8 19
8 35
8 43
9 8
9 28
9 40
9 56
9 58
9 59
9 63
10 4
10 9
10 15
10 30
10 46
10 47
10 59
10 62
10 66
10 69
11 1
11 4
11 20
11 22
11 40
11 54
11 66
12 15
12 30
12 65
12 67
13 8
13 9
13 11
13 15
13 16
13 25
13 60
13 62
14 3
14 11
14 12
14 20
14 23
15 3
15 10
15 11
15 16
15 18
15 20
15 43
15 46
15 61
16 2
16 14
16 19
16 25
16 49
16 52
16 59
16 61
16 62
17 8
17 13
17 15
17 16
17 18
17 27
17 29
17 34
17 35
17 42
17 53
17 64
18 12
18 20
18 24
18 28
18 31
18 34
18 54
19 9
19 10
19 11
19 16
19 50
19 55
19 60
19 64
19 69
20 13
20 28
20 39
20 62
21 10
21 11
21 14
21 28
21 46
21 48
21 57
22 3
22 21
22 24
22 25
22 28
22 51
22 67
22 69
23 10
23 11
23 22
23 28
23 41
23 42
23 48
23 61
24 4
24 5
24 6
24 28
24 31
24 56
24 57
24 62
24 69
25 5
25 18
25 19
25 36
25 48
25 54
26 35
26 39
26 43
26 61
26 68
27 24
27 31
27 33
27 42
27 47
27 52
27 65
28 2
28 5
28 13
28 31
28 34
28 45
28 49
28 52
28 53
28 67
29 23
29 35
29 43
29 48
29 53
29 58
29 65
30 36
30 39
30 53
30 58
30 62
30 63
30 69
31 2
31 13
31 23
31 48
32 2
32 40
32 47
32 51
32 55
32 57
32 62
33 11
33 30
33 42
33 62
33 67
33 68
34 8
34 11
34 21
34 51
34 62
35 3
35 8
35 14
35 28
35 44
35 46
35 50
35 60
36 7
36 27
36 37
36 54
36 64
37 19
37 28
37 32
37 39
37 43
37 52
38 5
38 34
38 40
38 43
38 63
38 65
38 69
39 1
39 27
39 35
39 59
39 65
39 69
40 54
40 60
41 2
41 10
41 17
41 23
41 31
41 40
41 53
41 55
42 1
42 9
42 13
42 27
42 58
42 59
43 1
43 2
43 4
43 15
43 26
43 39
43 41
43 57
44 31
44 38
44 47
44 64
44 67
44 68
45 13
45 25
45 27
45 29
45 52
45 60
45 65
45 68
46 5
46 24
46 40
46 44
46 53
46 57
47 10
47 11
47 29
47 31
47 35
47 39
47 49
47 61
47 62
47 65
48 33
48 47
48 55
48 63
48 67
49 26
49 33
49 34
49 38
50 24
50 27
50 32
50 33
50 39
50 43
50 66
51 17
51 18
51 30
51 35
51 37
51 56
51 63
51 68
51 69
52 17
52 27
52 33
52 44
53 5
53 8
53 14
53 18
53 22
53 26
53 34
53 45
53 58
53 60
54 7
54 19
54 31
54 43
54 44
54 69
55 7
55 29
55 35
55 49
55 51
55 52
55 64
56 1
56 10
56 33
56 46
57 33
57 39
57 47
57 51
58 1
58 2
58 6
58 15
58 25
58 43
58 47
58 59
59 2
59 20
59 31
59 44
59 49
59 63
60 14
60 47
60 50
60 55
61 6
61 30
61 41
61 58
61 63
61 69
62 17
62 18
62 21
62 22
62 29
62 39
62 57
62 64
63 8
63 53
64 5
64 22
64 24
64 26
64 31
64 37
64 53
64 55
64 59
64 62
65 2
65 14
65 22
65 24
65 28
65 29
65 36
66 2
66 31
66 35
66 38
67 4
67 5
67 6
67 7
67 42
67 46
67 52
68 7
68 20
68 21
68 27
68 35
68 36
68 48
69 4
69 14
69 23
69 25
69 32
69 40
69 48
69 49
69 57
69 65
Loss 0 0 88 0 98 0 0 0 0 0 0 57 0 0 0 0 0 0 12 0 0 0 0 0 0 0 0 0 3 0 14 0 35 6 0 0 0 0 0 89 0 0 0 0 0 0 90 0 0 0 0 81 0 0 43 0 0 46 20 0 93 0 0 0 0 0 35 0 0 
