42 <--# of nodes, 186 edges
1 2
1 4
1 40
2 20
2 38
2 40
3 7
3 17
3 20
3 25
3 34
3 36
3 42
4 12
4 18
4 19
4 36
4 37
5 14
5 26
5 28
5 32
5 34
5 41
6 5
6 8
6 17
6 19
7 23
8 26
8 41
9 3
9 10
9 22
9 23
9 24
9 35
10 11
10 21
10 26
10 38
11 1
11 7
11 25
11 30
12 5
12 6
12 23
13 2
13 7
13 14
13 17
13 39
14 10
14 13
14 23
14 25
14 30
14 33
14 35
14 37
15 10
15 18
15 29
16 3
16 4
16 6
16 15
16 20
16 40
17 12
17 15
17 18
17 30
17 31
17 42
18 30
18 32
18 33
18 34
18 35
18 36
18 39
19 2
19 5
19 11
19 12
19 22
20 22
20 24
20 35
20 41
21 1
21 6
21 12
21 17
21 22
21 23
21 35
22 12
22 28
22 30
22 31
22 37
22 39
22 41
23 7
23 24
23 25
23 36
23 42
24 5
24 10
25 2
25 30
25 38
26 6
26 10
26 11
26 22
26 28
26 32
26 36
26 37
27 8
27 23
27 41
28 8
28 10
28 11
28 29
29 18
29 22
29 35
29 40
30 18
30 36
30 37
31 4
31 25
31 33
31 42
32 4
32 11
32 15
32 18
32 41
33 4
33 26
33 30
33 42
34 2
34 9
34 16
34 41
35 4
35 9
35 30
35 32
35 39
35 40
36 22
36 25
36 26
36 41
37 11
37 24
37 35
38 1
38 29
38 33
39 1
39 10
39 32
39 37
40 28
40 34
41 9
41 11
41 17
41 23
41 26
42 5
42 12
42 21
42 34
Loss 0 0 17 6 0 0 0 0 0 0 0 0 0 0 0 0 68 0 0 0 0 0 0 0 0 0 42 0 0 0 0 0 53 0 0 0 0 0 0 0 90 28 
