59 <--# of nodes, 360 edges
1 3
1 27
1 30
1 31
1 38
1 43
1 47
1 55
1 57
2 4
2 12
2 51
3 2
3 12
3 14
3 45
4 18
4 49
4 55
5 14
5 34
5 39
6 14
6 23
6 34
6 35
6 53
7 4
7 16
7 31
7 37
7 38
7 39
7 42
7 44
7 45
7 59
8 6
8 15
8 16
8 31
8 32
8 41
8 49
8 52
8 59
9 20
9 35
9 38
9 39
9 50
9 56
9 57
9 58
10 9
10 12
10 17
10 29
10 34
10 40
10 44
10 46
11 19
11 22
11 24
11 29
11 54
11 58
12 8
12 42
12 49
12 56
13 1
13 9
13 11
13 18
13 19
13 23
13 40
13 41
13 47
13 54
13 57
14 6
14 18
14 25
14 30
14 36
14 43
15 10
15 33
15 44
15 54
16 21
16 23
16 31
17 11
17 19
17 21
17 34
17 37
17 41
17 51
17 56
18 1
18 2
18 3
18 14
18 19
18 26
18 38
18 45
19 5
19 7
19 23
19 34
19 39
19 56
19 59
20 10
20 15
20 28
20 54
21 6
21 7
21 10
21 14
21 34
21 56
22 8
22 16
22 21
23 4
23 5
23 11
23 18
23 43
23 44
24 2
24 10
24 14
24 32
24 33
24 36
24 52
24 56
25 5
25 29
25 46
25 49
25 53
26 3
26 8
26 53
27 7
27 14
27 21
27 26
27 28
27 30
27 42
27 45
27 56
27 59
28 14
28 16
28 33
28 43
28 44
28 48
29 13
29 16
29 23
29 34
29 53
30 1
30 18
30 22
30 42
30 49
30 52
31 16
31 20
31 23
31 26
31 40
31 43
31 59
32 3
32 11
32 15
32 17
32 42
32 50
32 56
32 57
33 5
33 9
33 16
33 18
33 25
33 49
33 52
33 56
34 5
34 11
34 20
34 21
34 24
34 43
35 4
35 19
35 43
35 46
35 47
36 2
36 8
36 16
36 17
36 23
36 25
36 42
36 44
36 52
37 10
37 16
37 30
37 42
37 54
38 5
38 7
38 10
38 13
38 14
38 17
38 18
38 29
38 44
38 46
38 48
39 1
39 14
39 17
39 21
39 23
39 25
39 43
39 49
40 4
40 29
40 44
40 48
41 8
41 23
41 39
42 2
42 3
42 9
43 4
43 19
43 20
43 21
43 28
43 30
43 32
43 48
43 52
43 56
43 58
44 14
44 56
45 6
45 10
45 13
45 17
45 18
45 35
46 27
46 30
46 34
46 40
46 58
47 13
47 14
47 23
47 44
47 46
47 48
47 52
48 9
48 47
48 49
49 6
49 30
49 38
49 39
49 45
49 46
49 48
50 1
50 9
50 13
50 15
50 48
50 56
51 1
51 12
51 17
51 18
51 26
51 39
51 44
51 59
52 1
52 19
52 29
52 38
52 39
52 41
52 42
52 43
52 45
52 47
52 57
53 12
53 40
53 41
54 17
54 20
54 24
54 33
54 36
54 38
54 41
54 53
55 9
55 10
55 18
55 36
55 59
56 9
56 21
56 25
56 31
56 40
57 9
57 15
57 33
57 36
57 52
57 55
57 58
58 9
58 18
58 51
58 57
59 9
59 28
59 45
59 48
Loss 0 0 0 0 0 0 0 0 87 0 0 0 0 24 0 0 0 0 0 0 93 0 26 0 0 0 0 48 0 0 0 0 0 0 0 0 0 0 0 0 0 0 0 0 86 0 0 0 0 0 50 0 0 0 0 0 0 0 0 
