29 <--# of nodes, 96 edges
1 12
1 25
1 26
2 3
2 6
2 10
3 1
3 6
3 14
4 23
4 26
5 11
5 14
6 7
6 15
6 25
6 26
6 27
7 5
8 3
8 10
8 12
8 23
9 6
9 24
9 28
10 18
10 22
10 29
11 5
11 8
11 15
11 26
12 15
12 17
12 27
13 5
13 18
14 11
14 20
14 23
14 28
15 24
16 13
16 15
16 20
17 1
17 4
17 7
17 11
17 26
18 6
18 16
18 19
19 5
19 8
19 9
19 22
19 23
19 29
20 2
20 5
20 17
20 27
21 11
21 13
21 17
21 19
22 9
22 26
23 7
23 8
23 29
24 6
24 9
24 16
24 20
25 2
25 4
25 7
25 11
25 28
26 8
26 10
26 18
26 25
26 27
27 1
27 6
27 8
28 11
28 21
28 24
29 12
29 17
29 27
Loss 0 0 0 0 0 0 0 0 5 0 0 0 0 26 38 54 0 0 0 75 0 93 0 0 0 0 0 0 0 
