36 <--# of nodes, 123 edges
1 17
1 28
1 33
2 6
2 10
2 21
2 26
2 28
2 29
3 18
3 26
3 28
4 23
4 30
5 1
5 4
5 28
6 16
7 1
7 2
7 14
7 18
7 21
7 34
8 22
8 33
9 20
9 23
9 27
9 32
10 12
11 13
11 15
11 16
12 5
12 10
12 20
12 24
12 30
12 31
13 9
13 10
13 22
13 25
13 27
13 33
14 23
14 36
15 5
15 28
15 30
15 31
16 17
16 19
16 21
16 29
17 4
17 6
17 13
17 14
17 18
17 19
17 24
18 9
19 5
19 21
19 22
20 2
20 11
20 24
20 26
21 15
21 33
21 35
22 23
23 8
23 17
23 19
23 28
24 5
24 6
24 22
24 25
24 33
25 1
25 6
25 29
26 10
26 23
26 27
26 28
26 31
27 4
27 35
28 8
28 10
28 16
28 20
29 12
29 18
29 31
29 32
30 27
30 36
31 16
31 19
31 34
32 15
32 21
32 28
32 34
32 35
33 16
33 36
34 5
34 15
34 16
34 19
34 36
35 11
35 20
36 4
36 17
Loss 0 0 0 21 0 0 0 0 56 5 0 0 13 0 62 0 0 0 0 0 0 0 83 0 0 0 0 0 0 0 0 37 0 0 0 0 
