40 <--# of nodes, 158 edges
1 13
1 19
1 28
1 38
2 8
2 10
2 20
2 39
3 1
3 25
3 27
3 31
3 36
4 3
4 14
4 17
4 20
4 25
4 36
5 6
5 9
5 10
5 13
5 40
6 2
6 4
6 7
6 9
6 13
6 26
6 36
6 39
6 40
7 12
7 16
7 18
7 19
8 21
8 35
8 38
9 6
9 10
9 22
10 8
10 19
10 36
11 8
11 20
11 27
11 28
12 9
12 31
13 16
13 27
14 13
14 27
14 29
14 38
15 10
15 12
15 18
15 25
15 27
15 38
16 10
16 28
17 13
17 19
17 24
18 26
18 30
19 1
19 8
19 15
20 1
20 5
20 7
21 40
22 1
22 11
22 21
22 27
22 32
22 38
23 2
23 14
23 18
23 36
24 3
24 4
24 15
24 18
24 40
25 18
25 26
25 37
25 39
26 13
26 22
26 23
26 25
26 31
26 33
27 1
27 5
27 9
27 30
27 36
28 4
28 38
29 2
29 6
29 11
29 13
29 17
29 19
29 21
29 27
29 38
30 5
30 6
30 16
30 18
30 24
31 3
31 27
31 30
31 36
31 40
32 2
32 4
32 13
33 10
33 21
34 24
34 29
34 35
35 1
35 16
35 17
35 22
35 23
35 29
36 33
36 37
37 15
37 17
37 23
37 38
37 40
38 6
38 11
39 18
39 22
40 5
40 16
40 23
40 34
Loss 0 60 0 0 0 0 0 0 0 0 0 0 0 0 0 38 0 0 0 0 0 0 0 0 0 0 63 0 0 58 0 0 75 0 0 0 0 43 0 0 
