31 <--# of nodes, 107 edges
2 1
2 12
2 17
3 2
3 8
3 18
3 22
4 5
4 6
4 16
4 19
4 27
5 19
5 21
5 28
6 15
6 21
6 23
7 12
7 14
7 16
7 27
7 30
8 4
8 9
8 20
8 27
8 31
9 3
9 4
9 8
9 23
9 24
10 5
10 8
10 13
10 17
10 24
11 3
11 16
11 24
12 1
12 4
12 5
12 7
12 9
12 15
12 26
13 18
13 31
14 9
14 23
16 22
17 3
17 7
17 12
17 14
17 26
17 28
17 31
18 14
18 24
19 6
19 20
19 25
19 31
20 15
21 2
21 12
21 20
21 23
21 26
22 8
22 15
22 25
22 31
23 1
23 10
23 17
23 26
23 29
24 10
24 12
24 15
24 25
25 2
25 10
25 16
25 23
25 29
26 1
26 2
26 8
27 1
27 16
27 17
27 24
28 3
28 9
28 15
28 22
28 30
29 17
30 10
30 14
31 2
31 16
Loss 0 0 0 0 36 0 0 0 0 0 0 68 0 0 0 0 0 92 12 60 0 0 0 30 0 0 0 0 0 0 0 
