34 <--# of nodes, 107 edges
1 9
2 3
2 4
2 18
2 22
2 25
2 29
3 1
3 9
3 29
3 30
3 31
4 13
4 24
5 19
5 26
5 27
6 28
7 28
8 4
9 15
10 9
10 19
11 1
11 12
11 13
11 24
11 32
12 8
12 14
12 27
12 31
13 2
13 28
13 29
13 32
13 33
14 2
14 13
14 22
14 33
15 14
15 20
15 21
15 22
16 2
16 9
16 14
16 28
17 8
18 2
18 3
19 5
19 9
19 20
19 25
20 8
20 10
20 27
21 4
21 6
21 9
21 14
21 25
22 7
23 9
23 12
23 18
23 28
23 30
24 2
24 4
24 21
25 8
25 33
26 12
26 20
26 21
27 18
27 21
27 29
27 31
27 33
28 9
28 11
28 18
28 33
29 12
29 21
29 23
30 4
30 17
30 18
31 15
31 17
31 22
31 24
32 11
32 12
32 22
32 27
33 6
33 18
34 14
34 20
34 21
34 33
Loss 0 0 0 0 0 0 0 0 98 0 0 0 0 1 0 0 0 86 0 0 0 0 0 0 0 0 0 0 0 0 0 0 0 84 
