65 <--# of nodes, 419 edges
1 7
1 14
1 36
1 43
1 47
1 55
1 56
2 7
2 14
2 16
2 32
2 43
2 49
2 64
3 9
3 13
3 14
3 48
3 58
3 59
3 60
3 62
4 2
4 5
4 9
4 34
4 36
4 49
4 51
4 54
4 59
5 9
5 16
5 19
5 31
5 46
5 47
5 56
5 60
6 3
6 10
6 20
6 21
6 33
6 35
6 38
7 17
7 27
7 29
7 49
8 12
8 14
8 21
8 31
8 61
9 12
9 14
9 26
9 32
9 40
9 64
10 8
10 15
10 20
10 22
10 30
10 31
10 53
10 65
11 2
11 10
11 12
11 15
11 20
11 22
11 24
11 32
11 35
11 36
11 41
11 44
11 65
12 19
12 23
12 30
12 45
12 49
12 51
12 55
13 9
13 11
13 19
13 21
13 25
13 34
13 38
13 45
13 56
14 13
14 19
14 38
14 44
15 1
15 4
15 5
15 7
15 10
15 33
15 60
15 61
16 2
16 30
16 46
16 48
17 1
17 13
17 14
17 15
17 46
17 49
17 64
18 10
18 13
18 15
18 19
18 38
18 46
19 2
19 28
19 56
19 63
20 23
20 29
20 33
20 54
21 13
21 17
21 30
21 54
22 10
22 24
22 35
22 40
22 41
22 47
22 51
22 60
23 4
23 12
23 15
23 18
23 30
23 35
23 57
24 65
25 13
25 15
25 20
25 30
25 48
25 53
25 56
25 64
26 7
26 24
26 33
26 43
26 45
26 52
26 54
26 61
27 46
27 48
27 49
27 54
28 11
28 13
28 16
28 38
28 51
28 64
29 13
29 24
29 33
29 44
29 52
29 53
29 63
30 11
30 19
30 22
30 52
31 10
31 13
31 23
32 18
32 24
32 41
32 47
32 65
33 35
33 42
33 46
33 47
33 49
33 55
33 61
33 62
34 2
34 15
34 18
34 23
34 26
34 61
34 64
35 12
35 13
35 17
35 21
35 26
35 41
35 48
35 59
36 17
36 27
36 43
36 50
36 52
36 54
37 8
37 20
37 21
37 35
37 58
37 60
37 61
38 3
38 25
38 28
38 33
38 46
38 62
38 65
39 25
39 28
39 36
39 37
39 47
39 49
39 52
40 11
40 17
40 28
40 32
40 43
40 44
40 47
40 49
40 51
40 59
41 7
41 19
41 21
41 48
41 59
42 10
42 15
42 35
42 36
42 43
43 2
43 16
43 25
43 52
43 55
43 56
43 62
44 19
44 20
44 21
44 24
44 28
44 43
44 46
44 48
44 57
44 59
44 63
45 9
45 23
45 34
45 35
45 36
45 37
45 47
45 51
45 65
46 4
46 11
46 15
46 23
46 39
46 61
47 1
47 18
47 42
47 57
47 63
48 6
48 23
48 27
48 44
48 51
48 56
48 62
48 63
49 7
49 23
49 26
49 30
49 42
49 59
50 7
50 11
50 15
50 40
50 51
50 59
51 3
51 14
51 17
51 25
51 36
51 45
52 23
52 33
52 56
52 65
53 2
53 19
53 27
54 8
54 24
54 41
54 55
54 57
55 11
55 12
55 14
55 15
55 23
55 40
55 60
56 17
56 22
56 50
57 4
57 35
57 45
58 18
58 23
58 26
58 35
58 45
59 15
59 19
59 20
59 25
59 26
59 39
59 50
59 53
59 55
60 20
60 31
60 40
60 42
60 57
61 11
61 15
61 18
61 30
61 44
61 51
62 13
62 20
62 25
62 27
62 31
62 36
62 38
62 59
63 14
63 22
63 44
63 53
63 56
63 61
63 62
64 14
64 16
64 19
64 25
64 30
64 36
64 42
64 47
64 48
65 7
65 10
65 16
65 19
65 20
65 37
65 42
65 45
65 49
65 60
65 62
Loss 0 21 0 0 0 0 14 0 0 72 0 30 0 7 0 0 0 0 0 0 0 0 0 32 0 0 0 0 0 0 0 0 0 0 0 0 0 0 0 0 0 0 0 0 0 0 0 0 35 0 0 0 0 0 0 51 0 0 0 0 0 49 0 14 0 
