32 <--# of nodes, 103 edges
1 28
2 4
2 5
2 30
3 4
3 15
3 17
3 21
3 26
4 5
4 15
4 20
4 24
4 25
4 28
5 24
6 21
6 27
6 30
7 8
7 16
7 18
7 21
7 23
7 25
7 27
8 28
9 21
9 29
9 30
10 4
10 20
10 21
11 7
11 8
11 16
11 21
11 25
11 27
12 2
12 6
12 18
12 19
12 22
13 4
13 22
14 1
15 2
15 3
15 13
15 14
15 24
15 32
16 8
16 26
17 11
17 15
17 19
17 23
17 24
17 31
18 6
18 10
18 24
19 9
19 14
19 17
19 21
19 28
20 13
20 14
20 26
20 30
20 32
21 31
22 9
22 11
22 16
22 26
23 2
23 14
23 31
24 2
24 10
24 25
25 10
25 12
25 24
26 4
28 11
28 23
29 2
29 11
29 21
29 25
30 3
30 5
30 12
30 15
31 12
31 16
32 15
32 25
Loss 0 0 0 0 0 0 0 0 0 0 0 0 0 0 0 0 0 0 0 0 0 0 0 15 0 0 0 0 0 55 93 0 
