70 <--# of nodes, 506 edges
1 18
1 40
1 64
2 17
2 40
3 2
3 13
3 34
3 52
3 57
3 58
3 59
4 8
4 9
4 14
4 16
4 25
4 34
4 43
4 44
4 60
4 62
5 23
5 26
5 32
5 39
5 43
5 48
5 62
6 2
6 9
6 17
6 22
6 36
6 47
6 60
6 61
6 65
6 69
7 13
7 15
7 19
7 20
7 23
7 35
7 53
8 4
8 5
8 11
8 12
8 26
8 49
8 54
9 11
9 18
9 20
9 29
9 37
9 44
9 50
9 59
9 61
9 62
10 5
10 16
10 24
10 27
10 40
10 54
10 59
10 62
10 64
11 28
11 52
12 4
12 6
12 15
12 16
12 27
12 35
12 46
12 57
12 67
13 8
13 17
13 26
13 34
13 36
13 39
13 45
13 64
13 65
13 67
13 68
14 2
14 3
14 20
14 32
14 48
14 68
15 2
15 5
15 14
15 27
15 40
15 59
15 63
16 1
16 2
16 12
16 20
16 21
16 24
16 35
16 37
16 64
16 68
16 70
17 10
17 32
17 39
17 60
18 22
18 29
18 35
18 45
18 50
18 51
18 56
18 59
19 14
19 25
19 29
19 37
19 56
19 58
20 14
20 18
20 39
21 2
21 6
21 15
21 18
21 27
21 41
21 59
21 61
21 65
22 12
22 15
22 16
22 24
22 28
22 38
22 55
22 59
22 64
23 7
23 11
23 41
23 54
23 57
24 3
24 4
24 39
24 43
24 49
24 57
24 59
25 13
25 22
25 32
25 41
25 43
25 47
25 53
26 4
26 21
26 38
26 46
26 49
26 59
26 64
27 1
27 29
27 38
27 50
27 56
27 57
27 58
27 60
27 62
28 48
28 63
29 21
29 58
29 62
29 70
30 1
30 16
30 17
30 24
30 28
30 31
30 68
31 13
31 25
31 35
31 36
31 37
31 44
31 51
31 52
31 63
32 17
32 28
32 37
32 50
33 8
33 12
33 15
33 18
33 22
33 48
33 56
34 1
34 5
34 7
34 13
34 30
34 32
34 40
34 41
34 44
35 5
35 20
35 36
35 53
35 56
35 57
35 59
35 65
35 66
36 1
36 12
36 15
36 18
36 42
36 56
36 66
36 69
37 15
37 24
37 27
37 28
37 29
37 36
37 42
37 56
37 61
37 69
38 11
38 16
38 18
38 34
38 37
38 49
39 6
39 9
39 12
39 14
39 19
39 24
39 34
39 35
39 51
39 67
40 11
40 16
40 26
40 32
40 50
40 57
41 6
41 9
41 10
41 27
41 28
41 46
41 50
41 51
41 66
42 1
42 2
42 15
42 28
42 34
42 43
42 55
42 67
43 36
43 50
43 60
43 69
44 24
44 68
45 18
45 27
45 31
45 51
45 52
45 55
45 61
45 65
46 10
46 16
46 18
46 19
46 31
46 38
46 42
46 47
46 52
46 59
46 69
47 23
47 26
47 28
47 39
47 54
47 56
48 35
48 45
48 53
48 59
48 69
49 8
49 14
49 16
49 21
49 24
49 28
49 29
49 31
49 41
49 47
49 53
49 64
50 2
50 6
50 11
50 32
50 36
50 52
50 64
50 65
50 67
51 2
51 3
51 22
51 29
51 34
51 35
51 36
52 8
52 30
52 35
52 37
52 48
52 53
52 56
53 2
53 8
53 10
53 15
53 34
53 35
53 38
53 66
53 67
53 68
54 18
54 22
54 41
54 61
55 3
55 15
55 34
55 48
55 50
55 54
55 61
55 66
56 5
56 28
56 30
56 32
56 38
56 43
56 51
56 60
57 2
57 8
57 24
57 26
57 32
57 48
57 59
57 69
58 2
58 3
58 34
58 49
58 51
58 53
58 65
59 1
59 25
59 42
59 49
60 2
60 5
60 8
60 14
60 25
60 29
60 35
60 43
60 57
61 21
61 22
61 23
61 28
61 31
61 38
61 42
61 66
61 70
62 1
62 24
62 28
62 33
62 42
62 43
62 45
62 53
62 58
63 12
63 39
63 41
63 59
63 67
64 9
64 23
64 25
64 32
64 45
64 56
65 26
65 29
65 32
65 54
65 67
65 70
66 10
66 19
66 22
66 31
66 34
66 42
66 53
66 69
67 7
67 24
67 26
67 32
67 51
67 59
67 61
67 62
68 16
68 27
68 37
68 40
68 43
68 50
68 59
68 60
68 61
69 19
69 25
69 29
69 45
69 50
70 10
70 22
70 26
70 33
70 38
70 39
70 42
70 50
70 53
70 59
70 63
70 65
Loss 0 0 54 0 0 0 74 0 0 7 0 0 59 0 0 0 0 0 0 0 0 0 32 0 13 0 0 0 0 0 0 0 0 70 0 0 0 69 0 0 0 0 0 0 0 71 0 0 0 0 46 0 0 0 0 0 0 88 0 0 80 0 14 0 0 0 95 0 0 0 
