64 <--# of nodes, 404 edges
1 10
1 30
1 37
1 40
1 46
1 51
2 19
2 35
2 38
2 58
2 64
3 17
3 22
3 24
3 36
3 49
4 18
4 32
4 36
4 63
4 64
5 28
6 9
6 16
6 27
6 34
7 8
7 15
7 24
7 29
7 31
7 39
7 42
7 48
7 53
8 18
8 20
8 45
8 46
8 48
8 50
9 3
9 5
9 47
9 51
9 59
9 60
9 63
10 3
10 19
10 21
10 34
10 52
10 53
10 56
10 61
11 1
11 39
11 54
11 57
12 7
12 20
12 38
12 42
12 45
12 47
13 12
13 26
13 37
13 42
13 45
13 51
14 1
14 24
14 35
14 42
14 53
14 64
15 26
15 37
15 50
15 53
15 61
15 63
16 4
16 24
16 30
16 41
16 61
17 5
17 11
17 33
17 36
17 40
17 54
17 55
18 1
18 10
18 31
18 35
18 44
18 46
18 48
18 51
18 56
18 62
19 6
19 9
19 27
19 41
19 46
19 49
19 64
20 16
20 25
20 35
20 50
20 52
21 8
21 20
21 25
21 34
21 47
21 53
22 4
22 24
22 29
22 42
22 56
23 1
23 7
23 8
23 13
23 25
23 31
23 32
23 48
23 49
23 59
23 60
24 1
24 2
24 17
24 21
24 26
24 34
24 42
24 55
25 19
25 22
25 46
25 49
25 54
25 60
25 64
26 1
26 2
26 13
26 19
26 24
26 28
26 33
26 34
26 36
26 44
26 57
27 3
27 8
27 23
27 39
28 15
28 24
28 53
28 58
28 61
29 1
29 2
29 14
29 38
29 61
30 8
30 13
30 25
30 47
30 52
30 56
30 57
31 13
31 34
31 37
31 53
31 60
32 28
32 36
32 37
32 41
32 43
32 52
32 64
33 4
33 9
33 26
33 42
33 45
33 52
33 53
33 58
33 60
34 27
34 49
34 55
34 57
35 5
35 19
35 20
35 29
35 32
35 37
35 46
35 50
35 61
36 9
36 21
36 32
36 58
36 62
37 11
37 20
37 22
37 24
37 38
37 42
37 44
37 45
37 55
38 7
38 18
38 19
38 21
38 22
38 23
38 41
39 1
39 2
39 8
39 19
39 29
39 32
39 37
39 62
40 4
40 7
40 9
40 12
40 18
40 23
40 27
40 44
40 45
40 46
40 47
41 1
41 5
41 7
41 52
41 54
41 57
41 63
42 15
42 20
42 25
42 27
42 34
42 50
42 57
42 63
43 3
43 15
43 18
43 23
43 24
43 31
43 45
44 2
44 14
44 30
44 34
44 35
44 50
44 62
45 1
45 9
45 21
45 32
46 15
46 19
46 21
46 28
46 37
46 42
47 18
47 23
47 25
47 35
47 45
47 57
47 63
48 11
48 23
48 24
48 31
48 33
48 58
49 14
49 23
49 25
49 56
49 63
50 1
50 8
50 23
51 33
51 34
51 39
51 40
51 41
51 52
51 61
52 7
52 10
52 19
52 53
52 60
53 3
53 11
53 25
53 26
53 35
53 40
53 63
54 28
54 52
54 58
55 4
55 23
55 24
55 29
55 33
55 39
56 4
56 33
56 45
56 51
56 58
57 27
57 39
57 48
57 49
58 5
58 11
58 51
59 21
59 28
59 50
59 53
59 55
59 60
60 7
60 9
60 10
60 14
60 63
61 2
61 11
61 12
61 15
61 18
61 32
61 47
61 51
61 63
62 3
62 9
62 10
62 26
62 43
62 49
62 52
62 60
62 63
63 6
63 20
63 31
63 48
63 52
63 53
63 55
63 59
64 17
64 23
64 33
64 41
64 45
64 53
Loss 0 0 0 0 0 0 0 0 0 0 0 0 0 0 0 0 0 0 0 0 0 0 0 0 0 0 0 0 0 0 0 0 0 41 8 0 0 0 16 0 0 0 0 0 0 0 0 33 0 0 0 0 10 6 0 0 0 0 0 95 0 0 0 0 
