52 <--# of nodes, 249 edges
1 4
1 18
1 31
1 33
1 34
1 39
1 46
1 48
1 51
2 8
2 14
2 20
2 34
2 42
2 43
3 5
3 6
3 24
4 5
4 12
4 18
4 20
4 29
4 44
4 46
4 49
5 4
5 12
5 27
5 29
5 36
5 45
6 16
6 26
6 27
6 28
6 32
6 37
6 46
6 51
6 52
7 38
8 2
8 3
8 5
8 20
8 21
8 31
8 50
9 7
9 36
9 38
9 39
10 1
10 3
10 15
10 17
10 45
11 5
11 14
11 19
11 26
11 51
11 52
12 14
12 20
13 16
13 18
13 21
13 34
13 42
13 47
14 13
14 22
14 30
15 12
15 20
15 24
15 37
16 7
16 8
16 25
16 30
16 34
16 43
17 6
17 9
17 14
17 15
17 22
18 9
18 20
18 21
18 27
18 32
18 37
19 4
19 31
19 42
19 50
20 2
20 12
20 39
20 41
20 47
20 52
21 9
21 18
21 51
22 46
23 9
23 16
23 22
23 40
23 43
23 48
24 7
24 11
24 31
24 39
24 41
25 6
25 13
25 15
25 31
25 32
26 4
26 9
26 14
26 28
26 40
26 51
27 20
27 48
27 51
28 6
28 34
28 36
28 50
29 34
29 38
29 49
30 31
30 36
30 50
31 3
31 8
31 21
31 51
32 1
32 5
32 6
32 13
32 17
32 33
32 47
32 49
33 29
33 32
33 41
33 44
33 48
33 49
34 4
34 7
34 9
34 11
34 16
34 22
34 46
34 49
35 1
35 12
35 31
35 32
36 20
36 23
36 49
37 14
37 36
37 46
38 9
38 10
38 18
38 25
38 32
38 34
38 35
38 44
38 45
38 49
39 4
39 27
39 30
39 36
39 45
39 46
39 51
41 2
41 14
41 20
41 21
41 29
41 36
41 38
42 20
43 17
43 18
43 32
43 41
43 46
44 16
44 29
45 4
45 12
45 35
45 46
46 18
46 38
47 18
48 7
48 12
48 25
48 28
48 29
48 31
48 41
48 46
49 7
49 10
49 14
49 35
49 37
49 41
50 5
50 16
50 21
50 25
50 28
50 31
50 45
51 16
51 21
51 23
51 26
51 34
51 46
52 12
52 14
Loss 0 0 38 0 0 0 0 79 0 0 0 64 7 0 0 0 50 0 65 0 64 0 0 0 0 0 0 0 0 0 0 66 0 0 0 0 64 0 0 0 0 0 0 43 0 0 0 0 42 0 0 0 
