59 <--# of nodes, 373 edges
1 5
1 7
1 9
1 25
1 43
1 47
1 56
2 3
2 4
2 20
2 21
2 36
2 57
3 23
3 24
3 26
3 34
3 38
3 40
3 58
4 16
4 31
4 33
4 38
5 35
5 38
5 41
5 50
6 2
6 7
6 9
6 10
6 17
6 30
6 37
6 53
7 5
7 12
7 32
7 34
7 52
7 53
7 59
8 9
8 21
8 22
8 34
8 50
9 19
9 35
9 37
9 42
9 45
9 47
9 53
10 17
10 21
10 28
11 2
11 21
11 26
11 43
11 59
12 2
12 3
12 6
12 29
12 39
12 43
12 55
13 1
13 5
13 15
13 17
13 28
13 39
13 43
14 2
14 29
14 37
14 38
14 49
14 56
15 1
15 17
15 18
15 20
15 29
15 39
15 45
15 56
16 2
16 4
16 5
16 13
16 14
16 19
16 24
16 29
16 42
16 47
16 52
16 53
17 23
17 24
17 27
17 39
17 52
18 4
18 13
18 35
18 36
18 43
18 46
19 7
19 46
20 8
20 11
20 15
20 19
20 22
20 25
20 49
20 50
21 32
21 36
21 41
22 3
22 6
22 10
22 26
22 42
22 45
23 13
23 16
23 19
23 38
23 48
23 55
24 4
24 7
24 8
24 21
24 33
24 46
25 2
25 21
25 29
25 31
25 32
25 33
25 35
25 38
25 51
25 52
26 7
26 9
26 12
26 19
26 20
26 32
26 45
26 56
27 20
27 25
27 33
27 59
28 9
28 19
28 20
28 22
28 55
28 57
28 59
29 5
29 23
29 26
29 57
30 9
30 15
30 17
30 19
30 31
30 36
30 55
31 1
31 43
31 50
31 55
32 6
32 36
32 43
32 56
32 58
32 59
33 28
33 35
33 43
34 13
34 19
34 21
34 25
34 27
34 28
34 41
35 9
35 15
35 50
35 52
36 13
36 22
36 38
36 54
36 58
37 20
37 44
37 50
38 4
38 8
38 12
38 16
38 29
38 37
38 40
38 45
38 46
38 49
38 52
39 7
39 9
39 12
39 36
39 42
39 57
39 58
40 7
40 20
40 23
40 25
40 42
40 48
40 49
41 47
41 53
41 57
41 58
41 59
42 23
42 32
42 47
42 48
42 52
43 1
43 8
43 12
43 25
43 45
43 48
43 49
43 52
43 53
43 54
44 1
44 8
44 9
44 17
44 21
44 23
44 25
44 26
44 30
44 41
44 45
44 51
44 58
45 5
45 25
45 38
45 58
46 14
46 22
46 24
46 30
46 48
46 53
46 57
47 1
47 17
47 18
47 31
47 32
47 42
47 53
47 59
48 1
48 4
48 20
48 21
48 22
48 23
48 27
48 32
48 35
48 41
48 46
48 49
48 52
48 54
49 2
49 5
49 9
49 13
49 15
49 19
49 33
49 40
49 47
50 4
50 27
50 35
50 39
50 42
50 48
51 6
51 12
51 15
51 23
51 24
51 36
51 50
52 4
52 5
52 21
52 34
52 43
52 46
52 56
53 5
53 10
53 17
53 25
53 36
53 38
53 58
54 1
54 7
54 24
54 28
54 29
54 43
54 51
54 57
55 9
55 11
55 17
55 21
55 22
55 33
55 48
55 51
56 31
56 44
57 50
58 3
58 4
58 5
58 11
58 50
58 51
59 6
59 8
59 33
59 35
Loss 0 0 88 0 0 0 0 0 0 0 0 0 0 0 0 0 0 0 4 0 66 0 0 0 0 0 0 0 0 0 0 21 0 0 0 0 79 0 0 0 0 0 99 0 0 45 0 0 0 0 0 0 0 0 0 0 38 0 0 
