46 <--# of nodes, 188 edges
1 4
1 30
2 12
2 13
2 28
3 46
4 3
4 26
4 34
4 36
4 38
5 24
5 33
6 3
6 16
6 28
6 34
6 37
6 41
7 1
7 13
7 16
7 38
8 10
8 26
8 27
8 35
8 45
9 10
9 11
9 19
9 32
9 38
9 39
10 5
10 15
10 25
10 42
10 46
11 1
11 3
12 25
12 33
12 34
13 4
13 19
13 22
13 44
13 46
14 2
14 4
14 11
14 12
14 34
15 12
15 20
15 27
16 2
16 6
16 17
16 28
16 36
16 39
17 15
17 24
17 28
17 38
17 40
17 44
18 20
18 38
18 41
19 5
19 15
19 20
19 25
19 32
20 15
20 29
20 35
20 41
20 42
21 22
22 1
22 24
23 18
23 45
23 46
24 29
24 31
25 13
25 14
25 24
25 41
25 46
26 27
26 38
27 3
27 11
27 43
27 46
28 7
28 24
28 33
29 9
29 15
29 20
29 24
29 35
29 41
30 12
30 34
30 36
31 39
32 1
32 6
32 12
32 16
32 17
32 36
32 43
32 46
33 7
33 28
33 37
34 3
34 4
35 27
35 30
35 31
35 44
36 18
36 32
36 37
37 7
37 28
37 30
37 33
37 39
37 43
38 1
38 3
38 15
38 25
38 29
38 33
38 40
39 8
39 12
39 20
39 29
39 35
39 36
40 10
40 11
40 25
40 43
41 24
42 1
42 2
42 5
42 26
42 31
42 32
42 37
43 4
43 16
43 17
43 19
43 24
43 28
43 35
43 39
43 40
44 1
44 7
44 8
44 29
44 34
45 8
45 15
45 20
45 24
45 39
45 44
46 7
46 21
46 34
Loss 0 0 0 0 40 0 0 0 52 0 0 0 0 0 0 64 19 0 0 0 41 0 0 0 0 0 0 0 21 0 0 86 0 0 6 60 0 0 0 0 10 0 0 0 0 0 
