51 <--# of nodes, 276 edges
1 8
1 19
1 24
1 30
1 31
2 5
2 23
2 29
2 35
2 46
3 5
3 19
3 23
3 27
3 29
3 42
3 45
4 5
4 20
4 29
4 37
4 41
4 51
5 10
5 15
5 24
5 25
5 30
5 34
5 38
5 41
5 49
6 1
6 7
6 37
6 44
7 43
7 46
7 47
7 51
8 2
8 12
8 36
8 44
9 1
9 19
9 32
9 36
10 8
10 16
10 23
10 24
10 29
10 31
10 43
11 7
11 20
11 24
11 26
11 32
11 34
11 42
11 49
12 28
12 31
12 35
12 48
13 2
13 3
13 10
13 16
13 21
13 33
13 51
14 2
14 12
14 15
14 20
14 23
14 25
15 16
15 24
15 31
16 13
16 26
16 28
16 32
16 39
16 43
17 4
17 9
17 13
17 22
17 25
17 31
17 51
18 51
19 2
19 23
19 27
19 34
19 35
19 48
19 50
20 6
20 15
20 21
20 34
21 3
21 26
21 27
22 30
22 31
22 35
22 42
22 47
23 2
23 6
23 25
23 31
24 7
24 19
24 28
24 43
25 13
25 14
25 35
25 43
25 47
26 10
26 12
26 23
26 29
26 30
26 32
26 47
27 8
27 10
27 21
27 23
27 32
27 46
27 48
28 2
28 4
28 8
28 14
28 27
28 38
28 41
28 51
29 32
29 34
29 38
29 44
30 15
30 17
30 31
30 32
31 2
31 13
31 24
32 10
32 41
32 42
33 6
33 11
33 17
33 19
33 26
33 28
33 47
34 2
34 19
34 24
34 26
34 40
34 46
35 3
35 13
35 28
35 29
35 30
35 39
35 44
35 45
35 46
35 50
36 8
36 12
36 41
37 1
37 5
37 6
37 15
37 17
37 28
37 31
37 48
38 2
38 6
38 14
38 16
38 17
38 30
38 32
38 35
38 47
39 7
39 8
39 10
39 17
39 42
39 51
40 1
40 7
40 8
40 13
40 25
40 33
40 34
40 35
40 50
41 5
41 13
41 31
41 50
42 2
42 8
42 9
42 33
42 35
43 10
43 23
43 28
44 4
44 16
44 20
44 23
44 29
44 42
45 23
45 27
45 29
45 30
45 34
45 38
46 7
46 8
46 21
46 39
46 49
47 4
47 9
47 15
47 41
47 49
48 14
48 16
48 17
48 18
48 29
48 44
48 47
49 13
49 19
49 29
49 39
50 5
50 14
50 19
50 49
50 51
51 15
51 42
51 50
Loss 0 8 0 0 0 0 3 1 0 0 25 29 0 0 89 0 0 0 61 0 18 0 0 0 0 0 0 0 56 96 0 12 0 0 0 58 58 47 21 0 0 30 0 0 0 0 0 0 0 0 99 
