52 <--# of nodes, 252 edges
1 4
1 11
1 15
1 26
1 32
1 38
1 41
1 47
1 52
2 5
2 14
2 20
2 27
2 42
2 46
2 49
3 17
3 48
3 49
3 52
4 33
4 40
5 11
5 12
5 19
5 25
5 33
5 48
6 1
6 9
6 15
6 16
7 6
7 14
7 17
7 21
7 47
8 16
8 18
8 20
8 29
8 30
8 34
8 37
8 41
9 3
9 22
9 29
9 35
9 41
9 42
9 43
10 24
10 25
10 36
10 42
11 18
11 24
11 26
11 28
11 44
11 50
12 16
12 24
13 3
13 37
13 42
13 43
13 45
13 46
13 48
14 49
15 17
15 34
16 2
16 10
16 30
16 37
17 6
17 11
17 22
17 37
17 43
18 1
18 7
18 26
18 30
18 31
18 41
19 11
19 21
19 25
19 30
19 31
20 12
20 47
20 48
20 52
21 9
21 13
21 18
21 31
21 50
22 7
22 28
22 32
22 41
23 51
24 8
24 11
24 15
24 33
24 37
25 1
25 11
25 22
25 28
25 32
25 33
25 47
25 49
26 12
26 21
26 35
26 46
26 49
27 1
27 26
27 41
27 47
28 19
28 34
28 41
29 4
29 23
29 24
29 42
29 49
29 50
30 7
30 10
30 21
31 1
31 6
31 11
31 30
31 51
32 2
32 3
32 14
32 25
32 27
32 35
32 44
32 50
33 18
33 19
33 35
34 13
34 14
34 39
35 4
35 6
35 18
35 30
35 32
35 39
35 46
36 10
36 19
36 26
36 28
36 31
36 37
37 4
37 16
37 19
37 20
37 30
37 44
37 47
38 4
38 12
38 16
38 31
38 44
38 48
39 9
39 11
39 12
39 15
39 25
39 31
39 42
39 43
39 45
40 25
40 27
40 37
41 27
41 39
41 40
42 14
42 15
42 25
42 28
42 29
42 30
42 38
42 51
43 6
43 8
43 9
43 10
43 19
43 32
43 37
44 16
45 1
45 4
45 28
45 32
45 35
45 44
45 47
46 5
46 11
46 12
46 15
46 47
46 48
47 24
47 29
47 37
48 9
48 28
48 30
48 37
49 22
49 25
49 26
49 42
50 1
50 19
50 47
51 7
51 12
51 17
51 45
51 46
52 15
52 39
Loss 0 0 0 31 0 0 0 0 0 0 0 0 0 81 59 0 0 0 0 55 69 0 0 0 42 0 0 0 0 0 0 27 0 0 0 0 0 0 0 0 0 0 0 0 0 0 8 0 64 0 0 0 
