44 <--# of nodes, 185 edges
1 3
1 14
1 42
1 44
2 3
2 8
2 21
2 37
2 41
3 5
3 9
3 33
3 38
3 43
4 14
4 20
4 23
4 33
4 44
5 10
5 11
5 13
5 19
6 9
6 14
6 21
6 23
6 29
6 41
7 15
7 17
8 7
8 16
8 23
8 29
9 1
9 18
9 29
9 30
10 5
10 38
11 2
11 24
11 27
12 6
12 19
12 33
13 19
13 24
13 31
13 39
14 34
14 36
14 39
14 43
15 35
15 42
16 25
16 34
16 39
17 18
17 35
18 4
18 6
18 7
18 11
18 32
18 44
19 5
19 33
19 36
20 5
20 29
21 2
21 11
21 15
21 28
21 29
21 40
22 1
22 9
22 33
22 38
22 40
23 7
23 15
23 24
23 28
24 5
24 6
24 20
24 30
24 34
25 11
25 30
25 39
25 41
26 9
26 19
26 23
26 36
27 4
27 23
27 33
28 9
28 39
28 41
28 44
29 7
29 12
29 32
29 38
30 1
30 8
31 3
31 5
31 11
31 21
31 30
31 33
31 38
31 39
31 43
32 3
32 28
32 31
32 41
33 1
33 11
33 20
33 24
33 37
33 38
34 19
34 21
34 25
34 43
35 3
35 9
35 11
35 20
35 31
35 32
35 34
35 39
35 44
36 1
36 11
36 31
37 2
37 9
38 4
38 7
38 8
38 14
38 19
38 42
39 6
39 9
39 15
39 33
39 36
40 6
40 11
40 26
40 43
41 2
41 10
41 11
41 27
41 28
41 33
42 3
42 21
42 44
43 21
43 31
43 38
43 40
44 10
44 12
44 14
44 31
44 32
44 34
Loss 0 0 0 0 0 0 30 0 0 0 0 0 0 0 75 92 90 0 73 0 0 0 0 97 34 0 58 0 0 0 0 89 0 0 0 0 0 0 0 0 91 0 0 54 
