46 <--# of nodes, 233 edges
1 6
1 9
1 13
1 45
2 14
2 17
2 19
2 28
2 36
3 17
3 28
3 32
3 39
3 46
4 6
4 39
5 2
5 25
5 26
6 12
6 13
6 17
6 24
6 43
7 12
7 13
7 23
7 25
8 1
8 4
8 14
8 18
8 33
8 34
8 39
9 17
9 30
9 41
10 3
10 11
10 27
10 37
10 43
11 17
11 25
11 29
11 44
12 1
12 11
12 14
12 19
12 23
12 27
12 30
12 38
12 40
13 1
13 10
13 11
13 14
13 16
13 21
13 30
13 35
14 20
14 28
14 33
14 35
14 37
15 4
15 7
15 13
15 16
15 24
15 33
16 13
16 18
16 29
16 36
17 8
17 20
17 36
17 40
17 46
18 9
18 12
18 24
18 31
18 32
18 39
18 41
19 7
19 10
19 12
19 16
19 25
19 33
19 40
20 37
21 8
21 26
21 35
22 2
22 3
22 10
22 17
22 18
22 24
22 33
23 8
23 16
23 22
23 26
23 29
23 39
24 4
24 5
24 14
24 16
24 31
24 43
25 2
25 46
26 8
26 9
26 11
26 16
26 20
26 23
26 24
26 33
26 44
27 18
27 38
27 39
27 41
27 44
28 2
28 21
28 30
28 31
28 36
28 37
28 42
29 15
29 19
29 25
29 28
29 34
29 44
30 10
30 20
30 21
30 28
30 44
31 18
32 10
32 12
32 16
32 20
32 30
33 13
33 21
33 24
33 25
33 28
33 40
33 44
34 2
34 11
34 14
34 21
34 25
34 43
35 10
35 20
35 28
35 31
35 43
35 45
35 46
36 2
36 3
36 13
36 29
36 32
36 45
37 2
37 26
37 29
38 15
38 25
39 12
39 19
39 26
39 32
39 40
40 4
40 11
40 12
40 23
40 37
41 4
41 33
41 45
41 46
42 6
42 7
42 14
42 17
42 35
42 41
43 3
43 5
43 11
43 14
43 21
43 28
43 38
44 16
44 17
44 21
44 42
45 33
45 38
46 4
46 20
46 24
46 28
46 29
46 32
46 33
46 44
Loss 0 0 0 0 34 0 0 65 0 50 0 29 0 0 0 0 0 79 0 0 0 0 0 0 0 0 0 0 9 0 0 8 0 0 0 4 0 0 0 0 0 94 0 0 0 0 
