54 <--# of nodes, 272 edges
1 4
1 8
1 16
1 33
1 36
1 38
1 39
1 47
2 17
2 33
2 43
3 13
3 25
3 27
3 35
3 39
4 11
4 16
4 29
4 30
4 35
4 51
4 52
5 3
5 17
5 25
5 45
5 51
6 5
6 24
6 34
7 33
7 36
7 37
8 7
8 9
8 35
8 40
9 24
9 28
9 37
9 42
9 44
9 49
9 50
9 52
10 24
10 31
10 39
10 40
11 27
11 34
11 37
11 40
12 9
12 18
12 21
12 32
12 43
12 47
12 54
13 19
13 40
13 50
14 15
14 17
14 18
14 20
14 23
14 36
14 50
15 6
15 26
15 39
15 42
15 53
16 28
16 31
16 44
17 8
17 26
17 31
17 47
17 53
18 3
18 4
18 26
18 50
19 1
19 21
19 26
19 40
19 49
19 50
19 51
20 13
20 17
20 33
20 52
21 2
21 32
21 36
21 40
21 44
21 52
22 6
22 13
22 17
22 23
22 26
22 36
22 44
23 7
23 35
24 8
24 16
24 21
24 28
24 39
24 42
24 44
24 47
24 49
24 51
25 8
25 33
25 35
25 39
25 47
25 48
25 51
26 24
26 34
27 14
27 22
28 31
28 35
28 40
28 41
28 50
28 52
28 53
29 13
29 26
29 32
30 19
30 20
31 17
31 36
31 42
32 5
32 21
32 24
32 26
32 33
32 38
32 48
32 49
32 54
33 10
33 24
33 30
33 36
33 52
34 3
34 11
34 38
35 3
35 19
35 26
35 44
35 50
36 3
36 20
36 21
36 28
36 29
36 31
36 38
36 39
36 40
36 51
37 1
37 13
37 22
38 15
38 20
38 26
38 47
39 34
39 36
39 46
39 53
40 1
40 9
40 30
40 35
40 45
40 53
41 9
41 15
41 21
41 31
41 44
41 49
41 51
42 4
42 5
42 7
42 9
42 10
42 13
42 19
42 26
42 33
42 47
42 52
42 54
43 4
43 5
43 17
44 9
44 11
44 25
44 27
44 30
44 32
44 38
44 42
44 52
45 5
45 14
45 24
45 29
45 39
45 48
45 53
46 1
46 16
46 34
47 1
47 9
47 19
47 20
47 26
47 33
47 49
48 13
48 24
48 30
48 36
48 49
49 22
49 23
49 35
49 39
49 45
49 50
50 3
50 16
50 22
51 7
51 14
52 32
52 42
52 48
53 4
53 16
53 34
54 18
54 26
54 47
Loss 0 0 0 0 14 0 0 0 0 0 64 0 0 66 0 0 0 0 0 0 0 0 0 4 34 25 0 0 0 0 0 0 0 0 0 0 0 0 0 0 0 0 0 0 0 0 0 0 14 0 0 0 38 0 
