43 <--# of nodes, 185 edges
1 12
1 15
1 24
1 38
1 39
2 4
2 7
3 8
3 9
3 16
3 17
3 33
3 36
3 37
4 1
4 20
4 35
4 42
5 17
5 18
5 22
5 23
5 25
5 27
5 32
5 37
6 35
6 37
6 43
7 8
7 10
7 18
7 36
9 7
9 15
9 21
9 26
9 30
9 37
9 41
10 1
10 12
10 26
10 29
10 30
11 18
11 22
11 24
11 34
11 38
11 39
11 43
12 3
12 4
12 6
12 23
12 34
13 15
13 40
13 41
13 42
14 3
14 4
14 6
14 15
14 16
14 35
14 41
15 13
15 32
16 19
16 23
17 2
17 10
17 30
18 2
18 33
18 36
19 11
19 17
19 18
19 21
19 23
19 26
20 9
20 21
20 25
20 28
20 32
20 35
21 25
22 2
22 6
22 16
22 19
22 25
22 30
22 33
22 41
23 5
23 15
23 17
23 18
24 6
24 19
24 30
25 1
25 12
26 3
26 14
26 15
26 18
26 24
26 28
27 14
27 17
27 20
27 32
27 38
28 5
28 14
29 31
29 38
30 4
30 16
30 18
31 11
31 38
31 41
32 3
32 6
32 12
32 15
32 38
32 41
33 17
33 19
33 28
33 41
34 1
34 5
34 12
34 20
34 21
34 26
34 43
35 11
35 29
35 32
35 42
36 2
36 6
36 22
36 28
37 10
37 19
37 21
37 22
37 25
37 30
37 34
37 35
37 38
38 7
38 18
38 19
38 20
38 37
39 11
39 22
39 34
40 4
40 11
40 34
40 37
41 2
41 14
41 28
41 35
42 1
42 13
42 25
42 40
43 6
43 34
Loss 0 79 0 0 0 0 0 0 0 0 29 0 0 0 0 0 0 0 0 0 49 0 23 59 0 0 44 39 0 0 20 0 6 0 0 0 0 34 0 90 65 0 0 
