46 <--# of nodes, 210 edges
1 8
1 12
1 15
1 23
1 45
2 4
2 8
2 11
2 35
2 36
3 17
3 18
3 24
3 37
4 7
4 26
4 31
4 45
5 3
5 6
5 15
5 19
5 22
5 23
5 33
5 37
6 13
6 15
6 17
6 18
6 19
6 28
6 32
7 20
7 29
8 2
8 10
8 11
8 12
8 25
8 29
8 39
8 44
8 45
9 38
10 8
10 22
10 34
11 3
11 8
11 16
11 21
11 37
11 46
12 5
12 15
12 36
13 4
13 6
13 9
13 30
14 6
14 8
14 10
14 22
14 38
15 7
15 8
15 26
15 33
15 36
15 40
15 42
16 41
16 42
16 44
17 13
17 33
17 37
17 38
17 39
17 42
18 3
18 8
18 16
18 42
18 43
18 45
19 3
19 43
19 44
20 4
20 10
20 13
20 21
20 27
20 29
20 34
20 37
20 38
21 3
21 6
21 30
22 9
22 19
22 43
24 13
24 29
24 35
24 38
25 6
25 17
25 30
25 31
25 40
26 2
26 6
26 13
26 24
26 25
26 28
26 41
27 6
27 11
27 22
27 33
27 38
27 46
28 12
28 15
28 16
28 20
29 8
30 4
30 8
30 16
30 20
30 24
30 25
30 46
31 3
31 12
31 45
32 16
32 22
32 26
32 44
33 31
33 34
33 38
33 42
34 6
34 9
34 25
34 36
34 37
35 8
35 16
35 19
35 28
35 32
35 38
35 43
35 46
36 11
36 22
36 28
37 1
37 5
37 26
37 42
38 3
38 9
38 21
38 22
38 32
38 45
39 1
39 20
39 22
39 35
39 37
39 41
39 42
40 6
40 9
40 26
40 39
41 25
41 44
42 19
42 26
42 33
43 1
43 2
43 23
43 34
44 4
44 35
44 40
45 16
45 17
45 18
45 24
45 25
45 38
45 41
46 19
46 26
46 28
Loss 0 52 0 0 71 0 0 0 0 0 9 0 0 2 0 0 0 0 0 0 0 0 0 0 14 0 0 0 0 0 0 0 44 0 0 72 0 0 77 0 0 43 0 0 0 46 
