29 <--# of nodes, 70 edges
1 5
1 17
1 20
1 22
2 1
3 8
4 10
4 11
4 14
6 10
6 23
7 1
7 4
7 12
7 28
8 2
8 19
8 26
9 8
9 12
10 5
10 8
10 16
10 20
11 15
11 24
12 5
12 22
12 26
13 11
13 18
14 27
15 11
15 21
16 6
16 10
16 12
16 27
17 5
18 3
18 17
18 20
19 8
19 12
19 15
19 23
19 28
19 29
20 5
20 14
20 17
20 21
20 29
21 10
21 29
22 23
23 11
23 17
23 26
24 9
24 16
25 10
25 18
26 3
26 4
27 5
27 21
28 19
28 26
29 5
Loss 0 97 0 29 0 0 0 0 14 0 0 63 0 0 88 0 0 0 0 19 0 0 0 0 0 0 0 0 30 
