65 <--# of nodes, 408 edges
1 11
1 19
1 30
1 41
1 51
1 63
2 10
2 11
2 49
2 51
2 63
3 28
3 38
3 58
4 5
4 26
4 27
4 31
4 45
4 46
4 47
4 54
4 58
4 65
5 17
5 19
5 53
5 58
5 61
6 3
6 12
6 49
6 52
7 22
7 31
7 40
7 42
8 5
8 19
8 52
8 53
8 57
8 59
8 65
9 2
9 5
9 7
9 25
9 34
9 54
10 14
10 18
10 46
10 56
10 57
11 12
11 18
11 24
11 26
11 47
11 52
11 60
12 9
12 19
12 23
12 26
12 33
12 35
12 41
12 49
12 62
12 63
13 2
13 12
13 14
13 23
13 24
13 28
13 30
13 34
13 36
13 40
13 42
13 44
13 49
13 57
14 17
14 22
14 42
14 52
14 64
15 10
15 21
15 24
15 31
15 42
15 46
15 55
15 58
16 6
16 19
16 28
16 29
16 33
16 49
16 50
17 8
17 18
18 2
18 5
18 6
18 8
18 23
18 30
18 43
18 44
18 57
18 59
18 63
19 14
19 15
19 18
19 36
19 43
19 54
19 63
20 4
20 42
20 59
21 3
21 55
21 59
21 64
22 14
22 24
22 49
22 65
23 1
23 27
23 32
23 40
23 44
23 48
23 62
24 14
24 18
24 31
24 34
24 44
24 47
24 48
24 51
24 58
25 8
25 10
25 46
25 52
25 56
25 57
25 60
26 6
26 7
26 12
26 17
26 38
26 56
26 61
27 14
27 34
27 37
27 46
27 56
28 1
28 14
28 33
28 61
28 63
29 18
29 19
29 37
29 61
29 64
30 7
30 17
30 18
30 19
30 40
30 53
30 54
31 2
31 9
31 23
31 35
31 41
32 1
32 20
32 21
32 24
32 27
32 41
32 46
32 49
32 50
33 2
33 23
33 25
33 29
33 49
34 19
34 60
35 11
35 17
35 44
35 49
35 56
36 10
36 11
36 30
36 45
37 5
37 12
37 16
37 25
37 26
37 38
37 47
37 60
38 12
38 23
38 30
38 40
38 42
38 51
38 56
39 13
39 38
39 48
39 54
39 55
40 8
40 21
40 27
40 35
40 41
41 32
41 37
41 48
41 55
41 57
42 9
42 13
42 28
42 49
42 52
42 55
43 17
43 24
43 41
43 49
43 58
44 16
44 21
44 35
44 45
44 49
44 55
44 57
45 9
45 11
45 12
45 31
45 32
45 48
45 64
46 10
46 20
46 21
46 27
46 30
46 35
46 55
46 65
47 16
47 35
47 39
47 49
47 50
47 53
47 58
48 13
48 15
48 36
48 37
48 49
48 54
49 7
49 31
49 40
49 45
49 52
49 54
49 58
49 61
49 63
50 31
50 43
50 64
50 65
51 9
51 33
51 42
51 56
52 12
52 34
52 36
53 1
53 2
53 42
53 48
53 61
54 1
54 7
54 17
54 34
54 36
54 40
54 55
54 59
55 12
55 40
55 56
56 12
56 15
56 17
56 18
56 26
56 35
56 46
56 50
56 59
56 60
56 64
57 5
57 24
57 32
57 40
57 41
57 63
58 31
58 37
58 38
58 40
58 49
59 10
59 17
59 28
59 52
60 9
60 10
60 16
60 18
60 19
60 27
60 32
60 36
60 37
60 58
60 65
61 5
61 11
61 16
61 23
61 33
61 44
61 53
61 58
62 19
62 23
62 32
62 37
62 40
62 59
62 63
62 64
63 1
63 2
63 5
63 6
63 7
63 10
63 11
63 20
63 26
63 30
63 40
63 60
64 2
64 12
64 16
64 30
64 37
64 51
65 21
65 32
65 45
65 46
65 49
65 61
Loss 0 0 0 0 0 0 0 0 21 0 0 0 77 63 0 0 97 0 53 0 0 0 0 0 0 0 99 0 13 0 0 0 0 0 0 0 0 0 0 0 4 0 0 0 0 0 0 0 0 0 0 72 90 0 0 0 0 40 0 26 0 0 0 0 0 
