54 <--# of nodes, 280 edges
1 10
1 13
1 17
1 31
1 32
2 3
2 4
2 5
2 8
2 10
2 11
2 23
2 46
3 5
3 27
3 28
3 32
3 51
3 54
4 28
4 39
4 47
5 9
5 18
5 28
5 30
5 34
5 49
5 51
6 5
6 11
6 12
6 20
6 39
6 52
7 12
7 39
7 43
7 51
8 13
8 24
8 38
8 40
8 47
8 51
9 4
9 18
9 39
10 2
10 17
10 22
10 23
10 48
10 51
11 21
11 22
11 28
12 6
12 20
12 26
12 27
12 38
12 43
13 29
13 39
13 50
14 17
14 19
14 31
14 43
14 46
14 52
15 6
15 12
15 14
15 22
15 24
15 40
15 42
15 48
15 49
15 54
16 3
16 4
16 17
16 31
16 34
16 39
17 8
17 14
17 21
17 29
17 51
18 20
18 46
18 54
19 1
19 38
19 53
19 54
20 2
20 6
20 12
20 19
20 37
20 38
20 41
20 46
20 50
21 7
21 20
21 35
21 44
21 48
22 5
22 16
22 17
22 25
22 29
22 40
22 43
23 18
23 25
23 35
23 44
23 53
25 5
25 7
25 10
25 14
25 31
25 34
25 40
26 8
26 17
26 20
26 32
26 40
26 42
26 50
27 3
27 8
27 18
27 19
27 28
27 34
27 40
27 42
27 43
27 51
28 18
28 21
28 24
28 45
28 54
29 1
29 8
29 24
29 27
29 44
30 1
30 4
30 7
30 17
30 19
30 23
30 26
30 35
30 53
31 3
31 18
31 20
31 24
31 30
31 33
31 36
32 3
32 29
32 49
33 3
33 8
33 10
33 25
33 46
33 50
33 51
34 10
34 13
34 14
34 32
34 40
34 44
34 53
35 8
35 10
35 24
35 45
35 50
36 4
36 13
36 15
36 18
36 25
36 45
36 50
37 26
37 40
37 53
38 9
38 13
38 15
38 34
38 35
38 37
39 13
39 18
39 25
39 41
40 9
40 13
40 28
40 50
40 52
40 53
41 9
41 31
41 32
41 42
41 43
41 48
42 4
42 6
42 9
42 25
42 32
42 33
42 36
42 51
44 42
45 14
46 28
46 32
46 38
47 2
47 3
47 4
47 44
47 51
48 3
48 5
48 30
48 36
48 43
49 5
49 13
49 31
49 34
49 39
50 7
50 31
50 37
50 41
50 47
50 52
51 8
51 26
51 39
51 43
51 49
52 4
52 8
52 31
52 39
53 38
53 39
54 8
54 10
54 35
54 42
54 46
Loss 0 0 21 0 0 0 0 0 0 75 0 0 82 59 0 0 0 71 0 0 0 0 0 0 0 0 0 0 76 0 57 0 0 25 12 0 0 54 0 0 0 0 44 80 24 0 0 0 17 0 20 51 0 0 
