54 <--# of nodes, 300 edges
1 28
1 51
2 3
2 10
2 14
2 16
2 17
2 38
2 44
3 21
3 23
3 28
3 32
3 42
3 49
4 19
4 24
4 54
5 3
5 7
5 25
6 2
6 3
6 16
6 17
6 27
6 33
6 43
7 6
7 30
7 46
7 51
8 15
8 39
9 18
9 36
9 51
10 8
10 12
10 18
10 28
10 49
11 2
11 3
11 25
11 34
11 38
11 41
11 48
11 50
12 30
12 51
12 54
13 28
13 46
14 10
14 12
14 13
14 36
14 49
14 50
15 24
15 31
15 34
16 3
16 7
16 18
16 20
16 26
16 27
16 43
16 50
17 20
17 54
18 20
18 33
18 53
18 54
19 11
19 26
19 46
20 12
20 19
20 31
20 35
20 36
20 41
20 48
21 7
21 13
21 36
21 37
22 13
22 15
22 23
22 33
23 10
23 17
23 18
23 35
23 44
23 47
23 50
24 2
24 11
24 13
24 14
24 15
24 41
24 47
24 48
25 16
25 23
25 27
25 45
26 9
26 12
26 39
26 44
26 48
27 10
27 11
27 14
27 48
27 50
28 1
28 3
28 5
28 20
28 32
28 47
28 48
28 52
29 10
29 11
29 15
29 19
29 34
29 36
29 38
30 19
30 20
30 26
30 33
31 15
31 26
31 27
31 42
31 49
31 52
32 2
32 6
32 34
32 38
32 44
32 45
33 1
33 7
33 8
33 10
33 27
33 29
33 36
34 4
34 6
34 25
34 43
34 53
34 54
35 3
35 14
35 15
35 17
35 22
35 28
35 29
35 31
35 45
35 46
35 48
36 11
36 12
36 15
36 27
36 38
36 43
36 49
37 19
37 35
37 42
37 46
38 17
38 19
38 28
38 46
39 5
39 8
39 14
39 31
39 41
39 43
39 44
40 4
40 7
40 8
40 12
40 49
40 53
41 1
41 9
41 31
41 45
41 46
42 8
42 12
42 14
42 19
42 47
42 53
43 16
43 18
43 20
43 31
43 52
44 4
44 9
44 24
44 25
44 29
44 34
44 36
44 37
44 43
44 53
45 1
45 6
45 13
45 24
45 32
46 3
46 20
46 31
46 36
46 42
46 44
47 1
47 12
47 23
47 34
47 41
47 43
47 51
48 8
48 11
48 19
48 27
48 28
48 43
49 6
49 9
49 52
50 1
50 8
50 10
50 19
50 20
50 24
50 29
50 46
50 48
50 53
51 15
51 17
51 22
51 25
51 29
51 33
51 35
51 49
51 52
52 3
52 20
52 34
52 35
53 4
53 5
53 8
53 18
53 30
53 32
53 40
53 41
53 43
53 51
54 5
54 6
54 11
54 37
54 42
54 44
Loss 0 86 0 0 0 0 0 0 0 0 0 0 0 0 99 0 87 69 0 0 0 0 0 0 0 0 0 0 0 0 0 99 0 0 0 0 0 0 0 5 0 0 0 0 0 62 9 0 0 0 0 0 0 74 
