66 <--# of nodes, 434 edges
1 15
1 21
1 22
1 29
1 43
2 21
2 31
2 42
2 43
2 51
2 56
3 6
3 7
3 8
3 9
3 19
3 22
3 31
3 41
3 45
3 53
3 54
4 13
4 21
4 24
4 32
4 41
4 52
4 54
5 26
5 27
5 32
5 33
5 34
5 39
5 55
6 22
6 43
6 46
6 66
7 23
7 26
7 32
7 36
7 41
7 58
7 60
8 2
8 4
8 7
8 16
8 29
8 40
8 53
8 64
9 1
9 11
9 34
9 36
9 43
9 50
9 61
9 63
10 2
10 4
10 55
10 58
10 61
10 64
11 3
11 16
11 26
11 37
11 41
11 48
11 54
11 60
11 62
12 6
12 14
12 36
12 40
12 46
13 1
13 11
13 21
13 52
13 63
14 4
14 10
14 18
14 30
14 54
14 61
14 64
15 14
15 24
15 28
15 37
15 39
15 41
15 43
15 53
15 60
16 23
16 37
16 49
16 55
16 64
17 16
17 19
17 23
17 26
17 34
17 35
17 47
17 54
18 1
18 3
18 4
18 9
18 10
18 43
18 62
19 28
19 33
19 56
20 10
20 11
20 35
20 36
20 47
20 51
20 63
21 5
21 7
21 15
21 25
21 31
21 34
21 37
21 39
21 46
21 56
21 59
22 6
22 10
22 29
22 36
22 56
23 5
23 8
23 11
23 13
23 14
23 16
23 26
23 39
23 42
23 60
23 62
24 16
24 42
25 30
25 32
26 9
26 27
26 30
26 33
26 37
26 45
26 47
26 48
26 55
27 37
27 47
27 57
28 6
28 59
28 63
29 5
29 15
29 46
29 64
30 4
30 24
30 41
30 52
30 62
30 65
31 20
31 26
31 44
31 45
31 50
31 59
32 30
32 36
32 39
32 43
32 47
32 60
33 6
33 27
33 31
33 43
33 51
33 59
34 15
34 27
34 30
34 32
34 37
34 45
34 56
34 60
35 2
35 4
35 9
35 12
35 17
35 25
35 30
35 39
35 56
36 19
36 30
36 34
36 45
36 57
36 61
37 1
37 2
37 5
37 17
37 19
37 28
37 30
37 31
37 52
37 54
37 55
37 66
38 1
38 9
38 11
38 19
38 29
38 45
38 52
38 58
39 11
39 21
39 22
39 43
39 62
39 64
40 13
40 20
40 48
40 56
40 63
41 10
41 28
41 36
41 52
41 62
41 63
41 66
42 1
42 2
42 13
42 33
42 36
42 51
43 11
43 12
43 25
43 44
43 48
43 54
43 61
44 29
44 39
44 46
45 5
45 15
45 26
45 29
45 31
45 39
45 42
45 60
45 62
46 5
46 7
46 28
46 45
47 14
47 16
47 27
47 33
47 45
47 56
47 66
48 8
48 9
48 31
48 46
49 3
49 11
49 12
49 18
49 40
49 43
49 55
49 57
49 60
49 63
50 7
50 53
50 57
50 60
50 61
51 15
51 21
51 26
51 36
51 41
51 43
51 62
51 66
52 9
52 16
52 39
52 42
52 48
53 18
53 35
53 54
53 57
53 60
53 61
54 3
54 9
54 21
54 25
54 40
54 44
55 4
55 26
55 35
55 44
55 49
55 54
55 64
55 65
56 6
56 14
56 18
56 45
56 52
56 60
57 24
57 29
57 30
57 59
58 15
58 17
58 19
58 20
58 31
58 32
58 56
58 60
59 25
59 28
59 44
59 48
59 49
59 62
60 5
60 18
60 28
60 44
60 54
61 3
61 4
61 20
61 22
61 25
61 36
61 39
61 43
61 44
62 21
62 22
62 25
62 36
62 37
62 40
62 60
62 63
62 65
63 7
63 8
63 9
63 47
63 54
63 59
63 61
64 4
64 7
64 11
64 14
64 32
64 58
64 61
65 6
65 19
65 21
65 22
65 28
65 32
65 34
65 40
65 49
65 66
66 1
66 3
66 5
66 19
66 39
66 42
Loss 0 0 0 0 0 0 0 10 90 0 0 0 0 0 0 0 0 0 78 0 0 0 0 0 0 0 0 0 0 0 0 0 0 0 0 12 0 91 20 58 0 98 0 0 69 0 0 95 0 0 0 0 18 0 0 0 0 0 75 0 58 0 0 68 0 0 
