37 <--# of nodes, 137 edges
1 5
1 10
1 16
1 21
1 37
2 5
2 17
2 24
2 27
2 34
2 37
3 4
3 14
4 31
5 1
5 37
6 9
6 17
6 31
6 35
6 37
7 29
7 36
8 17
8 32
8 35
9 7
9 14
10 6
10 11
10 35
11 13
11 19
11 28
11 29
11 32
11 34
12 1
12 3
12 7
12 11
12 21
13 17
13 29
14 15
14 24
14 28
14 34
14 37
15 6
15 8
15 18
15 25
15 26
15 29
15 32
16 5
16 11
16 14
16 17
17 22
17 35
18 5
18 17
18 19
18 21
18 25
18 34
19 10
19 15
19 25
19 32
19 34
20 13
20 17
20 21
20 22
20 34
21 5
21 10
21 12
21 30
21 31
22 6
22 13
22 20
22 34
23 14
23 20
23 28
24 4
24 6
24 29
24 35
25 1
25 14
25 24
25 33
26 6
26 20
27 3
27 5
27 15
27 17
27 20
27 34
27 35
28 1
28 5
28 26
29 2
29 4
29 6
29 33
30 2
30 27
31 4
31 5
31 16
31 32
32 28
33 1
33 10
33 16
33 19
33 32
34 28
34 31
34 35
35 4
35 21
35 34
36 13
36 31
37 22
37 29
37 34
Loss 0 0 0 0 7 94 0 0 0 31 0 55 97 0 0 0 0 0 0 0 0 0 49 0 0 0 85 0 58 0 77 0 30 39 0 0 0 
