45 <--# of nodes, 206 edges
1 20
1 21
1 28
1 37
1 38
2 12
2 27
2 45
3 11
3 12
3 18
3 21
3 37
3 38
4 37
5 13
5 30
5 41
6 10
6 12
6 23
6 25
6 39
7 15
7 28
7 37
7 38
8 23
8 36
9 15
9 32
10 2
10 13
10 19
10 22
10 44
11 7
11 18
11 26
11 43
11 44
12 5
12 8
12 26
12 33
12 38
12 41
13 34
13 38
13 43
14 2
14 8
14 10
14 12
14 18
14 22
14 32
14 41
14 43
15 6
15 8
15 12
15 19
15 21
15 43
15 44
16 2
16 15
16 19
16 21
16 22
16 28
17 4
17 6
17 14
17 21
17 22
17 45
18 1
18 10
18 11
18 16
19 2
19 24
20 19
20 34
20 42
21 1
21 8
21 38
21 44
22 1
22 3
22 16
22 18
22 25
22 28
23 25
23 42
24 5
24 14
24 27
24 43
24 44
25 1
25 2
25 8
25 33
25 41
26 4
26 30
26 31
26 34
26 45
27 9
27 11
27 16
27 20
27 21
27 35
27 42
28 12
28 14
28 27
28 34
28 38
29 3
29 33
29 36
29 43
30 14
30 23
30 25
30 26
30 31
30 33
30 41
31 23
31 24
31 28
31 40
31 42
32 9
32 13
32 22
32 31
33 7
33 9
33 10
33 11
33 37
33 42
34 1
34 9
34 12
35 10
35 16
36 8
36 11
36 23
36 26
36 27
37 16
37 18
37 31
37 42
38 3
38 12
38 13
39 1
39 14
39 18
39 25
39 31
39 45
40 1
40 21
41 5
41 24
41 25
41 30
41 31
41 33
42 4
42 7
42 8
42 15
42 28
42 29
42 32
42 35
43 15
43 21
43 32
44 2
44 10
44 13
44 17
44 23
44 35
45 4
45 5
45 13
45 22
45 36
45 40
Loss 0 0 0 97 0 35 0 0 0 2 0 0 0 0 0 0 0 59 0 76 0 64 33 0 29 0 0 29 45 0 0 0 13 0 0 0 0 0 0 0 0 0 0 0 0 
