61 <--# of nodes, 366 edges
1 5
1 13
1 21
1 38
1 60
1 61
2 13
2 17
2 33
2 38
2 40
2 58
2 59
2 60
3 13
3 14
3 18
3 35
3 56
3 57
3 60
4 2
4 26
4 32
4 36
4 46
4 49
4 54
4 57
4 61
5 6
5 15
5 16
5 17
5 20
5 45
6 2
6 7
6 22
6 27
6 51
6 52
7 1
7 2
7 9
7 12
7 27
7 38
7 48
8 15
8 57
8 60
9 6
9 20
9 26
9 42
9 52
10 3
10 6
10 18
10 22
10 36
10 49
11 13
11 19
11 21
11 38
11 40
11 43
11 47
11 54
12 10
12 19
13 1
13 11
13 20
13 25
13 26
13 31
13 36
13 47
14 7
14 16
14 38
14 46
14 56
14 58
15 20
15 32
15 57
16 2
16 3
16 4
16 7
16 26
16 38
16 50
17 13
17 44
17 45
17 58
18 25
18 28
18 29
18 34
18 37
18 45
19 1
19 2
19 9
19 21
19 37
19 43
19 46
19 57
20 3
20 9
20 23
20 34
20 48
20 56
21 4
21 5
21 20
21 22
21 44
21 45
21 53
22 15
22 21
22 29
22 45
22 54
23 34
23 48
23 53
23 56
24 8
24 13
24 17
24 18
24 28
24 33
24 34
24 38
24 43
24 60
25 4
25 7
25 36
25 42
25 57
26 4
26 11
26 17
27 10
27 16
27 18
27 19
27 28
27 40
27 54
28 31
28 35
28 43
28 47
29 16
29 20
29 26
29 27
29 60
30 1
30 9
30 11
30 18
30 28
30 34
31 8
31 30
31 34
32 5
32 7
32 8
32 12
32 26
32 27
32 40
33 2
33 10
33 44
33 48
34 1
34 6
34 8
34 25
34 26
34 40
34 47
34 50
35 5
35 13
35 15
35 16
35 25
35 28
36 19
36 23
36 33
36 45
36 55
37 4
37 16
37 28
37 29
37 32
37 52
37 58
38 2
38 9
38 16
38 17
38 28
38 30
38 44
38 48
38 49
38 53
39 23
39 24
39 35
39 37
39 44
39 57
39 60
40 12
40 13
40 15
40 18
40 34
40 49
40 56
41 1
41 7
41 29
41 31
41 33
41 39
41 40
41 52
41 54
41 61
42 1
42 3
42 37
42 53
43 2
43 4
43 7
43 55
43 58
43 60
44 14
44 47
44 59
45 5
45 6
45 22
45 26
45 59
46 2
46 7
46 12
46 28
46 39
46 50
46 52
46 54
47 9
47 35
47 36
47 54
47 56
47 57
47 59
48 10
48 21
48 22
48 35
48 51
48 60
49 3
49 17
49 24
49 29
49 30
49 40
50 1
50 28
50 33
51 3
51 8
51 13
51 25
51 31
51 50
51 54
52 14
52 15
52 61
53 4
53 7
53 12
53 13
53 18
53 25
54 4
54 21
54 29
54 42
54 52
54 55
54 61
55 7
55 23
55 24
55 29
55 37
55 40
55 42
55 44
55 49
56 10
56 13
56 30
56 43
56 48
56 58
56 59
56 60
56 61
57 17
57 53
58 1
58 5
58 22
58 25
58 36
58 39
58 45
59 1
59 3
59 7
59 11
59 12
59 25
59 32
59 35
59 56
59 61
60 10
60 21
60 23
60 31
61 6
61 24
61 60
Loss 0 37 0 78 0 0 0 0 32 0 0 0 0 0 0 15 86 0 0 0 0 78 29 0 0 0 0 0 0 0 0 0 0 0 0 18 0 0 0 0 0 0 0 0 68 0 0 41 0 0 0 0 20 0 0 0 0 0 78 0 0 
