36 <--# of nodes, 101 edges
1 3
1 10
1 18
1 23
2 8
2 14
2 18
2 26
2 34
3 5
3 18
4 25
4 28
5 1
5 25
5 33
6 9
7 13
7 22
8 3
8 15
8 19
8 29
9 4
9 13
9 28
9 32
9 35
10 21
10 24
11 15
11 27
11 31
12 6
12 11
12 18
12 23
12 34
13 6
13 22
14 5
14 25
14 32
15 17
15 18
16 5
16 14
16 26
17 5
17 11
17 15
17 34
18 35
19 6
19 11
19 22
19 27
20 11
20 14
20 27
21 1
21 2
22 21
22 35
23 1
24 3
24 5
24 12
24 13
24 17
25 9
25 23
26 3
26 6
26 14
26 27
26 31
27 18
28 14
29 16
29 23
29 24
29 35
30 24
30 31
30 33
31 9
31 13
31 16
31 21
31 33
32 29
33 11
34 27
34 32
34 36
35 5
35 7
35 9
35 28
36 14
Loss 0 0 0 0 0 0 46 0 99 0 0 0 0 0 0 0 0 0 0 0 0 0 0 0 0 0 0 0 0 0 0 0 0 0 0 0 
