44 <--# of nodes, 210 edges
1 10
1 13
1 15
1 17
1 41
2 13
2 16
2 18
2 23
2 26
2 30
2 38
3 8
3 13
3 16
3 33
3 35
3 40
4 1
4 5
4 7
4 16
4 20
4 23
4 37
5 16
5 22
5 31
5 34
6 7
6 9
6 11
6 13
7 3
7 18
7 29
7 31
7 33
7 36
8 2
8 5
8 28
8 30
8 31
8 32
9 7
9 8
9 11
9 21
9 31
9 39
9 40
10 4
10 8
10 19
10 21
10 38
10 39
10 44
11 13
11 17
11 19
11 29
11 31
11 34
12 6
12 7
12 13
12 20
12 25
12 39
13 3
13 10
13 20
13 35
13 43
14 4
14 7
14 31
14 35
15 17
15 20
15 35
15 41
15 44
16 3
16 10
16 15
16 26
16 28
16 37
16 38
17 10
17 23
17 24
17 37
18 6
18 13
18 19
18 39
19 5
19 8
19 9
19 21
20 21
20 29
20 31
20 37
20 43
21 6
21 13
21 33
21 35
22 40
23 11
23 24
23 25
24 15
24 17
24 35
25 7
25 20
25 38
26 11
26 23
26 33
26 37
26 38
26 44
27 6
27 10
27 26
27 28
28 6
28 10
28 13
28 17
28 41
29 9
29 10
29 28
29 30
29 36
29 42
30 35
30 43
31 3
31 7
31 39
32 1
32 25
32 42
33 19
33 28
33 32
34 2
34 4
34 5
34 6
34 9
34 11
34 20
34 24
34 32
35 4
35 11
35 16
35 17
35 29
36 4
36 8
36 13
36 20
36 26
36 31
37 24
37 27
37 28
37 31
37 42
38 1
38 8
38 13
38 21
38 39
39 9
39 10
39 19
40 4
40 5
40 7
40 13
40 17
40 26
40 28
41 15
41 25
42 9
42 27
42 32
43 8
43 14
43 17
43 34
43 36
43 38
44 3
44 16
44 19
44 27
Loss 0 12 0 0 0 0 0 68 0 0 0 0 0 0 0 0 0 0 0 0 0 0 0 0 0 0 0 0 0 0 0 0 0 0 0 25 48 62 24 18 12 0 0 37 
