31 <--# of nodes, 106 edges
1 7
1 30
2 9
2 12
2 26
2 31
3 10
3 21
4 2
4 8
4 19
4 29
5 3
5 6
5 16
5 21
6 1
6 5
6 8
6 20
6 28
7 10
7 21
8 15
8 17
8 26
8 27
8 31
9 18
10 2
10 5
10 14
10 20
10 22
11 2
11 16
11 21
11 30
12 10
12 21
13 5
13 6
13 18
13 31
14 8
14 11
14 13
14 31
15 5
15 7
16 1
16 3
16 8
16 10
16 11
16 20
16 28
17 7
17 18
18 1
18 24
19 5
19 17
19 27
20 10
20 29
20 31
21 11
21 28
22 11
22 12
22 18
22 28
22 29
23 15
23 21
23 25
24 4
24 5
24 14
24 30
25 5
25 11
25 24
26 7
26 10
26 12
26 14
26 21
27 8
27 9
27 26
27 30
28 16
28 17
28 20
29 1
29 7
30 17
30 18
30 28
31 5
31 6
31 10
31 18
31 20
Loss 0 0 0 0 0 0 0 0 0 0 32 0 4 94 0 0 0 0 0 87 0 0 0 41 0 0 0 0 0 33 0 
