60 <--# of nodes, 360 edges
1 12
1 15
1 23
1 42
1 49
2 4
2 7
2 8
2 30
3 26
3 28
4 5
4 27
4 42
4 43
4 45
4 51
5 16
5 25
5 38
5 48
5 49
5 50
5 51
5 58
6 11
6 14
6 22
6 44
6 52
7 15
7 16
7 29
7 34
7 40
7 46
7 48
8 3
8 4
8 6
8 18
8 20
8 24
8 28
8 51
8 54
9 11
9 26
9 29
9 34
9 50
10 8
10 22
10 33
10 43
11 6
11 27
11 29
11 35
11 48
11 58
12 3
12 6
12 20
12 34
12 37
12 40
12 50
13 9
13 15
13 17
13 21
13 34
13 53
14 3
14 4
14 11
14 31
14 50
14 53
14 60
15 4
15 13
15 24
15 25
15 28
15 31
16 1
16 7
16 32
16 36
16 42
16 43
16 44
16 49
16 53
17 10
17 11
17 14
17 19
17 38
17 48
17 49
17 54
18 20
18 32
18 34
18 42
18 56
18 60
19 3
19 27
19 34
19 43
19 56
20 7
20 8
20 23
20 56
20 58
21 12
21 17
21 27
21 48
21 50
21 56
22 1
22 10
22 14
22 17
22 29
22 41
22 48
22 57
23 8
23 18
23 25
23 26
23 30
23 32
23 35
23 38
23 44
23 48
24 1
24 2
24 10
24 15
24 21
24 22
24 55
24 59
25 2
25 16
25 20
25 22
25 37
25 43
25 52
25 53
25 58
26 15
26 23
26 35
26 36
27 6
27 10
27 17
27 36
27 47
27 52
27 56
28 16
28 20
28 22
28 33
28 55
28 58
29 8
29 18
29 32
29 51
29 55
29 56
30 9
30 16
30 25
30 33
30 34
30 50
30 58
31 1
31 4
31 6
31 7
31 13
31 15
31 20
31 23
31 38
31 49
32 4
32 30
33 17
33 25
33 28
33 29
33 41
33 50
34 12
34 14
34 18
34 22
34 56
35 11
35 29
35 42
35 55
36 3
36 29
36 35
36 40
36 52
36 60
37 9
37 19
37 28
37 33
37 35
37 43
37 44
37 47
38 10
39 10
39 18
39 40
39 42
39 49
40 12
40 23
40 26
40 36
40 50
41 15
41 17
41 25
41 26
41 51
42 5
42 28
42 32
42 51
42 54
43 5
43 11
43 12
43 21
43 22
43 52
44 39
44 47
44 56
45 2
45 12
45 14
45 15
45 20
45 21
45 26
45 28
45 60
46 2
46 32
46 39
46 42
46 47
47 10
47 24
47 28
47 31
47 53
47 57
48 3
48 9
48 15
48 27
48 44
49 18
49 20
49 33
49 48
50 3
50 11
50 30
50 36
50 42
50 45
51 21
51 32
51 33
51 46
51 52
52 10
52 14
52 36
52 49
52 60
53 3
53 30
53 31
53 51
53 55
54 14
54 24
54 35
54 36
54 37
54 44
55 4
55 10
55 18
55 21
55 23
55 24
55 39
55 52
56 8
56 10
56 43
57 10
57 19
57 20
57 26
57 34
57 36
57 37
57 39
57 40
57 43
57 51
57 54
57 56
58 2
58 10
58 13
58 50
59 1
59 6
59 23
59 29
59 37
59 45
60 4
60 7
60 11
60 22
60 37
60 44
60 49
60 56
Loss 0 0 0 0 0 41 0 21 0 0 0 0 0 13 39 0 0 0 36 0 0 0 0 0 0 0 0 0 47 65 0 88 11 0 0 0 3 0 0 0 0 0 36 0 28 0 0 0 0 0 0 0 0 0 0 0 0 0 77 0 
