25 <--# of nodes, 74 edges
1 4
1 11
1 12
1 17
2 5
2 11
2 15
3 1
3 7
3 10
3 25
4 1
4 23
5 1
5 7
5 19
6 8
6 11
6 19
7 6
7 20
8 11
8 22
9 8
10 9
10 13
10 19
10 25
11 5
12 8
12 9
12 18
12 19
13 1
14 9
14 22
15 7
15 17
15 20
16 2
16 17
16 20
17 1
17 21
18 11
18 13
18 17
18 20
18 23
19 6
19 7
19 8
19 20
20 17
20 23
21 5
21 6
21 16
21 17
22 8
22 19
23 2
23 10
23 12
23 20
24 5
24 15
24 20
24 21
25 7
25 10
25 12
25 13
25 18
Loss 0 35 0 0 0 0 0 91 0 74 0 0 89 0 0 43 0 0 0 1 0 0 0 0 17 
