40 <--# of nodes, 159 edges
1 15
1 25
1 30
1 31
2 23
2 28
2 32
3 2
3 13
3 30
3 36
3 40
4 1
4 12
4 21
4 24
4 38
5 8
5 34
5 37
6 21
6 40
7 11
8 16
8 22
8 24
8 39
9 20
9 23
9 25
9 30
9 32
9 34
9 39
10 17
10 37
11 6
11 22
11 26
11 27
11 33
12 1
12 4
12 13
12 16
12 18
12 25
12 29
12 33
12 37
12 38
13 8
13 9
13 31
13 36
13 40
14 21
14 40
15 6
15 16
15 27
15 30
16 1
16 9
16 27
16 37
17 4
17 8
17 18
17 21
17 22
17 33
19 3
19 7
19 15
20 2
20 6
20 29
20 31
21 10
21 28
22 4
22 8
22 31
23 7
23 16
23 20
23 30
24 3
24 7
24 21
24 25
24 34
24 35
24 39
25 4
25 5
25 17
25 29
26 5
26 7
26 14
26 15
26 22
26 29
26 30
26 31
26 39
27 2
27 29
28 2
28 4
28 6
28 14
28 40
29 6
29 17
29 18
29 21
29 28
30 6
30 23
30 39
30 40
31 25
31 32
31 36
32 2
32 3
32 37
33 13
33 15
33 17
33 32
34 4
34 7
34 10
34 14
34 26
35 2
35 17
35 18
35 28
35 34
35 36
35 39
36 17
37 11
37 17
37 33
38 3
39 9
39 19
39 23
39 25
40 6
40 21
40 22
40 30
Loss 0 0 0 0 15 29 0 0 0 0 0 0 0 0 0 0 94 0 0 0 88 0 0 0 0 0 90 85 53 0 0 15 0 0 0 52 0 0 0 57 
