56 <--# of nodes, 339 edges
1 8
2 7
2 9
2 22
2 25
2 34
2 47
2 52
2 56
3 2
3 15
3 31
3 36
3 45
3 55
4 25
4 54
4 55
5 12
5 13
5 16
5 34
5 39
5 44
5 48
6 2
6 12
6 16
6 17
6 29
6 35
6 37
7 14
7 21
7 38
8 3
8 7
8 20
8 49
8 51
9 11
9 18
9 27
9 35
9 37
9 44
9 48
9 50
9 52
10 21
10 34
10 53
11 14
11 21
11 47
11 48
11 55
12 8
12 11
12 16
12 18
12 24
12 32
12 33
12 52
12 54
12 56
13 5
13 7
13 16
13 41
13 45
14 7
14 20
14 24
14 25
14 36
14 42
14 49
14 51
15 19
15 21
15 32
15 38
15 52
16 9
16 10
16 12
16 17
16 30
16 32
16 37
16 46
16 50
16 51
17 7
17 11
17 25
17 30
18 14
18 24
18 31
18 33
18 35
18 42
18 45
19 6
19 11
19 16
19 32
19 55
20 18
20 25
20 28
20 29
20 41
20 50
21 11
21 20
21 22
21 31
21 35
21 46
22 17
22 43
22 46
22 47
22 48
22 49
22 51
23 4
23 11
23 12
23 15
23 19
23 20
23 25
23 41
23 43
23 46
23 56
24 10
24 14
24 18
24 21
24 36
24 37
24 48
24 49
25 13
25 20
25 21
25 43
25 45
25 46
26 8
26 12
26 20
26 30
26 49
26 52
27 4
27 12
27 15
27 20
27 25
27 33
27 45
28 15
28 40
28 42
28 54
29 19
29 20
29 21
29 25
29 31
29 32
29 35
29 42
29 47
29 53
29 54
30 3
30 34
30 36
30 47
30 54
30 55
31 28
31 47
31 54
32 16
32 30
32 45
32 47
33 17
33 20
33 29
33 40
33 50
34 15
34 17
34 35
34 36
34 41
35 3
35 4
35 6
35 15
35 20
35 34
35 39
35 46
35 54
35 55
36 1
36 16
36 40
36 42
37 14
37 25
37 34
37 38
37 40
37 43
37 51
38 15
38 32
38 37
38 40
38 50
38 54
39 24
40 2
40 15
40 17
40 23
40 54
41 5
41 17
41 22
41 38
41 40
41 46
42 1
42 9
42 22
42 27
43 1
43 6
43 8
43 13
43 23
43 25
43 35
43 41
43 54
44 9
44 10
44 13
44 21
44 22
44 25
44 32
44 50
44 54
45 7
45 9
45 17
45 21
45 23
45 30
45 47
45 55
46 12
46 20
46 32
46 39
46 45
46 47
47 1
47 7
47 19
47 20
47 22
47 26
47 34
47 43
47 44
48 3
48 4
48 8
48 11
48 23
48 43
48 50
49 30
49 40
49 42
49 45
50 11
50 16
50 41
51 16
51 17
51 21
51 27
52 5
52 10
52 14
52 39
52 55
53 3
53 14
53 15
53 19
53 20
53 47
54 13
54 29
54 31
54 35
54 45
54 51
55 8
55 14
55 19
55 22
55 31
55 47
56 8
56 17
56 20
56 34
56 37
56 38
56 42
56 48
Loss 0 0 69 0 0 0 0 0 0 0 0 0 0 0 0 0 0 0 0 0 45 0 0 0 0 48 0 0 0 0 0 0 0 0 0 0 1 0 0 0 69 38 0 27 0 0 54 0 57 0 82 0 0 62 0 0 
