34 <--# of nodes, 127 edges
1 2
1 6
1 25
1 28
2 1
2 3
2 18
2 25
2 34
3 7
3 11
3 14
3 17
3 19
3 28
3 31
3 32
4 8
4 14
4 22
4 33
5 1
5 3
5 18
5 19
5 23
6 3
6 12
6 34
7 3
7 6
7 11
7 15
7 16
7 17
7 25
8 11
8 26
8 28
8 29
8 30
8 31
8 32
9 19
9 22
9 24
9 26
10 2
10 6
10 11
10 12
10 18
10 22
10 29
11 4
11 23
12 18
12 19
12 26
13 8
13 22
14 4
14 6
14 20
14 32
15 5
15 16
15 17
15 27
16 5
16 11
16 17
16 20
17 10
17 19
17 24
17 32
18 8
18 10
18 15
18 33
19 7
19 12
19 23
20 2
20 23
21 7
21 11
21 26
22 13
23 2
23 8
23 16
23 27
23 28
24 1
24 6
24 22
24 27
25 3
25 6
25 9
25 34
26 22
26 31
27 1
27 6
28 6
29 20
29 21
29 32
29 34
30 13
30 14
30 31
30 33
31 19
31 27
32 7
32 16
33 3
33 16
33 21
33 23
33 24
34 9
34 30
Loss 0 0 0 0 0 0 0 0 0 0 78 0 0 0 0 0 0 68 18 0 0 1 0 0 0 0 0 0 0 56 0 0 0 0 
