62 <--# of nodes, 388 edges
1 7
1 12
1 24
1 25
1 37
1 40
2 10
2 18
2 21
2 33
2 42
2 43
2 46
2 51
2 52
3 7
3 19
3 29
3 46
3 48
3 55
4 9
4 24
4 25
4 30
4 38
4 46
4 57
5 2
5 14
5 25
5 44
5 46
5 53
6 1
6 9
6 13
6 15
6 18
6 40
6 48
6 49
7 13
7 21
7 23
7 35
7 48
7 49
8 4
8 7
8 12
8 40
8 50
8 55
8 61
9 1
9 15
9 17
9 30
9 40
9 46
9 50
10 11
10 19
10 23
10 28
10 30
10 40
11 1
11 15
11 16
11 18
11 27
11 30
11 55
11 58
12 11
12 20
12 30
12 59
13 44
13 57
13 59
14 2
14 26
14 28
14 42
14 45
15 1
15 3
15 12
15 13
15 29
15 56
16 6
16 9
16 15
16 17
16 22
16 39
16 55
17 8
17 12
17 21
17 45
18 2
18 8
18 23
18 38
19 11
19 38
20 12
20 15
20 16
20 19
20 25
20 35
20 39
20 42
20 53
21 2
21 7
21 42
21 52
21 54
21 56
21 60
22 4
22 5
22 6
22 18
22 23
22 24
22 25
22 60
23 3
23 25
23 30
23 31
23 43
24 6
24 17
24 26
24 36
24 46
24 54
25 1
25 10
25 33
25 39
25 44
25 48
25 55
25 56
26 17
26 25
26 31
26 42
27 4
27 6
27 23
27 26
27 31
27 34
27 35
27 38
27 54
27 57
28 10
28 15
28 17
28 37
28 62
29 13
29 26
29 42
29 49
30 3
30 7
30 11
30 38
30 55
31 2
31 26
31 32
31 36
31 37
31 41
31 61
32 18
32 19
32 21
32 23
32 35
32 48
32 57
32 59
32 60
33 5
33 6
33 20
33 28
33 41
34 17
34 22
34 38
34 57
34 58
34 60
35 2
35 13
35 29
35 31
35 38
35 41
36 5
36 7
36 14
36 16
36 19
36 28
36 34
36 40
36 46
36 54
36 55
37 5
37 9
37 17
37 24
37 25
37 32
37 42
37 46
37 52
37 61
38 4
38 37
38 55
38 62
39 8
39 11
39 26
39 38
39 41
39 43
40 2
40 30
40 55
41 3
41 6
41 7
41 30
41 36
41 48
42 19
42 23
42 26
42 27
42 49
42 60
42 61
43 23
43 44
43 49
43 56
44 16
44 22
44 31
44 38
44 56
44 61
45 2
45 3
45 13
45 17
45 23
45 24
45 29
45 44
45 51
45 52
45 60
45 62
46 7
46 16
46 25
46 33
46 35
46 36
46 38
46 44
46 47
47 1
47 22
47 57
48 22
48 52
48 61
49 6
49 10
49 22
49 28
50 11
50 23
50 35
50 36
50 41
50 56
50 58
50 59
50 62
51 5
51 11
51 19
51 20
51 30
51 40
51 46
51 50
51 55
52 9
52 28
52 45
52 59
53 9
53 13
53 15
53 17
53 21
53 31
54 15
54 20
54 29
54 36
54 55
54 56
55 25
55 38
55 40
55 57
56 6
56 10
56 12
56 33
56 37
56 40
56 52
56 54
56 57
57 10
57 22
57 24
57 25
57 33
57 49
57 50
57 61
58 6
58 16
58 20
58 26
58 37
58 43
58 62
59 6
59 8
59 14
59 15
59 16
59 18
59 23
59 30
59 48
60 3
60 15
60 55
60 57
61 3
61 13
61 34
62 8
62 10
62 18
62 23
62 31
62 40
62 48
Loss 0 0 0 0 0 0 25 0 0 0 27 0 0 0 0 73 0 0 0 0 31 0 0 0 0 0 0 0 9 71 0 0 0 0 0 0 0 0 0 0 98 0 0 0 15 0 0 0 0 0 28 0 0 56 0 0 0 0 0 0 0 0 
