39 <--# of nodes, 139 edges
1 4
1 10
1 20
1 28
1 38
2 23
2 29
3 12
3 17
3 33
4 21
4 24
4 34
4 38
5 2
5 12
5 31
5 36
6 5
6 25
6 39
7 4
7 16
7 39
8 4
8 7
8 13
8 16
8 20
8 26
8 30
9 7
9 12
9 13
9 21
9 26
9 27
9 29
9 31
9 32
10 15
10 18
10 19
10 21
11 10
11 24
11 39
12 3
12 4
13 2
13 5
13 17
13 34
14 3
14 16
14 22
14 35
15 8
16 26
16 29
16 37
16 39
17 12
17 18
17 21
17 22
17 23
17 26
18 7
19 1
19 6
19 24
20 17
20 18
20 19
20 22
20 26
20 28
21 24
22 15
22 28
23 4
23 19
23 33
24 2
24 16
24 17
24 33
24 34
24 39
25 14
25 17
25 32
26 2
26 8
26 27
27 19
28 7
28 37
29 31
29 38
30 1
30 22
30 27
30 32
31 15
31 32
32 24
32 37
33 3
33 13
33 28
33 36
34 1
34 7
34 11
34 25
34 29
35 7
35 26
35 30
35 38
36 1
36 16
36 24
36 28
36 34
37 18
38 1
38 4
38 6
38 12
38 31
39 19
39 23
39 25
39 26
39 27
39 33
Loss 0 0 0 0 0 0 44 86 0 0 0 0 0 0 53 0 0 0 0 0 0 0 0 0 0 0 0 0 0 0 0 0 78 0 32 0 0 0 0 
