51 <--# of nodes, 264 edges
1 20
1 35
2 11
2 28
2 35
2 42
3 1
3 10
3 11
3 13
3 15
3 24
3 26
3 41
4 9
4 14
4 31
4 33
4 36
5 4
5 15
5 22
5 35
5 47
6 1
6 7
6 9
6 24
6 35
6 40
6 43
7 18
7 23
7 28
7 34
7 37
8 4
8 9
8 14
8 34
9 25
9 28
9 36
9 48
9 49
10 11
10 31
10 34
10 43
11 19
11 22
11 45
12 4
12 13
12 18
12 19
12 21
12 43
13 18
13 20
14 5
14 11
14 47
15 5
15 12
15 13
15 18
15 19
15 21
16 6
16 9
16 13
16 19
16 30
17 7
17 21
17 25
17 44
17 51
18 3
18 17
18 22
18 32
18 36
18 41
18 46
19 5
19 9
19 11
19 13
19 23
19 27
19 41
20 6
20 48
21 2
21 3
21 8
21 32
22 8
22 16
22 17
22 19
22 42
22 43
23 9
23 24
24 2
24 4
24 11
24 27
24 35
24 39
24 42
24 46
24 47
25 5
25 11
25 16
25 31
25 36
25 42
25 46
26 3
26 4
26 6
26 31
26 50
27 2
27 15
27 19
27 31
27 33
27 36
27 38
28 9
28 12
28 20
28 24
28 27
28 48
28 49
29 4
29 10
29 27
29 31
29 35
29 37
29 40
30 4
30 13
30 20
30 22
30 23
30 25
30 26
30 33
30 35
30 36
31 1
31 6
31 7
31 32
31 34
31 41
31 47
31 51
32 13
32 14
32 16
32 21
32 23
32 24
32 29
32 50
33 10
33 13
34 14
34 22
34 31
34 36
35 16
35 28
35 45
36 5
36 24
36 39
36 51
37 2
37 8
37 10
37 38
38 2
38 8
38 11
38 12
38 15
39 3
39 4
39 5
39 10
39 15
39 25
39 26
39 36
39 48
40 19
40 38
41 7
41 24
41 29
41 32
42 3
42 5
42 9
42 15
42 16
42 21
42 22
42 23
42 37
42 45
43 3
43 26
43 34
43 38
44 3
44 8
44 19
44 41
44 47
44 48
45 1
45 18
45 19
45 21
45 30
45 34
45 43
45 49
45 51
46 18
46 21
46 23
46 34
46 43
46 48
47 4
47 6
47 24
47 37
47 40
47 49
48 9
48 12
49 1
50 11
50 13
50 24
50 40
50 43
51 7
51 48
51 50
Loss 0 0 0 0 0 0 40 0 7 0 19 0 0 0 0 55 0 0 0 0 0 0 0 0 0 0 0 74 0 0 5 29 0 0 0 0 0 11 0 0 25 25 0 82 0 93 0 0 0 0 0 
