28 <--# of nodes, 74 edges
2 4
2 23
3 16
4 2
4 13
4 15
4 21
5 28
6 1
6 5
6 18
7 16
7 22
7 25
8 1
8 17
9 2
9 4
10 15
10 18
11 6
11 8
11 9
11 25
12 1
12 2
12 23
12 24
13 6
13 23
13 24
14 1
14 10
15 7
16 3
17 4
17 25
18 4
18 13
19 3
19 10
19 11
20 1
20 5
20 21
21 5
21 7
21 16
21 24
22 6
22 11
22 20
23 21
23 24
24 1
24 5
24 20
24 21
25 2
25 5
25 13
25 15
25 22
25 26
26 2
27 6
27 8
27 17
27 18
28 11
28 17
28 21
28 22
28 23
Loss 0 0 0 0 0 37 0 0 0 68 0 63 0 0 0 0 0 0 0 0 0 97 0 0 0 0 0 0 
