38 <--# of nodes, 134 edges
1 20
1 31
2 6
2 28
3 16
3 21
3 25
3 26
4 19
4 21
4 37
5 13
5 30
5 31
5 33
6 3
6 7
6 24
7 5
7 24
7 34
7 35
7 36
8 11
8 32
9 13
9 15
10 11
10 16
10 17
10 20
10 25
10 34
11 7
11 15
12 15
12 17
13 37
14 2
14 5
14 7
14 8
14 22
14 23
14 25
14 32
14 35
15 6
15 19
15 24
16 5
16 31
16 32
16 33
16 36
16 37
17 3
17 6
17 7
17 12
17 18
17 22
17 33
18 9
18 14
18 36
18 38
19 17
20 7
20 21
20 29
21 11
21 18
21 19
22 7
22 11
22 29
22 36
23 8
23 15
23 19
23 33
23 37
24 13
24 28
24 33
24 36
25 6
25 12
25 21
25 32
25 37
26 38
27 17
28 4
28 10
29 6
30 5
30 12
30 15
30 28
31 5
31 35
32 4
32 22
32 33
33 2
33 3
33 5
33 6
33 11
33 18
33 19
33 24
33 28
33 31
33 34
35 6
35 17
35 24
36 3
36 11
36 15
36 16
36 20
36 31
36 38
37 6
37 7
37 14
37 20
37 22
37 25
37 33
Loss 0 0 0 0 0 0 0 0 0 0 0 0 0 0 13 0 0 0 0 0 0 0 0 0 0 0 0 0 68 0 0 0 0 47 0 0 33 55 
