41 <--# of nodes, 157 edges
1 14
1 20
1 34
1 41
2 15
2 22
2 32
2 41
3 18
4 22
4 24
4 29
5 8
5 14
5 23
5 24
5 35
6 4
6 11
6 17
6 35
6 41
7 11
7 17
7 20
8 9
8 11
8 18
8 26
8 27
8 33
9 14
9 31
10 13
10 21
11 20
11 31
12 2
12 11
12 14
12 21
12 34
13 1
13 20
13 21
13 25
14 2
14 5
14 24
16 1
16 6
16 9
16 14
16 17
16 28
17 8
17 20
17 25
17 26
17 32
17 37
18 3
18 8
18 9
18 15
18 16
19 18
19 34
19 37
21 25
22 26
22 29
22 34
22 39
23 1
23 6
23 12
23 15
23 39
23 40
24 16
24 19
24 20
24 21
24 38
24 41
25 5
25 10
25 19
25 37
26 37
27 5
27 24
27 28
27 31
28 10
28 15
28 18
28 30
28 34
28 41
30 4
30 11
30 12
30 14
30 17
30 26
31 23
32 2
32 5
32 16
32 36
33 10
33 23
33 30
33 35
34 13
34 26
34 29
34 32
35 7
35 10
35 13
35 28
35 34
36 6
36 32
37 4
37 6
37 7
37 9
37 11
37 17
37 22
37 24
37 31
37 32
37 35
37 39
38 12
38 13
38 14
38 24
38 25
38 31
38 33
38 39
39 7
39 14
39 36
39 38
40 11
40 27
40 28
40 31
40 35
41 22
Loss 0 91 0 52 0 0 0 0 0 0 0 0 0 0 0 0 0 0 78 89 0 0 0 43 0 0 0 0 0 13 0 0 0 0 23 0 71 0 0 0 0 
