68 <--# of nodes, 470 edges
1 5
1 7
1 9
1 17
1 24
1 36
1 38
1 40
1 42
1 43
1 45
1 55
2 5
2 13
2 14
2 19
2 20
2 22
2 25
2 27
2 34
2 41
2 48
2 53
2 61
2 63
2 68
3 10
3 23
3 26
3 30
3 36
3 39
3 40
3 64
4 1
4 15
4 27
4 28
4 37
4 52
5 6
5 24
5 32
5 46
5 49
5 59
6 3
6 13
6 22
6 26
6 28
6 36
6 45
6 54
7 3
7 11
7 44
7 50
8 14
8 18
8 29
8 30
8 36
8 37
8 44
8 54
8 56
8 63
8 64
8 65
8 66
9 5
9 50
9 56
9 62
10 1
10 25
10 33
10 37
10 51
11 4
11 18
11 31
11 42
11 56
11 63
12 27
12 55
13 21
13 44
13 62
13 68
14 9
14 12
14 15
14 36
14 44
14 50
14 52
14 65
14 68
15 2
15 3
15 25
15 33
15 41
15 51
15 67
16 6
16 27
16 40
16 43
16 49
16 51
16 56
16 57
17 12
17 16
17 24
17 31
17 40
17 45
17 58
17 65
18 14
18 35
18 48
18 57
19 7
19 13
19 61
20 7
20 25
20 28
20 31
20 38
20 41
20 62
21 7
21 18
21 22
21 35
21 40
21 43
21 45
21 52
21 66
22 1
22 25
22 35
22 41
22 47
22 48
23 3
23 5
23 6
23 19
23 27
23 29
23 40
23 57
24 25
24 30
24 51
24 59
25 5
25 8
25 11
25 12
25 34
25 37
25 38
25 55
26 4
26 11
26 22
26 27
26 34
26 40
26 43
26 52
26 53
26 60
27 18
27 21
27 26
27 32
27 41
27 65
28 15
28 29
28 35
28 59
29 4
29 5
29 12
29 33
29 35
29 52
29 64
30 3
30 6
30 7
30 8
30 17
30 22
30 26
30 27
30 28
30 47
30 64
31 8
31 24
31 26
31 27
31 39
31 42
31 47
31 54
31 57
31 63
32 8
32 24
32 31
32 41
32 47
32 59
32 61
33 1
33 3
33 10
33 16
33 32
33 43
33 49
33 62
34 3
34 26
34 53
35 8
35 10
35 13
35 39
35 56
35 57
36 39
36 51
37 20
37 27
37 29
37 32
37 43
37 54
37 64
37 67
37 68
38 8
38 10
38 13
38 18
38 19
38 25
38 35
38 37
38 52
38 55
38 68
39 5
39 15
39 29
39 42
39 52
39 55
40 1
40 15
40 38
40 46
40 61
40 68
41 27
41 58
41 60
41 64
42 8
42 19
42 41
42 49
42 50
42 66
43 2
43 9
43 14
43 20
43 46
43 55
44 2
44 13
44 15
44 19
44 24
44 48
45 4
45 7
45 25
45 33
45 41
46 6
46 9
46 13
46 21
46 25
46 31
46 41
46 51
46 57
46 59
46 63
47 7
47 11
47 30
47 34
47 44
47 57
47 65
48 6
48 10
48 17
48 21
48 24
48 40
48 42
48 44
49 19
49 30
49 46
49 48
49 50
49 60
50 14
50 33
50 36
50 41
50 60
51 4
51 6
51 35
51 36
51 56
52 6
52 26
52 32
52 41
52 51
52 53
52 59
52 60
52 65
52 66
52 67
53 1
53 14
53 25
53 33
53 41
53 51
53 55
53 60
53 61
54 7
54 15
54 25
54 33
54 43
54 45
54 48
54 51
54 59
54 61
55 29
55 47
55 59
55 63
55 66
56 1
56 33
56 34
56 68
57 2
57 14
57 22
57 29
57 36
57 40
57 41
57 45
57 47
57 58
58 3
58 5
58 11
58 13
58 17
58 23
58 28
58 34
58 39
58 47
58 52
58 57
58 63
59 38
59 49
59 57
59 63
60 2
60 3
60 21
60 27
60 30
60 38
60 49
60 55
60 63
61 4
61 39
61 48
61 53
62 21
62 35
62 47
62 56
62 67
63 2
63 11
63 12
63 13
63 14
63 16
63 28
63 44
64 9
64 22
64 24
64 25
64 31
64 38
64 45
64 58
65 11
65 31
65 41
65 54
66 17
66 19
66 26
66 32
66 56
66 59
66 64
67 25
67 37
67 43
68 8
68 15
68 20
68 23
68 27
68 44
68 57
Loss 0 0 33 0 41 0 0 0 0 0 0 0 0 72 61 74 0 0 0 0 91 73 0 0 0 0 0 0 67 0 76 0 87 0 0 0 0 0 0 0 0 0 91 83 0 0 0 0 0 0 0 0 0 0 0 0 0 32 0 60 0 0 0 0 0 0 0 0 
