70 <--# of nodes, 495 edges
1 13
1 24
1 29
1 30
1 31
1 34
1 52
1 60
2 4
2 5
2 13
2 19
2 39
2 47
2 69
3 5
3 14
3 21
3 22
3 24
3 26
3 32
3 33
3 38
4 9
4 10
4 14
4 28
4 36
4 37
4 54
4 55
4 64
4 68
5 1
5 8
5 30
5 32
5 38
5 41
5 42
5 47
5 48
5 51
5 56
5 64
5 65
6 15
6 38
6 39
6 51
6 57
6 58
7 1
7 18
7 45
7 60
7 61
8 14
8 33
8 37
8 39
8 44
8 54
8 58
8 69
9 10
9 22
9 33
9 45
9 61
9 63
9 69
10 5
10 21
10 41
10 46
10 52
10 66
11 36
11 49
12 16
12 21
12 26
12 40
12 62
13 1
13 3
13 58
13 61
14 3
14 13
14 37
14 39
15 12
15 14
15 21
15 39
15 44
15 51
15 58
15 66
16 20
16 30
16 45
16 50
16 59
17 5
17 13
17 30
17 52
17 53
17 54
17 57
17 59
18 16
18 22
18 59
19 9
19 16
19 41
19 47
19 56
19 65
20 6
20 17
20 27
20 29
20 30
20 33
20 40
20 42
20 43
20 46
20 49
20 51
20 60
20 67
21 8
21 9
21 13
21 16
21 35
21 70
22 29
22 56
22 65
22 68
23 14
23 15
23 27
23 30
23 50
23 57
24 18
24 26
24 35
24 43
24 45
24 49
24 64
24 65
25 9
25 42
25 60
25 63
25 65
26 6
26 10
26 20
26 24
26 34
26 36
26 40
26 44
26 46
26 70
27 13
27 23
27 31
27 36
27 50
28 2
28 12
28 30
28 48
28 51
29 2
29 14
29 17
29 18
29 30
29 34
29 41
29 43
29 59
29 69
30 12
30 29
30 31
30 44
31 42
31 66
31 68
31 70
32 8
32 9
32 14
32 18
32 20
32 22
32 29
32 33
32 41
32 55
32 56
32 67
33 1
33 9
33 18
33 22
33 23
33 37
34 2
34 11
34 36
34 41
34 43
34 47
34 61
35 1
35 4
35 20
35 39
35 43
36 6
36 13
36 21
36 40
36 50
36 59
36 63
36 65
37 7
37 9
37 11
37 16
37 17
37 50
37 55
37 65
38 7
38 15
38 23
38 34
38 41
38 57
38 61
39 7
39 16
39 30
39 41
39 44
39 46
39 51
39 57
39 58
39 68
40 9
40 13
40 20
40 21
40 34
40 37
40 53
40 60
41 2
41 7
41 14
41 15
41 32
41 38
42 2
42 5
42 9
42 33
42 51
42 68
43 3
43 21
43 60
43 66
43 67
44 10
44 19
44 22
44 26
44 28
44 35
44 48
44 50
44 52
44 57
44 64
45 2
45 19
45 22
45 30
45 32
45 41
45 54
46 14
46 17
46 20
46 23
46 32
46 38
46 42
46 44
46 56
47 10
47 16
47 22
47 26
47 41
47 48
47 69
47 70
48 5
48 12
48 19
48 21
49 1
49 2
49 6
49 17
49 19
49 23
49 24
49 32
49 36
49 39
49 41
49 43
49 45
49 66
50 35
50 37
50 40
50 52
50 58
50 62
51 18
51 34
51 43
51 52
51 57
51 64
52 10
52 18
52 22
52 33
52 36
52 44
52 60
53 13
53 26
53 32
53 37
53 39
53 48
53 61
53 64
53 65
53 67
54 6
54 19
54 29
54 32
54 40
54 52
55 7
55 22
55 24
55 30
55 35
55 36
56 22
56 25
56 31
56 51
56 58
56 59
56 60
57 4
57 6
57 28
57 46
57 67
57 69
58 8
58 14
58 31
58 33
58 38
58 50
58 66
58 68
59 16
59 23
59 26
59 29
59 31
59 33
59 35
59 43
59 53
59 63
59 69
60 9
60 10
60 22
60 29
60 63
60 67
61 1
61 27
61 33
61 34
61 45
61 50
61 54
61 56
61 59
61 60
62 11
62 24
62 27
62 32
62 47
62 67
63 4
63 5
63 8
63 9
63 10
63 24
63 30
63 57
63 66
64 37
64 48
64 53
64 54
64 55
65 29
65 44
65 59
66 6
66 12
66 26
66 33
66 60
66 61
66 65
67 45
68 1
68 16
68 20
68 21
68 24
68 38
68 51
68 52
68 66
68 69
68 70
69 8
69 9
69 18
69 34
69 41
69 44
69 59
69 68
70 3
70 7
70 20
70 31
70 33
70 44
70 52
70 53
70 57
70 65
Loss 0 0 0 0 0 0 0 7 0 67 78 0 22 0 0 49 7 0 0 0 0 72 0 0 0 0 90 0 0 0 2 76 0 0 0 0 0 57 58 59 0 0 0 0 0 20 0 0 61 0 0 0 23 60 0 0 0 0 0 0 24 38 1 18 0 0 95 0 16 0 
