59 <--# of nodes, 357 edges
1 2
1 10
1 23
1 32
1 33
1 41
1 51
2 8
2 20
2 36
2 42
2 45
3 5
3 13
3 20
3 36
3 38
3 43
4 10
4 29
4 39
4 48
5 1
5 19
5 20
5 22
5 28
5 43
5 55
5 59
6 12
6 31
6 44
6 52
7 9
7 16
7 42
7 54
7 55
7 58
8 6
8 7
8 14
8 17
8 20
8 24
8 34
8 35
8 44
8 59
9 4
9 29
9 51
10 7
10 26
10 37
10 38
10 39
10 41
11 4
11 6
11 22
11 25
11 46
11 47
11 52
11 56
12 5
12 14
12 15
12 50
13 15
13 31
13 32
13 37
13 40
13 48
13 49
13 51
14 1
14 3
14 9
14 15
14 29
14 38
15 6
15 14
15 17
15 25
15 32
15 39
15 44
15 52
16 25
16 29
16 48
16 50
16 52
16 59
17 11
17 45
17 54
17 56
18 9
18 17
18 19
18 42
18 51
18 57
19 11
19 26
19 28
19 36
19 39
19 58
19 59
20 21
20 34
20 43
21 3
21 10
21 17
21 20
21 22
21 33
21 36
21 45
21 47
21 49
21 57
22 4
22 6
22 11
22 12
22 16
22 32
23 9
23 16
23 30
23 37
23 44
24 3
24 15
24 25
24 26
24 48
24 58
25 7
25 16
25 28
25 29
25 33
25 40
25 41
25 44
26 3
26 7
26 21
26 27
26 40
26 42
27 6
27 9
27 10
27 11
27 13
27 25
27 26
27 34
27 46
27 49
27 58
28 5
28 10
28 25
28 30
28 41
28 50
29 18
29 22
29 27
29 32
29 41
29 43
29 45
29 47
29 53
29 57
30 5
30 6
30 10
30 16
30 28
30 40
30 57
31 3
31 5
31 21
31 24
31 27
31 50
32 16
32 21
32 26
32 35
33 3
33 16
33 32
33 34
33 39
33 48
34 29
34 36
34 37
34 42
35 6
35 20
35 30
35 36
35 49
35 57
36 25
36 26
36 28
36 41
36 46
36 52
37 10
37 29
37 35
37 56
38 32
38 44
38 52
38 53
38 55
39 13
39 31
39 36
39 37
39 42
39 48
39 54
39 55
39 59
40 12
40 18
40 26
40 43
40 45
40 50
41 6
41 8
41 10
41 43
42 9
42 23
42 29
42 37
42 59
43 6
43 7
43 17
43 23
43 27
43 34
43 35
43 37
43 45
43 49
43 58
44 10
44 12
44 45
44 46
44 57
45 7
45 26
45 30
45 37
45 48
46 15
46 30
46 32
46 33
46 37
46 57
47 2
47 9
47 19
47 28
47 36
47 46
47 50
47 57
48 10
48 19
48 32
48 39
49 16
49 22
49 26
49 39
49 40
49 59
50 7
50 17
50 32
50 41
51 9
51 14
51 39
51 42
51 43
51 45
51 48
52 11
52 31
52 35
52 46
52 58
53 10
53 22
53 24
53 34
53 57
54 1
54 3
54 15
54 29
54 49
55 17
55 23
55 42
56 9
56 17
56 31
56 34
56 46
56 49
57 2
57 6
57 17
57 22
57 31
57 40
57 44
57 50
58 2
58 3
58 6
58 21
58 31
58 54
59 19
59 28
59 43
Loss 0 0 0 0 0 23 0 66 0 0 0 0 0 0 12 0 87 0 0 81 0 0 18 0 0 0 28 0 0 0 0 0 65 0 0 0 82 0 0 0 0 73 0 0 0 50 0 0 0 45 0 76 0 54 87 0 0 0 0 
