51 <--# of nodes, 234 edges
1 3
1 13
1 15
1 17
1 24
1 34
1 35
1 39
1 48
1 50
2 4
2 6
2 9
2 22
2 27
2 42
3 7
3 19
3 31
3 34
3 36
4 7
4 22
4 44
4 49
5 12
5 24
5 27
5 29
5 39
6 8
6 10
6 17
6 30
6 32
6 40
6 41
7 14
7 24
7 46
7 49
8 9
8 11
8 20
8 26
8 37
9 4
9 16
9 35
9 36
10 19
10 27
10 30
10 32
10 34
10 45
11 1
11 25
11 50
12 15
12 43
13 5
13 12
13 21
13 23
13 25
13 44
13 49
14 10
14 24
14 34
15 10
15 11
15 23
15 30
16 9
16 24
16 40
17 3
17 4
17 24
17 42
17 46
18 12
18 29
18 40
18 42
19 1
19 9
19 13
19 15
19 16
19 17
19 22
20 4
20 5
20 10
20 15
20 22
20 38
21 18
21 39
22 11
22 18
22 31
22 36
22 39
23 1
23 4
23 16
23 46
24 4
24 25
24 29
24 30
24 45
24 50
25 10
25 18
25 34
26 12
26 47
26 50
27 6
27 37
27 41
28 12
28 14
28 33
28 41
28 42
29 35
29 37
29 43
30 4
30 5
30 6
30 11
30 36
31 9
31 10
31 11
31 34
31 35
32 29
32 34
32 48
33 17
33 19
33 41
33 42
34 7
34 16
34 22
34 37
34 48
34 50
35 28
35 39
35 41
35 48
36 39
36 45
37 1
37 11
37 41
37 42
37 44
37 47
38 4
38 10
38 15
38 22
38 45
39 1
39 17
39 22
39 43
39 46
39 48
40 2
40 4
40 5
40 12
40 32
40 45
41 1
41 2
41 19
41 21
41 24
41 29
41 42
41 50
43 20
43 22
43 30
44 7
44 14
44 16
44 19
44 22
44 26
44 28
44 29
44 37
45 14
45 24
45 51
46 36
46 41
46 43
46 49
47 7
47 11
47 48
48 5
48 8
48 13
48 16
48 34
48 41
48 46
49 2
49 7
49 38
49 45
50 7
50 29
50 46
50 47
51 1
51 18
51 44
Loss 0 0 63 0 0 0 0 0 0 0 72 40 42 0 0 28 0 0 0 0 78 15 0 0 16 94 75 45 0 0 79 0 82 0 0 0 0 35 0 0 0 22 0 0 27 0 0 0 0 0 0 
