43 <--# of nodes, 160 edges
1 11
1 27
1 42
2 32
2 38
3 12
3 14
3 15
3 27
3 42
4 3
4 5
4 6
4 10
4 15
4 18
4 23
5 1
5 2
5 8
5 14
5 21
5 29
5 33
5 34
5 41
6 3
6 36
6 42
7 9
7 40
8 3
8 22
8 33
9 2
9 4
9 23
9 41
10 15
10 23
10 28
10 38
11 1
11 2
11 3
11 8
11 15
11 19
11 29
12 6
12 13
12 31
12 36
13 18
13 21
13 26
14 3
14 25
14 43
15 14
15 20
15 33
16 2
16 13
17 2
17 11
17 15
17 19
17 22
17 29
18 7
18 22
18 24
18 31
18 43
19 11
19 25
19 29
19 40
20 8
20 18
20 30
20 35
20 41
21 2
21 3
21 24
21 29
21 40
22 1
22 5
22 18
22 40
23 2
23 15
23 36
23 38
24 29
24 31
25 2
26 1
26 15
26 21
27 13
27 14
27 36
28 12
28 21
28 26
28 27
29 24
29 34
31 8
31 13
32 16
32 18
32 38
32 41
33 9
33 25
33 27
33 29
33 41
33 43
34 30
34 33
35 36
35 39
35 40
36 7
36 32
37 7
37 22
37 39
38 11
38 15
38 19
38 34
38 42
39 12
39 14
39 26
40 21
40 41
41 1
41 5
41 18
41 42
42 7
42 17
42 22
42 28
42 43
43 5
43 6
43 8
43 15
43 34
43 37
43 39
Loss 0 0 30 0 0 0 0 0 0 0 0 0 0 0 0 0 0 0 0 0 0 0 0 0 0 0 0 15 0 0 0 0 50 0 89 0 0 25 0 0 0 0 7 
