57 <--# of nodes, 324 edges
1 20
1 23
1 26
1 30
1 33
1 41
1 55
2 9
2 14
2 24
2 45
2 53
3 12
3 15
3 28
3 30
4 11
4 19
4 22
4 39
4 46
5 6
5 14
5 25
5 31
5 51
6 15
6 23
6 24
6 26
6 28
7 4
7 6
7 9
7 13
7 23
7 47
7 55
8 5
8 13
8 20
8 22
8 26
8 31
8 36
8 49
9 6
9 13
9 17
9 19
9 26
9 29
9 43
9 50
9 54
9 55
10 7
10 19
10 21
10 29
11 15
11 19
11 24
11 40
11 45
11 48
11 49
12 16
12 48
12 51
13 19
13 20
13 26
13 42
13 44
13 57
14 1
14 5
14 21
14 33
14 39
15 13
15 18
15 27
15 37
16 10
16 18
16 33
16 41
16 48
16 51
16 54
17 9
17 44
17 49
17 54
18 4
18 17
18 26
18 27
18 30
18 49
19 1
19 2
19 5
19 14
19 18
19 26
19 27
19 41
19 54
20 17
20 39
20 44
20 45
21 3
21 13
21 30
21 32
21 40
21 41
21 43
22 2
22 24
22 25
22 35
22 49
22 54
23 4
23 12
23 19
23 22
23 24
23 30
23 43
23 54
24 4
24 7
24 14
24 20
24 27
24 56
25 11
25 32
25 51
26 1
26 18
26 20
26 36
26 42
26 44
26 49
27 25
27 32
27 45
27 54
28 15
28 31
28 45
28 53
29 3
29 19
29 31
29 52
29 54
30 32
30 35
30 39
30 54
31 12
31 15
31 19
31 22
31 51
32 6
32 9
32 12
32 18
32 19
32 24
32 36
32 41
32 50
33 10
33 13
33 16
33 29
33 30
33 35
33 46
33 53
33 55
34 27
34 32
34 39
34 41
34 43
34 48
34 49
35 10
35 31
36 7
36 20
36 23
36 30
36 40
37 5
37 6
37 28
37 29
37 31
37 34
37 47
38 21
38 26
38 29
38 45
38 47
38 48
38 52
39 2
39 17
39 21
39 23
39 51
40 1
40 8
40 17
40 19
40 22
40 52
40 53
40 57
41 14
41 25
41 42
41 49
41 56
42 22
42 26
42 27
42 36
42 46
42 49
43 1
43 2
43 28
43 29
44 6
44 11
44 25
44 40
44 46
45 5
45 9
45 22
45 28
45 34
45 35
46 16
46 31
46 36
46 41
46 42
46 52
46 53
47 1
47 15
47 31
47 34
47 41
47 53
48 13
48 14
48 33
48 35
48 42
48 49
48 57
49 38
49 55
50 10
50 17
50 28
50 34
50 43
50 56
51 18
51 21
51 56
52 1
52 3
52 4
52 9
52 13
52 18
52 24
53 15
53 19
53 24
53 26
53 33
53 50
53 54
53 57
54 8
54 27
54 39
55 3
55 7
55 21
55 56
56 10
56 13
56 19
56 20
56 23
56 26
56 27
56 34
56 35
57 3
57 4
57 6
Loss 0 12 0 0 0 0 49 0 0 0 63 0 0 19 0 0 0 0 52 0 0 0 0 0 0 0 0 0 0 0 0 0 0 30 25 0 0 0 0 0 0 0 0 6 0 11 75 0 0 94 0 0 6 0 0 0 0 
