31 <--# of nodes, 107 edges
1 6
1 10
1 30
2 9
2 30
3 5
3 7
3 23
3 31
4 8
4 9
4 10
4 14
4 20
5 21
5 26
6 1
6 12
6 13
6 16
7 2
7 14
7 21
7 24
7 30
8 6
9 2
9 25
9 29
10 2
10 27
11 1
11 3
11 31
12 9
12 10
13 6
13 9
13 18
14 1
14 17
14 21
14 28
15 4
15 16
15 21
15 23
16 7
16 18
16 25
16 31
17 21
17 29
17 30
17 31
18 9
19 1
19 3
19 8
19 12
19 17
19 21
20 10
20 12
20 26
21 11
21 12
21 30
21 31
22 1
22 10
22 13
23 13
23 14
23 27
24 1
24 11
24 16
24 21
24 26
24 29
25 2
25 9
25 31
26 30
27 14
27 15
28 7
28 9
28 24
28 29
29 5
29 6
29 9
29 10
29 11
29 24
29 26
30 2
30 11
30 14
30 22
30 27
31 5
31 19
31 24
31 25
Loss 0 59 0 0 0 0 33 0 76 11 0 41 0 0 0 0 0 0 79 0 0 0 0 0 0 0 0 0 0 94 0 
