30 <--# of nodes, 87 edges
1 5
1 6
1 8
2 27
3 11
3 15
4 13
4 16
4 30
5 14
6 11
6 17
6 24
6 28
6 29
6 30
7 8
8 23
8 30
9 17
9 23
10 14
10 18
10 27
11 3
11 5
11 13
12 14
12 17
12 20
13 4
13 9
13 18
14 9
14 28
15 16
16 1
16 4
16 24
16 25
17 15
17 30
18 8
18 28
19 25
19 29
20 7
20 14
20 15
20 22
20 25
21 4
21 11
21 26
22 26
23 20
24 1
24 6
24 7
24 10
24 18
24 20
25 15
25 16
25 23
25 26
26 15
27 15
28 3
28 4
28 6
28 9
28 14
28 16
28 17
28 25
28 30
29 5
29 7
29 9
29 13
29 14
29 16
29 22
30 4
30 11
30 27
Loss 0 0 0 0 0 0 73 0 34 0 0 0 0 0 0 0 0 0 38 0 2 0 7 32 0 0 0 0 40 0 
