48 <--# of nodes, 247 edges
1 2
1 15
2 25
2 32
2 44
2 45
3 2
3 20
3 33
3 41
3 46
4 1
4 14
4 28
4 32
4 34
4 36
4 39
4 47
5 4
5 12
5 28
5 36
5 39
5 43
5 44
5 46
6 12
6 20
6 45
7 3
7 31
7 38
7 47
8 1
8 21
8 25
8 42
8 43
9 1
9 10
9 27
9 43
9 45
10 3
10 4
10 9
10 35
10 40
11 33
12 13
12 18
12 29
12 43
13 9
13 12
13 37
13 45
14 1
14 5
14 12
14 17
14 23
14 33
15 5
15 9
15 12
15 31
15 32
15 34
16 1
16 30
16 36
16 38
17 15
17 23
17 25
17 32
17 36
17 44
18 4
18 19
18 20
18 30
18 35
18 44
18 48
19 2
19 4
19 5
19 14
19 28
19 32
19 35
19 36
19 41
19 45
20 3
20 7
20 8
20 14
20 15
20 43
21 7
21 15
21 23
21 24
22 14
22 17
22 47
23 1
23 5
23 6
23 7
23 14
23 17
23 25
23 28
23 30
23 37
23 41
23 46
24 16
24 18
24 26
24 34
24 36
24 44
24 48
25 1
25 9
25 15
25 24
25 27
25 39
26 31
26 40
26 42
27 33
28 5
28 13
28 19
28 23
28 24
28 30
28 40
29 20
29 40
29 45
29 46
30 7
30 20
30 33
30 34
30 38
31 12
31 13
31 42
32 5
32 12
32 23
32 30
32 38
33 9
33 15
33 20
33 37
33 38
33 39
34 2
34 4
34 27
34 46
35 3
35 9
35 16
35 17
35 19
35 24
35 28
35 29
35 37
35 42
36 6
36 7
36 13
36 42
37 4
37 22
37 24
37 25
37 27
37 32
37 39
37 45
38 8
38 15
38 16
38 19
38 25
38 39
39 18
39 46
40 16
40 17
40 31
40 36
40 43
40 48
41 3
41 6
41 12
41 18
41 24
41 36
41 37
41 40
41 44
41 47
42 7
42 13
42 15
42 17
42 32
42 36
42 39
43 9
43 11
43 38
44 10
44 18
44 30
44 39
45 4
45 6
45 30
45 40
45 48
46 6
46 30
46 38
46 42
47 10
47 26
47 40
48 16
48 40
Loss 0 0 0 0 4 0 0 0 0 93 0 0 0 0 0 13 97 0 0 0 0 0 0 0 0 18 0 93 0 0 0 0 0 0 0 0 0 0 0 0 0 0 0 0 0 0 0 31 
