30 <--# of nodes, 92 edges
1 4
1 9
1 14
2 5
2 15
2 18
2 21
2 25
2 29
3 6
3 17
4 7
5 6
5 16
5 18
5 19
5 25
5 26
6 9
6 12
7 11
7 18
7 21
7 30
8 10
9 21
10 20
10 25
10 27
11 2
11 18
11 22
11 30
12 15
12 16
12 19
12 27
13 2
13 10
13 16
13 23
13 24
13 26
14 1
14 5
14 12
14 22
15 5
15 19
15 27
15 29
16 24
16 30
17 15
17 19
17 30
18 10
18 19
18 21
18 25
19 4
19 23
21 1
21 9
21 17
21 27
22 2
22 4
22 5
22 13
22 18
22 19
23 5
23 8
23 29
24 1
24 21
24 28
25 10
25 14
25 19
25 29
27 3
27 12
27 15
28 7
28 9
28 22
29 2
29 5
29 6
29 10
Loss 0 8 0 0 0 0 0 0 0 0 0 51 0 0 0 0 0 0 0 0 29 0 0 72 24 0 0 0 0 0 
