59 <--# of nodes, 301 edges
1 5
1 18
1 21
1 23
1 26
1 27
1 30
1 36
1 44
1 51
2 7
2 19
2 41
2 48
2 49
3 8
3 33
3 40
4 24
4 26
4 29
4 49
4 59
5 1
5 40
5 51
5 52
6 8
6 13
6 19
6 25
6 30
6 45
6 57
7 11
7 28
7 47
7 52
7 54
8 7
8 23
8 32
8 33
9 2
9 11
9 17
9 41
9 51
9 52
10 4
10 5
10 14
10 46
11 27
11 37
11 52
11 58
12 47
12 56
13 29
13 31
13 50
13 52
13 53
14 1
14 7
14 17
14 35
14 43
15 21
15 25
15 32
15 33
15 36
15 46
15 55
16 11
16 21
16 31
16 41
16 58
17 7
17 22
17 47
17 58
18 19
18 44
18 50
18 55
19 6
19 34
20 6
20 24
20 35
20 51
20 57
21 19
21 25
21 26
21 29
21 49
21 58
22 31
22 34
22 40
22 46
22 48
22 53
23 19
23 24
23 41
24 12
24 13
24 25
24 30
24 41
24 48
24 58
25 3
25 16
25 33
25 49
26 59
27 46
27 58
28 11
28 18
28 26
28 39
28 42
28 44
28 47
28 49
29 14
29 16
29 44
29 45
30 3
30 29
30 40
31 14
31 16
31 30
31 32
31 35
31 45
31 46
31 53
31 59
32 1
32 10
32 11
32 23
32 30
32 37
32 40
32 50
33 48
34 5
34 16
34 23
34 37
34 39
34 55
34 57
35 2
35 5
35 10
35 17
35 21
35 50
36 4
36 5
36 19
36 41
36 42
36 44
36 59
37 27
38 24
38 25
38 30
38 32
38 42
38 48
39 8
39 49
39 52
40 17
40 20
40 21
40 25
40 29
41 17
41 40
42 3
42 25
42 26
42 40
42 44
42 49
42 53
42 55
43 5
43 12
43 20
43 31
43 50
44 19
44 28
44 55
44 57
45 2
45 4
45 16
45 22
45 41
46 9
46 13
46 16
46 26
46 31
46 36
46 38
46 41
46 49
46 58
47 2
47 4
47 12
47 20
47 30
47 33
47 59
48 17
48 21
48 24
48 34
48 58
49 10
49 17
49 46
49 48
49 59
50 10
50 27
50 28
50 46
50 57
50 58
51 7
51 19
51 22
51 29
51 47
51 48
52 6
52 26
52 31
52 55
52 56
52 58
53 2
53 15
53 25
53 31
53 33
53 45
53 47
53 48
53 50
53 59
54 20
54 37
54 45
54 59
55 11
55 21
55 26
55 28
55 48
55 52
55 56
56 38
56 58
57 27
57 34
57 41
57 42
57 51
58 32
58 53
59 5
59 6
59 7
59 12
59 13
59 16
59 29
59 45
59 48
Loss 0 0 31 0 0 21 0 3 0 0 0 75 0 0 0 0 0 45 0 0 0 0 0 0 0 0 0 37 0 0 0 96 0 55 59 0 0 0 0 0 0 0 93 0 0 0 0 45 0 21 45 16 0 0 0 0 0 39 0 
