31 <--# of nodes, 98 edges
1 15
2 3
2 5
2 10
2 18
2 21
2 30
2 31
3 2
3 12
3 14
3 17
3 23
3 27
4 1
4 2
4 14
5 2
5 20
5 24
6 7
7 8
7 21
8 21
9 19
9 23
9 31
10 13
10 19
11 7
11 14
11 16
11 22
11 26
12 27
12 31
13 11
13 24
13 27
14 3
14 7
14 10
14 13
14 20
14 27
15 7
15 22
15 23
16 11
16 15
16 30
17 6
17 21
17 27
17 29
18 2
18 10
18 19
19 4
19 13
20 9
20 22
20 30
21 2
21 9
21 14
21 25
21 31
22 15
22 16
22 21
22 23
22 26
22 31
23 3
23 10
23 20
23 22
24 11
24 12
24 15
26 4
26 12
26 22
26 27
27 1
27 28
28 30
29 2
29 13
29 26
30 4
30 6
30 10
30 12
30 20
30 25
31 20
Loss 0 0 0 0 3 0 0 0 0 0 0 0 0 0 0 0 0 51 0 0 0 0 0 0 0 0 0 0 0 0 0 
