43 <--# of nodes, 184 edges
1 8
1 14
1 20
1 27
2 19
2 36
2 38
2 41
3 6
3 13
3 29
3 37
3 41
4 10
4 13
4 26
5 10
5 24
5 30
5 34
5 39
6 3
6 4
6 19
8 2
8 6
8 18
8 22
8 42
9 13
9 23
9 34
9 38
9 40
10 20
10 22
10 31
10 35
10 40
11 2
11 4
11 6
11 24
11 25
12 7
12 10
12 24
12 41
13 18
13 24
13 25
13 41
14 12
14 22
14 35
14 36
15 27
15 34
15 43
16 30
16 39
17 2
17 6
17 24
17 26
18 15
18 28
19 5
19 33
19 36
19 38
19 40
20 2
20 8
20 18
20 23
20 34
20 40
21 5
21 27
21 37
21 41
22 12
22 31
22 36
22 40
22 43
23 16
23 18
23 34
23 37
24 8
24 12
24 16
24 26
24 29
24 32
25 5
25 9
25 14
25 20
25 23
25 24
25 42
26 3
26 20
26 28
27 2
27 13
27 19
27 36
28 2
28 4
28 31
29 8
29 13
29 18
29 24
29 37
29 43
30 26
30 27
30 28
30 38
30 40
31 1
31 5
31 8
31 26
31 27
31 35
31 36
31 38
31 39
32 19
32 40
33 12
33 14
33 25
33 36
33 38
34 5
34 9
34 13
34 16
34 23
35 1
35 6
35 9
35 27
36 3
36 4
36 12
36 13
36 15
36 18
37 2
37 23
37 26
38 14
38 17
39 6
39 9
39 24
39 36
40 5
40 9
40 23
40 24
40 42
41 3
41 4
41 6
41 12
41 19
41 30
42 9
43 6
43 19
43 20
43 23
43 31
43 32
43 42
Loss 0 0 0 0 0 0 0 0 0 0 69 0 0 82 0 0 0 23 0 0 0 0 0 0 0 0 0 0 0 63 0 0 0 0 0 0 74 0 0 10 0 0 0 
