60 <--# of nodes, 350 edges
1 2
1 4
1 7
1 16
1 19
1 31
1 46
2 7
2 8
2 18
2 20
2 35
3 7
3 35
3 41
3 57
4 6
4 26
4 45
4 56
4 59
5 4
5 8
5 9
5 10
5 32
6 8
6 15
6 19
6 23
6 24
6 25
6 32
6 37
6 53
7 20
7 24
7 60
8 1
8 11
8 19
8 20
8 22
8 35
8 36
9 18
9 24
9 25
9 26
9 46
10 23
10 34
10 54
11 13
11 17
11 20
11 22
11 24
11 28
11 47
11 50
11 59
12 3
12 10
12 19
12 41
12 47
12 51
13 5
13 16
13 20
14 24
14 30
14 33
14 36
14 37
14 38
14 42
14 48
15 12
15 14
15 21
15 23
15 27
15 35
15 42
16 4
16 13
16 25
16 39
16 48
16 53
16 54
16 59
17 2
17 14
17 25
17 27
17 34
17 45
17 53
17 54
18 2
18 11
18 24
18 38
18 44
18 47
18 49
18 59
19 10
19 22
19 30
19 41
19 46
19 47
19 54
19 59
20 13
20 14
20 23
20 24
20 27
20 28
20 34
20 37
20 43
20 54
20 56
20 57
20 58
21 9
21 17
21 23
21 37
21 39
21 44
21 50
21 59
22 5
22 8
22 20
22 30
22 38
23 45
23 49
23 51
23 55
24 1
24 7
24 8
24 9
24 23
24 28
24 46
24 56
24 60
25 8
25 11
25 18
25 20
25 58
26 12
26 36
26 40
26 42
26 56
27 4
27 7
27 36
27 53
27 59
28 5
28 6
28 8
28 15
28 22
28 26
28 32
28 53
29 16
29 36
29 45
29 56
30 16
30 17
31 1
31 20
31 26
31 36
31 44
31 53
32 4
32 6
32 18
32 20
32 24
32 28
32 36
32 58
33 5
33 6
33 16
33 19
33 28
33 36
33 49
34 15
34 18
34 32
34 39
34 58
35 20
35 25
35 44
35 47
36 9
36 15
36 25
36 37
36 44
36 47
36 50
36 57
37 14
37 15
37 46
37 53
38 28
38 39
38 54
39 3
39 5
39 7
39 10
39 11
39 26
39 42
39 60
40 24
40 33
40 36
40 38
40 55
40 60
41 13
41 22
41 38
41 48
41 52
41 53
42 18
42 24
42 26
42 38
42 49
43 16
43 30
43 33
43 55
43 59
44 4
44 5
44 15
44 52
45 10
45 22
45 34
45 42
45 60
46 1
46 6
46 10
46 18
46 25
46 27
46 30
46 31
46 37
46 38
46 42
47 12
47 19
47 43
48 28
48 36
48 40
48 56
49 18
49 34
49 52
49 54
50 9
50 12
50 32
50 49
51 1
51 10
51 54
52 3
52 9
52 13
52 17
52 30
52 35
52 39
52 41
52 59
53 2
53 9
53 17
53 32
53 58
54 7
54 44
54 55
54 59
55 13
55 23
56 7
56 17
57 12
57 17
57 21
57 32
57 36
57 38
57 40
57 50
57 60
58 4
58 13
58 36
58 39
58 44
58 46
58 50
59 1
59 21
59 29
59 34
59 55
60 7
60 21
60 24
60 25
60 30
60 48
60 53
60 54
Loss 0 0 0 0 0 82 0 4 0 0 38 0 0 0 0 61 0 0 78 0 0 0 0 0 0 0 0 0 0 0 24 0 0 84 42 91 0 0 0 0 0 34 41 0 0 0 0 48 0 0 61 0 95 0 91 0 0 0 11 0 
