28 <--# of nodes, 70 edges
1 2
2 6
2 11
2 17
2 18
2 19
3 16
4 3
4 8
4 9
4 10
4 13
4 19
4 26
5 16
5 21
5 28
6 17
6 20
7 14
7 19
7 25
7 28
8 16
8 18
10 2
10 14
10 16
11 8
11 23
11 24
12 7
12 20
12 27
13 18
14 8
15 8
16 8
16 28
17 16
18 13
19 1
19 15
19 18
19 21
19 24
20 6
20 8
20 11
20 25
21 25
21 28
22 13
23 13
23 18
24 5
24 8
24 21
24 22
25 1
25 22
26 2
26 20
26 21
27 2
27 23
27 24
27 26
28 2
28 5
Loss 0 0 0 0 0 0 0 18 62 0 0 0 83 8 0 0 95 0 0 0 0 58 17 0 0 0 0 68 
