51 <--# of nodes, 254 edges
1 26
1 33
1 45
1 49
2 17
2 22
2 28
2 43
3 14
3 17
3 28
4 10
4 26
4 30
4 31
5 11
5 30
5 31
5 35
5 37
5 48
6 7
6 11
6 13
6 15
6 22
6 37
6 40
6 42
6 43
7 31
8 2
8 3
8 10
8 13
8 31
8 33
8 34
9 4
9 27
9 49
10 33
10 49
11 5
11 19
11 23
11 35
11 41
12 39
12 44
13 3
13 20
13 22
13 35
13 41
13 45
14 15
14 17
14 21
14 43
14 44
14 51
15 3
15 14
15 28
15 45
15 49
16 14
16 39
16 41
16 42
16 44
17 15
17 18
17 23
17 38
18 4
18 12
18 26
18 29
18 40
18 43
18 46
19 16
19 21
19 26
19 27
19 34
19 45
20 4
20 34
20 47
21 11
21 26
21 30
21 36
21 45
21 47
21 51
22 2
22 50
23 1
23 28
23 50
24 5
24 6
24 7
24 22
24 31
24 48
25 17
25 22
25 28
25 40
26 11
26 14
26 24
27 5
27 23
27 35
27 41
27 48
28 17
28 38
28 39
28 47
28 48
28 49
28 51
29 2
29 34
29 40
29 45
29 46
30 6
30 11
30 22
30 27
30 33
30 42
30 43
30 47
31 1
31 7
31 11
31 22
31 29
31 48
32 14
32 17
32 23
32 42
33 1
33 15
33 19
33 29
34 23
34 29
34 50
34 51
35 2
35 18
35 22
35 29
35 38
35 45
36 6
36 7
36 13
36 23
36 35
36 37
37 5
37 9
37 32
37 33
37 34
37 41
38 7
38 20
38 30
38 39
38 40
39 20
39 21
39 24
39 51
40 15
40 18
40 22
40 25
40 37
40 38
40 46
41 2
41 17
41 18
41 24
41 33
41 37
41 42
41 45
41 47
41 48
42 2
42 18
42 28
42 40
42 44
42 46
43 7
43 36
43 37
44 13
44 23
44 41
44 49
44 51
45 14
45 16
45 25
45 27
45 31
45 34
45 37
45 44
46 13
46 22
46 31
46 35
46 41
46 44
47 5
47 13
47 35
48 2
48 4
48 26
48 43
49 10
49 26
49 27
49 29
49 42
49 45
50 1
50 18
50 23
50 30
50 37
51 10
51 29
51 31
51 38
Loss 0 0 0 68 0 0 14 0 93 11 0 0 0 30 52 0 0 42 0 5 0 43 0 0 0 0 0 0 0 0 0 54 0 0 0 0 0 0 0 0 0 0 0 0 0 36 0 85 0 99 0 
