41 <--# of nodes, 154 edges
1 20
1 34
2 3
2 4
2 24
3 19
3 26
3 29
3 31
3 33
4 18
4 39
5 1
5 17
5 23
5 24
5 25
5 26
5 32
5 37
6 38
7 9
7 19
7 24
7 27
7 37
8 1
9 5
9 12
9 17
9 18
9 38
10 1
10 3
10 11
10 22
10 40
10 41
11 3
11 6
11 19
11 25
12 2
12 28
12 29
12 36
12 41
13 1
13 19
14 9
14 13
14 24
14 41
15 3
15 4
15 7
15 17
15 25
15 26
15 38
16 7
16 18
16 27
17 22
17 32
17 35
17 40
18 30
18 39
19 15
19 22
19 23
19 25
19 31
19 32
20 11
20 19
21 6
21 7
21 19
21 22
21 26
21 28
21 33
21 37
22 7
22 13
22 39
23 2
23 3
23 14
24 6
24 11
24 21
24 22
24 23
24 36
25 24
25 31
25 33
25 38
26 2
26 7
26 29
27 1
27 5
27 10
27 28
28 13
28 25
28 40
29 26
29 28
30 9
30 10
30 14
30 31
30 35
30 38
30 40
31 6
31 12
31 22
31 25
31 28
31 32
31 35
32 10
32 24
32 40
33 10
33 13
34 22
34 36
34 37
35 10
35 11
35 15
35 22
36 25
37 29
37 30
37 32
38 18
38 32
39 6
39 24
39 27
40 1
40 10
40 16
41 10
41 13
41 33
Loss 0 0 0 0 0 0 71 0 47 0 0 91 0 0 0 0 70 85 0 0 45 0 12 79 0 0 63 0 0 48 0 0 0 0 0 0 0 15 0 0 0 
