53 <--# of nodes, 291 edges
1 10
1 14
1 23
1 52
2 10
2 25
2 46
2 50
3 11
3 32
3 42
3 44
3 47
4 2
4 5
4 6
4 12
4 33
4 42
4 46
5 6
5 12
5 24
5 31
5 37
5 46
6 5
6 12
6 25
6 27
6 29
6 30
6 40
6 43
7 4
7 17
7 28
7 44
8 29
8 34
9 12
9 29
9 40
9 47
10 24
10 27
10 30
10 32
10 37
10 41
10 53
11 5
11 8
11 17
11 28
11 31
11 38
11 42
12 9
12 14
12 16
12 18
12 28
12 39
12 49
12 50
13 6
13 7
13 10
13 16
13 17
13 21
13 22
13 27
13 44
13 53
14 2
14 3
14 17
14 24
14 41
14 48
14 50
14 51
15 12
15 27
15 34
15 53
16 23
16 30
16 40
17 11
17 13
17 20
17 33
17 38
17 43
18 11
18 46
18 49
19 2
19 14
19 23
19 33
19 34
19 36
19 43
19 48
20 12
20 24
20 27
20 28
20 41
21 5
21 7
21 26
21 42
21 43
21 44
22 3
22 15
22 17
22 39
22 40
22 43
22 47
23 1
23 3
23 22
23 34
24 1
24 15
24 27
24 36
24 42
24 43
24 49
24 53
25 1
25 18
25 35
25 36
25 42
25 50
26 7
26 17
26 32
26 41
26 42
26 47
27 8
27 22
27 23
27 40
27 53
28 2
28 11
28 30
29 5
29 27
29 32
29 34
29 45
30 2
30 27
31 19
31 26
31 34
32 3
32 33
32 35
32 42
32 44
32 47
32 52
33 8
33 12
33 13
33 21
34 20
34 38
34 42
34 52
35 4
35 6
35 19
35 52
36 17
36 18
36 27
36 34
37 1
37 7
37 13
37 19
37 31
37 32
37 48
38 6
38 8
38 12
38 17
38 35
38 37
38 42
39 6
39 19
39 36
39 42
40 6
40 11
40 27
40 36
40 41
40 50
41 2
41 5
41 13
41 25
41 26
41 37
42 36
42 43
43 20
43 26
43 41
44 25
44 31
44 33
44 35
44 36
44 38
44 39
44 43
44 47
44 50
45 4
45 6
45 8
45 11
45 34
45 36
46 8
46 9
46 11
46 24
46 32
46 38
46 40
47 3
47 9
47 15
47 16
47 32
47 39
48 3
48 18
48 28
48 29
48 30
48 33
48 47
48 51
49 12
49 21
49 31
49 35
49 38
49 48
49 51
50 30
50 31
50 37
51 9
51 27
51 47
51 48
52 5
52 33
52 41
52 53
53 15
53 22
53 27
53 28
53 34
53 41
53 42
53 44
53 49
53 52
Loss 0 0 65 0 0 0 0 0 0 0 0 0 0 0 0 0 0 0 0 0 26 0 0 0 0 0 0 57 88 0 0 16 0 16 0 0 0 0 0 0 0 0 82 0 0 0 0 0 0 12 0 0 0 
