39 <--# of nodes, 170 edges
1 6
1 32
1 39
2 21
2 36
3 8
3 9
3 17
3 23
4 30
4 37
5 24
5 34
5 37
6 1
6 2
6 4
6 17
6 19
6 21
7 3
7 8
7 9
7 17
7 27
7 30
8 26
8 36
9 5
9 11
9 31
9 33
9 38
10 14
10 17
10 23
10 34
11 13
11 29
12 10
12 21
12 22
12 30
13 18
13 25
13 29
14 5
14 6
14 11
14 21
14 22
14 23
15 9
15 33
16 26
16 38
17 10
17 19
17 22
17 38
18 8
18 12
18 32
18 35
18 38
19 6
19 15
19 16
19 17
19 23
19 27
19 29
20 9
20 10
20 14
20 17
20 23
20 33
21 16
21 30
22 4
22 11
22 13
22 28
22 30
22 34
23 14
23 19
23 20
23 29
24 2
24 22
24 25
24 32
24 34
25 34
25 37
25 38
26 18
26 28
26 37
27 3
27 15
27 22
28 12
28 24
28 26
28 38
29 4
29 13
29 22
29 33
29 37
29 38
30 2
30 8
31 4
31 6
31 13
31 14
31 16
31 22
31 27
31 33
32 1
32 11
32 13
32 29
33 12
33 21
33 31
34 1
34 2
34 3
34 13
34 14
34 25
34 26
34 29
34 32
35 4
35 6
35 11
35 23
35 31
35 36
36 8
36 11
36 26
36 28
36 29
36 39
37 10
37 12
37 13
37 25
37 32
38 2
38 7
38 8
38 12
38 16
38 23
38 34
39 6
39 17
39 18
39 23
39 33
39 35
Loss 0 0 0 0 0 0 0 0 0 0 0 0 0 0 0 0 94 0 0 0 0 0 0 0 0 0 0 0 22 0 0 46 55 59 0 0 0 58 0 
