66 <--# of nodes, 450 edges
1 4
1 9
1 24
1 26
1 55
1 57
1 62
2 3
2 7
2 10
2 20
2 33
2 35
2 41
2 42
2 64
3 2
3 5
3 6
3 10
3 31
3 34
3 66
4 9
4 19
4 34
4 53
4 56
4 63
5 40
5 44
5 66
6 5
6 27
6 36
6 41
6 56
6 59
7 5
7 15
7 38
7 39
7 40
7 45
8 13
8 16
8 20
8 26
8 34
8 51
8 52
9 5
9 10
9 11
9 14
9 16
9 17
9 55
9 61
10 2
10 4
10 11
10 14
10 33
10 38
10 41
10 48
10 60
11 1
11 3
11 20
11 24
11 27
11 35
11 44
12 13
12 14
12 51
12 56
12 63
13 9
13 47
13 57
14 1
14 6
14 7
14 13
14 16
14 22
14 37
14 40
14 50
14 58
15 2
15 3
15 10
15 12
15 23
15 31
15 52
15 59
15 60
16 20
16 25
16 32
16 37
16 58
16 61
17 2
17 12
17 15
17 27
17 51
17 61
17 64
18 5
18 14
18 21
18 26
18 28
18 40
18 42
18 52
18 57
19 15
19 23
19 27
19 29
19 30
19 38
19 48
19 53
19 60
19 61
19 63
19 64
20 2
20 4
20 11
20 21
20 25
20 34
21 15
21 38
21 41
21 45
21 58
21 65
21 66
22 4
22 13
22 14
22 16
22 27
22 47
22 48
22 50
22 56
22 64
23 22
23 26
23 33
23 37
24 1
24 30
24 36
24 48
24 50
24 51
24 57
24 64
24 65
25 4
25 21
25 24
25 36
25 39
25 41
25 43
26 3
26 21
26 39
26 41
26 47
26 48
26 60
27 1
27 6
27 7
27 29
27 38
27 40
27 41
27 47
28 6
28 9
28 27
28 31
28 55
28 66
29 9
29 37
29 41
29 50
29 60
29 63
30 5
30 12
30 31
30 41
30 45
30 49
30 55
31 26
31 59
32 7
32 23
32 31
32 41
32 47
32 57
32 62
33 3
33 5
33 11
33 15
33 21
33 27
33 38
33 40
33 41
33 52
33 56
34 24
34 32
34 66
35 5
35 16
35 18
35 24
35 28
35 58
35 59
35 62
36 15
36 19
36 26
36 28
37 7
37 13
37 17
37 24
37 32
37 44
37 46
37 47
38 4
38 18
38 22
38 29
38 34
38 42
38 46
38 48
38 51
38 62
38 63
38 65
39 15
39 16
39 28
39 30
39 31
39 38
39 42
39 44
39 53
39 54
40 28
40 31
40 38
40 45
40 47
40 56
40 57
40 60
41 25
41 54
41 56
41 58
42 24
42 36
42 38
42 44
42 48
42 62
43 8
43 14
43 15
43 25
43 33
43 34
43 56
44 1
44 4
44 18
44 36
44 47
44 55
45 1
45 4
45 14
45 26
45 36
45 47
46 5
46 9
46 14
46 34
46 42
46 48
46 51
46 55
46 60
47 21
47 23
47 27
47 32
47 36
47 50
47 51
47 58
48 9
48 11
48 33
48 44
48 61
49 7
49 36
49 55
49 57
49 66
50 19
50 24
50 30
50 38
50 60
51 3
51 29
51 42
52 1
52 3
52 4
52 11
52 14
52 34
52 40
52 42
52 57
52 61
52 63
53 2
53 6
53 13
53 19
53 22
53 23
53 26
53 27
53 30
53 33
53 48
53 52
53 59
53 62
54 16
54 63
55 1
55 20
55 26
55 27
55 44
55 46
55 57
55 60
55 63
56 27
56 57
57 16
57 30
57 32
57 40
57 63
57 64
58 9
58 12
58 13
58 16
58 19
58 26
58 29
58 37
59 8
59 18
59 47
59 52
59 55
59 66
60 29
60 31
60 36
60 49
60 58
60 62
61 6
61 15
61 17
61 20
61 27
61 32
62 9
62 23
62 39
62 50
62 52
63 1
63 6
63 24
63 34
63 55
63 59
63 61
64 1
64 5
64 13
64 15
64 28
64 34
64 52
64 56
64 63
65 10
65 21
65 25
65 49
65 64
66 1
66 11
66 15
66 57
Loss 0 0 0 0 1 0 0 24 0 0 0 56 0 0 0 0 0 68 0 0 58 0 0 0 0 0 66 0 0 0 0 0 0 0 0 0 0 0 0 0 30 0 0 0 0 0 0 0 0 0 69 0 0 0 6 0 67 0 0 49 0 0 0 0 0 0 
