32 <--# of nodes, 97 edges
1 3
1 18
1 20
1 21
1 23
2 4
2 5
2 28
3 4
3 5
3 12
3 13
3 20
3 24
4 32
5 4
5 7
5 14
5 17
5 22
6 4
6 20
6 22
7 8
7 16
7 19
7 22
7 23
7 25
7 32
8 4
8 24
9 23
10 9
10 11
10 13
10 29
10 31
11 7
11 16
11 17
12 4
12 5
12 25
13 1
13 2
13 26
14 4
14 23
15 1
15 19
16 6
16 12
16 24
16 26
17 8
17 14
17 27
17 32
18 3
18 14
18 27
18 31
19 14
19 15
20 3
20 6
20 23
20 24
21 13
21 14
21 18
21 22
22 1
22 8
22 16
22 19
22 24
22 29
23 8
23 17
24 31
25 29
26 11
26 17
27 19
28 6
28 29
30 3
30 29
31 1
31 10
31 12
31 19
32 9
32 17
32 26
Loss 0 0 0 0 0 0 0 0 97 0 0 0 94 29 0 0 0 76 0 0 0 0 35 0 0 0 0 0 0 0 0 0 
