42 <--# of nodes, 175 edges
1 6
1 12
1 13
1 18
1 23
1 25
1 28
1 29
2 5
2 14
2 28
2 31
3 5
3 8
3 9
3 21
3 39
3 42
4 6
4 11
4 39
4 42
5 35
6 3
6 9
6 18
6 22
6 41
7 12
7 22
7 28
7 31
7 36
7 39
7 41
8 11
9 14
9 20
9 22
9 29
9 35
9 38
9 41
10 15
11 2
11 9
11 32
12 7
12 8
12 17
12 20
12 30
12 34
12 36
13 10
13 12
13 16
13 24
13 34
14 17
15 6
15 16
15 18
16 8
16 22
16 24
16 29
16 31
16 38
17 1
17 16
17 21
18 12
18 13
18 17
18 20
18 26
19 5
19 7
19 9
19 15
19 26
19 35
19 38
19 39
20 1
20 2
20 9
20 16
20 39
21 37
21 38
22 1
22 7
22 13
22 15
22 19
23 11
24 17
24 21
24 28
25 5
25 10
25 11
26 2
26 3
26 8
26 12
26 13
26 25
27 1
27 3
27 12
27 22
27 41
28 8
28 12
28 16
28 21
28 26
28 29
29 8
30 11
30 24
31 15
31 29
31 30
32 7
32 21
32 28
32 29
32 35
32 41
33 4
33 10
33 12
33 36
33 40
34 6
34 20
35 11
35 15
35 17
35 24
36 4
36 6
36 20
36 26
37 6
37 9
37 11
37 29
38 15
38 17
38 23
38 25
38 28
38 29
38 35
38 42
39 2
39 4
39 5
39 20
39 22
40 7
40 26
40 35
41 23
41 30
41 32
42 1
42 5
42 11
42 38
Loss 0 22 36 23 0 24 0 0 0 8 0 0 0 0 0 0 0 0 0 0 0 0 0 0 0 0 0 0 95 0 0 0 0 0 0 0 0 0 0 0 20 0 
