28 <--# of nodes, 80 edges
1 14
1 26
1 27
2 5
2 24
3 5
3 9
3 17
3 18
4 5
4 24
6 23
7 2
7 6
7 27
9 8
9 12
10 3
10 9
10 14
11 25
11 27
12 15
12 26
12 28
13 12
14 2
14 21
14 28
16 1
16 11
16 13
16 17
17 3
17 28
18 1
18 4
18 9
18 10
18 11
18 25
19 11
19 14
19 24
20 16
20 23
20 26
21 1
21 7
21 8
21 9
21 10
21 15
21 20
21 28
22 1
22 4
22 21
22 25
23 12
23 20
23 24
23 28
24 8
24 14
24 20
25 3
25 17
25 24
25 28
26 7
26 23
26 25
27 2
27 5
27 12
27 22
27 28
28 5
28 8
Loss 0 0 0 74 0 0 0 0 33 0 20 0 0 0 0 0 48 33 29 0 0 0 0 0 57 0 0 0 
