55 <--# of nodes, 311 edges
1 3
1 36
1 49
2 4
2 23
2 24
2 30
2 35
3 32
3 41
3 48
3 54
4 22
4 39
4 41
4 42
4 46
4 47
4 51
5 4
5 6
5 7
5 11
5 15
5 18
5 20
5 21
5 28
5 29
5 36
5 46
5 48
5 53
6 2
6 4
6 9
6 12
6 13
6 35
6 45
7 1
7 10
7 14
7 15
7 40
8 4
8 24
8 32
8 43
8 54
9 2
9 10
9 17
9 54
10 7
10 11
10 16
10 19
10 28
10 37
10 50
10 52
10 53
11 14
11 36
11 37
11 46
11 50
12 15
12 18
12 26
12 44
12 47
13 3
13 4
13 24
13 25
13 26
13 33
13 38
13 39
14 5
14 16
14 29
14 32
14 49
15 3
15 54
16 13
16 14
16 34
16 43
16 44
16 46
16 52
16 55
17 1
17 7
17 21
17 22
17 23
17 31
17 33
17 37
17 39
17 41
17 42
18 1
18 3
18 10
18 12
18 14
18 20
18 28
18 31
18 33
18 44
18 49
19 11
19 21
19 24
19 43
19 55
20 6
20 10
20 32
20 39
20 45
20 48
21 19
21 27
21 39
22 7
22 11
22 16
22 18
22 19
22 32
22 43
22 46
22 53
23 1
23 4
23 7
23 13
23 17
23 31
23 32
23 43
23 53
24 4
24 6
24 25
24 34
24 35
24 45
25 3
25 21
25 33
25 54
26 2
26 29
26 30
26 53
27 7
27 17
27 25
27 26
27 36
27 42
27 43
27 52
28 38
28 53
29 7
29 9
29 20
30 2
30 34
30 45
30 52
31 7
31 16
31 39
31 40
31 50
32 6
32 14
32 16
32 30
32 34
32 46
33 9
33 19
33 40
33 49
33 50
34 5
34 11
34 23
34 30
34 33
34 54
35 3
35 4
35 20
35 37
35 49
36 9
36 21
36 33
36 34
36 47
36 49
36 51
37 13
37 48
38 1
38 9
38 22
38 24
38 33
38 37
38 40
38 50
39 2
39 3
39 13
39 18
39 19
39 24
40 6
40 34
40 50
41 8
41 32
41 33
41 43
41 52
41 53
41 54
42 36
42 46
42 55
43 8
43 14
43 23
43 36
43 42
43 51
44 30
44 33
44 42
44 49
45 6
45 18
45 50
45 54
46 20
46 37
46 47
47 23
47 34
48 9
48 22
48 32
48 46
49 8
49 13
49 45
50 8
50 12
50 20
50 25
50 27
50 37
50 45
50 48
51 16
51 21
51 29
51 48
52 16
52 19
52 24
52 28
52 30
52 33
52 36
52 38
52 41
52 42
53 6
53 21
53 23
53 26
53 31
53 32
53 37
53 43
53 48
53 51
54 11
54 18
54 41
54 51
55 13
55 16
55 26
55 34
55 45
Loss 0 0 95 49 37 0 0 0 0 86 66 48 0 0 0 16 0 0 0 0 0 0 0 2 60 0 0 17 0 0 83 0 62 0 83 0 0 9 85 0 0 48 0 0 0 0 0 0 0 0 0 53 0 45 33 
