26 <--# of nodes, 78 edges
1 7
1 8
1 13
1 17
2 10
3 1
3 8
3 19
3 20
3 21
4 6
5 11
6 8
6 11
6 22
7 4
7 25
8 5
8 6
8 12
8 16
8 17
8 23
9 3
9 6
9 16
9 18
9 23
10 19
11 5
11 17
11 23
12 2
13 5
13 14
13 16
13 25
14 7
14 15
15 1
15 5
15 6
15 9
15 14
15 21
15 24
16 12
17 2
17 7
17 18
17 26
18 13
18 15
18 17
18 21
19 8
20 1
20 2
20 5
20 13
21 10
22 1
22 6
22 25
23 2
23 9
23 12
23 14
24 4
24 5
24 6
25 2
25 6
26 3
26 5
26 12
26 17
26 19
Loss 0 0 0 0 0 0 0 0 0 0 4 0 0 0 0 0 0 67 0 0 0 0 0 0 0 18 
