52 <--# of nodes, 259 edges
1 13
1 18
1 21
1 23
1 29
1 36
1 44
1 47
1 51
1 52
2 12
3 1
3 6
3 16
3 37
4 2
4 41
5 3
5 16
5 32
6 9
6 20
6 36
6 39
6 41
6 51
7 10
7 20
7 29
7 31
7 36
7 38
7 46
7 48
8 19
8 41
8 52
9 5
9 31
9 35
9 51
9 52
10 1
10 16
10 31
11 28
11 30
11 36
12 2
12 5
12 13
12 16
12 30
12 42
12 46
12 48
12 50
13 7
13 15
13 28
13 37
13 44
13 45
13 47
14 41
14 45
15 2
15 7
15 9
15 13
15 21
15 22
15 29
15 30
15 39
15 45
15 48
16 9
16 42
17 25
17 29
17 30
18 7
18 16
18 45
19 7
19 18
19 49
20 18
20 45
20 51
20 52
21 14
21 24
21 26
22 1
22 17
22 20
22 29
22 52
23 11
23 18
23 25
23 44
23 47
24 3
24 12
24 37
24 48
25 3
25 13
25 15
25 22
25 42
25 45
25 52
26 12
26 25
26 48
27 3
27 13
27 24
27 43
28 10
28 14
28 34
29 20
29 34
29 41
29 50
30 3
30 5
30 10
30 28
30 31
30 44
30 48
31 5
31 12
31 24
31 40
31 47
32 13
32 22
32 28
32 36
32 39
32 47
32 49
32 51
33 15
33 16
33 34
34 1
34 6
34 11
34 18
34 22
34 25
34 37
34 38
34 51
35 16
35 25
35 31
35 46
36 20
36 24
37 11
37 16
37 30
37 31
37 34
37 39
38 15
38 27
39 27
39 29
40 8
40 18
40 32
40 33
40 46
40 49
40 51
41 2
41 26
41 35
41 43
41 44
41 47
41 50
42 5
42 13
42 24
42 29
42 50
43 12
43 16
43 24
43 35
43 50
43 52
44 4
44 12
44 15
44 18
44 21
44 27
44 30
44 39
45 8
45 13
45 34
45 43
45 50
46 3
46 22
46 31
46 33
46 41
46 49
47 4
47 27
47 31
47 46
48 3
48 13
48 20
48 24
48 36
48 41
48 50
49 6
49 7
49 16
49 39
50 6
50 9
50 20
50 28
50 32
50 46
50 47
51 1
51 4
51 6
51 15
51 17
51 26
51 37
51 45
52 3
52 7
52 11
52 12
52 32
52 35
52 45
Loss 0 0 0 0 0 0 0 0 0 0 0 0 93 0 0 0 73 0 68 0 92 0 0 90 0 79 0 0 0 0 95 0 62 0 0 0 0 0 0 0 0 0 0 0 0 0 0 95 0 0 87 0 
