26 <--# of nodes, 65 edges
1 19
1 25
2 4
2 13
3 5
3 20
4 18
5 1
5 2
5 13
5 16
5 17
6 2
6 4
6 13
7 3
8 18
8 20
8 23
9 7
10 18
10 19
10 23
11 10
11 14
11 19
11 21
12 3
12 17
12 19
13 16
14 18
15 9
15 12
15 20
15 26
16 2
16 19
17 5
17 8
17 20
17 21
19 7
19 9
19 11
20 9
20 16
20 24
21 3
21 9
22 2
22 14
22 20
22 25
23 6
23 7
23 16
23 17
23 22
24 2
24 16
24 18
25 9
25 23
26 16
Loss 0 94 0 93 9 0 0 0 0 0 0 0 0 0 0 0 0 0 0 0 0 0 0 53 57 0 
