39 <--# of nodes, 156 edges
1 13
1 16
1 28
1 39
2 1
2 6
2 10
2 36
3 5
3 6
3 14
3 31
3 33
4 20
4 21
4 23
4 33
5 7
6 7
6 15
6 20
6 24
6 30
6 35
7 5
7 28
8 2
8 10
8 14
8 25
8 33
8 38
9 4
9 5
9 6
9 30
10 5
10 21
10 22
10 37
10 39
11 15
11 25
11 28
11 33
12 3
12 14
12 18
12 27
13 10
13 27
13 31
13 34
14 1
14 10
14 20
15 22
15 36
16 9
16 11
16 18
16 35
17 3
17 9
17 18
17 20
18 4
18 10
18 15
18 30
18 34
19 2
19 5
19 9
19 16
19 20
19 22
19 23
19 26
19 32
20 5
20 30
21 5
21 25
21 35
22 4
22 7
22 24
23 3
23 10
23 15
23 16
23 19
23 27
24 2
24 5
24 15
24 18
24 19
24 21
24 31
24 35
25 4
25 6
25 30
26 16
26 34
26 35
27 15
27 17
27 29
27 31
28 6
28 19
28 20
28 31
29 5
29 10
29 12
29 21
29 24
30 2
30 3
30 39
32 3
33 7
33 34
34 6
34 7
34 13
34 16
35 3
35 5
35 15
35 20
35 27
35 29
35 34
35 36
35 38
36 24
36 28
37 7
37 11
37 14
37 19
37 28
37 34
37 35
37 39
38 9
38 18
39 11
39 13
39 29
39 30
Loss 0 0 77 0 0 0 0 0 3 0 45 0 35 0 0 35 0 28 0 0 0 52 0 0 0 0 0 0 0 0 89 0 0 0 0 0 0 68 0 
