32 <--# of nodes, 101 edges
1 5
1 6
1 7
1 23
1 25
2 7
2 17
2 21
3 18
3 25
3 27
4 2
4 3
4 7
4 30
4 32
5 4
5 19
5 31
6 11
6 17
7 6
7 10
8 4
8 15
8 28
8 32
9 15
10 7
10 13
11 3
11 4
11 17
11 20
11 24
11 28
11 31
12 3
12 22
13 8
13 16
13 20
14 7
14 11
14 16
15 9
16 10
16 22
16 23
17 6
17 22
17 24
17 26
18 7
18 23
18 25
18 26
18 27
18 28
18 31
19 9
19 23
19 25
19 27
20 3
21 9
21 13
21 18
22 6
23 7
23 27
23 28
24 2
24 4
24 5
24 8
24 9
24 11
24 26
25 8
25 18
25 26
26 11
27 5
27 6
27 9
27 14
27 23
27 26
28 20
28 30
29 2
29 22
29 23
29 25
29 28
30 5
31 8
31 16
32 6
32 27
Loss 0 0 0 69 0 0 0 0 0 35 0 0 0 0 0 0 12 0 0 0 0 0 0 0 0 0 0 0 0 0 0 0 
