50 <--# of nodes, 247 edges
1 10
1 19
1 20
1 21
1 35
1 37
1 41
3 4
3 12
3 14
3 48
4 14
4 22
4 24
4 42
5 2
5 4
5 9
5 10
5 16
5 31
5 47
6 14
6 15
6 24
6 37
7 10
7 22
7 25
7 26
7 39
8 29
8 30
8 33
8 36
9 22
9 31
9 36
9 44
10 19
10 23
10 24
10 36
10 48
11 1
11 16
11 18
11 19
11 23
11 30
11 34
11 46
12 16
12 18
12 23
12 29
12 46
13 11
13 45
13 50
14 8
14 9
14 10
14 13
14 23
14 27
14 36
14 40
14 41
14 45
14 49
15 26
15 41
16 19
16 27
16 30
16 31
16 45
17 9
17 20
17 23
17 25
17 28
17 41
17 50
18 4
18 27
18 36
18 39
19 1
19 20
20 8
20 32
20 36
20 39
20 48
20 49
20 50
21 16
21 36
22 5
22 11
22 27
22 30
22 32
22 36
23 11
23 12
23 21
23 22
23 42
24 15
24 41
24 44
24 47
25 7
25 10
25 23
25 27
25 29
25 31
26 5
26 19
26 22
26 31
26 34
26 36
26 37
26 50
27 18
27 26
27 42
28 4
28 15
28 23
28 24
29 6
29 9
29 18
29 31
29 33
29 36
29 42
29 48
30 3
30 8
30 13
30 29
30 35
30 37
30 47
30 49
31 1
31 7
31 9
31 22
31 42
31 45
31 48
31 49
32 5
32 8
32 16
32 25
32 31
32 40
32 43
32 50
33 4
33 7
33 9
33 20
33 29
33 43
33 47
34 8
34 18
34 31
34 49
35 4
35 7
35 9
35 12
35 20
35 37
36 6
36 10
36 18
36 27
36 32
36 35
37 21
37 27
37 40
37 42
38 13
38 21
38 30
38 43
39 9
39 17
39 32
39 38
39 44
39 47
40 5
40 16
40 43
41 8
41 31
42 4
42 31
42 34
42 35
43 2
43 8
43 9
43 19
43 46
43 49
43 50
44 4
44 6
44 14
45 5
45 36
46 11
46 14
46 16
46 31
46 40
46 41
47 25
47 46
48 23
48 36
48 38
48 43
49 9
49 11
49 19
49 21
49 30
50 4
50 10
50 40
50 45
Loss 0 10 75 0 0 0 0 0 0 0 46 0 51 91 0 61 0 7 0 0 0 0 0 0 50 91 0 83 0 2 0 0 0 0 0 0 0 0 0 0 0 0 0 0 0 0 0 0 0 0 
