55 <--# of nodes, 313 edges
1 8
1 14
1 41
1 50
1 51
2 16
2 17
2 18
2 20
2 50
2 51
2 52
3 14
3 16
3 21
3 32
3 47
4 13
4 16
4 23
4 36
4 45
4 51
4 52
5 9
5 10
5 13
5 17
5 24
5 30
5 43
5 46
5 48
6 26
6 36
6 37
6 40
7 18
7 27
7 30
7 33
7 41
7 52
8 1
8 4
8 6
8 13
8 15
8 40
8 43
8 48
9 10
9 13
9 28
9 40
10 42
10 49
10 52
10 55
11 4
11 7
11 25
11 37
11 38
11 47
11 53
12 5
12 6
12 9
12 14
12 17
12 21
12 25
12 28
12 29
13 2
13 5
13 18
13 26
13 34
13 43
13 44
14 4
14 17
14 38
14 41
14 52
15 4
15 10
15 16
15 17
15 37
15 42
15 53
16 22
16 36
16 45
16 50
17 8
17 16
17 18
17 23
17 51
17 52
18 1
18 4
18 6
18 11
18 24
18 48
19 16
19 17
19 40
19 45
19 51
20 4
20 7
20 11
20 15
20 19
20 26
20 33
20 34
20 36
20 40
21 14
21 25
21 35
21 37
21 52
21 54
22 23
22 40
22 48
23 9
23 10
23 13
23 24
24 30
24 32
24 44
24 48
24 54
25 6
25 11
25 17
25 18
25 23
25 28
25 29
25 43
25 49
26 33
26 41
26 54
27 1
27 4
27 18
27 23
27 33
28 21
28 42
28 49
28 55
29 2
29 22
29 27
29 35
29 51
29 53
30 11
30 54
31 2
31 3
31 8
31 9
31 10
31 18
31 20
31 23
31 25
31 40
31 48
32 22
32 24
32 29
32 46
33 1
33 5
33 10
33 32
34 10
34 49
35 1
35 25
35 39
35 55
36 1
36 7
36 24
36 29
37 8
37 15
37 24
37 26
37 42
38 10
38 13
38 31
38 32
39 1
39 6
39 9
39 18
39 19
39 32
39 49
40 6
40 26
40 43
40 44
40 45
41 1
41 15
41 33
41 44
42 19
42 36
42 44
42 47
43 14
43 21
43 40
43 53
44 20
44 27
44 32
44 37
44 50
44 51
45 3
45 14
45 18
45 21
45 30
45 35
45 52
45 54
46 7
46 25
46 32
46 41
47 4
47 16
47 24
47 40
47 50
47 52
48 4
48 5
48 13
48 25
48 37
48 52
48 55
49 24
49 27
49 32
49 35
49 42
49 43
49 54
49 55
50 8
50 10
50 12
50 25
50 29
50 43
50 48
50 53
51 9
51 13
51 14
51 15
51 21
51 33
51 44
51 46
51 53
52 1
52 25
52 28
52 31
52 36
52 54
53 13
53 19
53 22
53 37
53 45
53 47
54 6
54 17
54 23
54 38
55 3
55 23
55 33
55 36
55 45
55 46
55 54
Loss 0 0 0 28 11 45 0 0 25 0 0 54 0 0 0 0 37 0 0 0 0 0 0 0 0 0 0 0 0 55 87 0 0 0 0 0 0 0 0 0 0 39 23 0 0 0 70 0 0 8 0 0 0 87 0 
