39 <--# of nodes, 154 edges
1 3
1 5
1 7
1 9
1 21
1 29
2 9
2 21
3 1
3 8
3 19
3 36
3 37
4 14
4 21
5 3
5 17
5 33
6 10
6 14
6 16
6 36
7 2
7 5
7 9
7 10
8 16
8 18
8 23
9 3
9 10
9 24
9 31
10 5
10 30
11 2
11 8
11 24
11 32
12 6
12 14
12 24
13 2
13 27
13 30
14 9
14 27
14 30
14 33
14 37
15 2
15 4
15 27
15 39
16 10
16 13
16 23
16 31
16 34
16 37
17 8
17 11
17 16
17 24
17 33
18 1
18 17
18 23
18 25
19 5
19 6
19 9
19 11
19 25
19 32
19 33
20 5
20 13
20 14
20 35
21 11
21 18
21 27
22 19
22 34
22 35
23 1
23 17
23 18
24 12
24 13
24 22
24 33
24 34
25 2
25 3
25 6
25 22
26 3
26 7
26 11
26 17
26 23
26 30
26 31
27 2
27 28
27 33
27 38
29 4
29 6
29 14
29 18
29 21
29 23
29 37
29 38
29 39
30 4
30 5
30 21
30 22
30 29
30 37
31 6
31 13
31 22
31 23
31 25
31 28
31 35
32 21
33 8
33 36
34 3
34 32
35 3
35 33
36 11
36 12
36 14
36 16
36 31
37 6
37 12
37 16
37 30
38 15
38 19
39 9
39 14
39 17
39 24
39 34
Loss 0 0 0 0 0 0 0 0 11 0 74 0 0 0 0 0 0 6 0 0 0 82 0 0 0 0 0 0 0 0 0 32 50 0 0 0 0 0 0 
