28 <--# of nodes, 71 edges
1 3
1 14
2 10
2 17
2 20
2 27
3 6
3 9
3 12
3 13
4 9
4 11
4 18
5 17
6 8
6 9
6 28
7 16
7 27
8 3
9 6
9 16
9 19
9 21
10 5
10 25
10 27
10 28
11 12
11 15
12 2
12 8
12 13
12 28
13 5
14 10
14 17
14 20
15 7
15 14
15 21
16 14
17 5
17 9
17 11
17 16
18 2
18 5
18 17
19 4
19 25
20 12
21 17
21 24
21 27
22 27
23 13
23 27
24 5
24 10
24 28
25 13
26 7
26 18
26 22
27 3
27 11
27 18
27 25
28 6
28 16
Loss 0 0 0 0 99 0 0 0 0 0 0 0 0 0 0 0 0 0 0 0 0 0 36 0 0 0 0 0 
