60 <--# of nodes, 342 edges
1 33
2 5
2 14
2 19
2 24
2 25
2 27
2 45
2 46
2 49
2 50
2 55
3 20
3 41
3 48
3 53
4 16
4 18
4 20
4 23
4 30
4 52
4 59
5 19
5 31
5 56
5 58
5 60
6 8
6 18
6 50
7 3
7 8
7 10
7 23
7 41
7 45
7 60
8 1
8 58
9 15
9 22
9 42
9 47
9 59
10 5
10 17
10 18
10 31
10 33
10 36
10 42
11 12
11 33
11 47
12 7
12 14
12 24
12 32
12 49
12 50
12 51
12 54
12 55
13 8
13 23
13 28
13 40
14 10
14 18
14 19
14 20
14 21
14 48
14 51
14 56
15 2
15 20
15 30
15 37
15 39
15 40
15 46
17 1
17 16
17 47
17 48
17 53
17 57
18 22
18 35
18 38
19 6
19 8
19 22
19 51
19 58
20 21
20 24
20 25
20 28
20 39
20 59
21 11
21 12
21 33
21 53
22 7
22 20
22 38
22 51
22 57
23 19
23 20
23 33
23 40
23 54
24 11
24 16
24 17
24 41
24 50
24 52
25 38
26 8
26 12
26 24
26 56
27 3
27 13
27 16
27 17
27 42
27 45
27 51
27 58
27 60
28 9
28 20
28 22
28 30
28 31
28 33
28 46
28 51
29 6
29 7
29 9
29 11
29 19
29 28
29 39
29 52
29 53
29 57
29 58
30 36
30 46
30 59
31 5
31 24
31 30
31 34
32 7
32 12
33 5
33 7
33 11
33 16
33 47
33 55
33 58
33 59
33 60
34 58
35 17
35 19
35 23
35 33
35 41
35 50
36 5
36 9
36 29
36 37
36 41
36 43
36 60
37 4
37 12
37 41
37 57
37 58
38 30
38 41
38 49
39 1
39 8
39 19
39 25
39 31
39 60
40 4
40 9
40 11
40 12
40 26
40 29
40 30
40 42
40 49
40 52
40 55
41 4
41 6
41 10
41 16
41 17
41 22
41 37
42 11
42 16
42 32
42 40
42 44
43 2
43 10
43 13
43 22
43 37
43 42
43 55
43 59
44 34
44 38
44 42
44 50
44 51
44 55
45 4
45 10
45 39
45 42
45 50
45 54
46 1
46 2
46 6
46 10
46 18
46 19
46 24
46 50
47 13
47 24
47 39
47 56
47 58
48 3
48 5
48 13
48 15
48 19
48 32
48 56
49 9
49 17
49 52
50 1
50 6
50 13
50 14
50 19
50 59
51 4
51 11
51 39
51 48
51 52
52 5
52 12
52 29
52 36
52 38
53 7
53 23
53 24
53 43
54 26
54 29
54 35
54 37
54 45
54 47
54 53
55 10
55 23
55 29
55 38
55 40
56 11
56 14
56 17
56 25
56 27
56 28
56 32
56 34
56 36
56 42
56 46
56 49
56 50
57 2
57 8
57 12
57 18
57 40
57 53
57 55
58 30
58 33
58 36
58 45
58 47
58 52
58 57
59 2
59 26
59 31
59 34
59 38
59 40
59 42
59 44
59 57
60 11
60 12
60 13
60 19
60 34
60 37
Loss 0 0 0 0 0 18 43 0 0 0 0 0 57 23 0 0 0 0 45 0 0 0 0 0 0 0 0 0 0 0 0 0 15 0 95 75 0 0 63 0 0 59 0 0 0 56 0 75 78 97 0 0 0 0 0 0 0 0 0 0 
