51 <--# of nodes, 252 edges
1 12
1 15
2 6
2 8
2 24
2 29
2 30
2 40
2 45
2 48
3 1
3 30
3 34
3 44
4 17
4 19
4 23
4 26
4 27
4 33
5 1
5 17
5 19
5 23
5 28
5 32
5 36
5 37
6 21
6 26
6 48
7 1
7 19
7 30
7 33
7 37
7 51
8 4
8 9
8 15
8 22
8 24
8 25
8 27
8 37
8 46
8 47
8 51
9 19
9 35
10 6
10 13
10 28
10 30
10 41
10 49
10 50
11 12
11 40
11 43
11 50
12 11
12 16
12 18
12 24
12 47
12 50
13 4
13 25
13 26
13 28
13 43
14 11
14 12
14 16
14 27
14 39
15 13
15 14
15 26
15 33
15 39
15 46
15 49
16 6
16 19
16 35
17 8
17 18
17 32
17 38
17 42
18 12
18 13
18 25
19 18
19 33
19 40
19 41
20 24
20 43
20 45
20 47
21 9
21 22
21 29
21 30
21 37
22 5
22 7
22 16
22 23
22 24
22 32
22 35
23 1
23 4
23 5
23 29
23 31
23 48
24 1
24 2
24 7
24 14
24 20
24 31
24 43
24 51
25 14
25 16
25 27
25 33
25 47
25 48
26 4
26 12
26 13
26 19
27 20
28 4
28 21
28 41
28 50
29 8
29 11
29 35
29 37
29 39
30 1
30 18
30 20
30 25
30 26
30 34
30 48
30 51
31 9
31 10
31 12
31 26
31 35
31 48
32 2
32 23
32 37
32 49
33 3
33 12
33 16
33 37
33 43
34 5
34 20
34 21
34 25
34 44
35 3
35 4
35 14
35 16
35 20
35 44
35 51
36 13
36 24
36 31
37 4
37 6
37 9
37 35
38 15
38 16
38 19
39 2
39 15
39 28
39 49
40 9
40 12
40 14
40 15
40 22
40 25
40 42
40 48
41 8
41 22
41 25
41 37
42 16
42 20
43 13
44 8
44 10
44 11
44 14
44 18
44 21
44 28
44 50
45 3
45 6
45 30
45 42
46 4
46 6
46 36
46 41
47 27
47 30
47 36
47 37
48 3
48 8
48 10
48 44
49 19
49 27
50 2
50 4
50 24
50 36
50 47
51 5
51 6
51 8
51 16
51 27
51 29
51 40
51 46
Loss 0 0 98 0 0 0 0 0 44 0 28 0 0 0 0 0 0 0 0 0 0 0 0 0 0 0 85 0 0 0 81 51 0 0 0 64 0 99 0 83 0 0 0 0 0 29 89 0 0 0 0 
