69 <--# of nodes, 505 edges
1 23
1 26
1 52
1 63
1 64
2 4
2 11
2 17
2 21
2 27
2 30
2 36
2 40
2 57
2 67
2 69
3 15
3 16
3 22
3 31
3 32
3 44
3 51
3 59
3 67
3 69
4 11
4 20
4 24
4 27
4 34
4 53
4 58
5 17
5 26
5 27
5 34
5 36
5 50
5 69
6 3
6 21
6 33
6 46
6 53
7 14
7 16
7 17
7 20
7 30
7 37
7 41
7 58
7 62
8 28
8 36
8 54
8 62
9 4
9 5
9 12
9 16
9 24
9 63
9 65
9 67
10 2
10 20
10 26
10 35
10 39
10 45
10 48
10 56
11 10
11 14
11 19
11 25
11 28
11 36
11 50
11 57
11 59
11 60
12 21
12 31
12 48
12 49
12 51
13 2
13 15
13 17
13 22
13 25
13 28
13 43
13 52
13 68
13 69
14 12
14 13
14 16
14 29
14 31
14 35
14 49
14 57
15 20
15 24
15 26
15 29
15 38
15 42
16 8
16 35
16 46
16 52
16 67
17 13
17 14
17 26
17 33
17 34
17 52
17 60
17 66
18 1
18 21
18 23
18 32
18 41
18 49
18 57
18 63
19 3
19 4
19 10
19 11
19 21
19 25
19 36
19 49
19 53
19 62
19 65
19 68
20 13
20 14
20 24
20 29
20 34
20 35
20 36
20 39
20 46
20 49
20 55
20 68
21 6
21 11
21 17
21 22
21 28
21 47
21 53
21 60
22 12
22 20
22 53
22 55
22 57
23 1
23 4
23 29
23 46
23 67
24 8
24 21
24 25
24 32
24 34
24 38
24 51
24 55
24 68
25 1
25 5
25 7
25 11
25 17
25 18
25 30
25 52
25 57
25 68
25 69
26 3
26 4
26 9
26 20
26 23
26 39
27 3
27 6
27 12
27 14
27 19
27 22
27 26
27 63
27 65
27 67
28 18
28 19
28 25
28 42
28 43
28 48
28 50
28 55
28 60
28 64
28 66
29 1
29 7
29 15
29 30
29 33
29 38
29 39
29 41
29 55
29 63
30 6
30 17
30 24
30 26
30 28
30 31
30 40
30 42
30 63
31 2
31 17
31 21
31 36
31 44
31 54
31 66
31 69
32 13
32 19
32 21
32 41
32 42
32 60
33 13
33 15
33 23
33 59
33 63
33 67
33 69
34 25
34 26
34 33
34 55
34 58
35 7
35 23
35 28
35 33
35 48
35 64
36 10
36 23
36 31
36 40
36 47
36 58
36 59
37 8
37 10
37 17
37 50
37 53
37 56
38 1
38 7
38 27
38 29
38 31
38 41
38 67
38 68
39 10
39 41
39 42
39 46
39 47
39 49
39 62
39 63
39 67
40 21
40 24
40 29
40 38
40 39
40 50
40 67
41 21
41 29
41 35
41 50
42 8
42 36
42 44
42 53
43 6
43 9
43 12
43 15
43 39
43 62
44 5
44 11
44 17
44 18
44 23
44 28
44 32
44 33
44 57
44 59
44 69
45 29
45 30
45 59
45 69
46 2
46 6
46 32
46 47
46 51
46 57
47 26
47 31
47 32
47 52
47 61
47 69
48 8
48 22
48 31
48 33
48 34
48 36
48 53
48 54
49 21
49 41
49 56
50 1
50 2
50 13
50 33
50 36
50 44
50 47
50 51
50 55
50 65
50 69
51 28
51 47
51 49
52 5
52 12
52 30
52 32
52 38
52 41
52 50
53 1
53 6
53 19
53 20
53 27
53 41
53 46
53 47
53 57
53 61
54 12
54 34
54 55
54 56
55 6
55 10
55 25
55 27
55 37
55 58
55 60
55 65
56 3
56 5
56 23
56 33
56 34
57 8
57 15
57 16
57 21
57 30
57 36
57 46
57 47
57 66
57 68
58 2
58 15
58 23
58 28
58 37
58 41
58 43
58 51
58 56
58 57
59 15
59 22
59 24
59 34
59 39
59 43
59 68
59 69
60 4
60 10
60 37
60 41
60 43
60 67
61 30
61 37
61 38
61 42
61 58
61 62
61 63
61 69
62 2
62 6
62 9
62 19
62 22
62 36
62 50
62 64
63 14
63 33
63 61
63 66
64 7
64 17
64 21
64 55
64 69
65 4
65 5
65 10
65 14
65 17
65 38
65 42
65 45
65 48
65 59
66 5
66 19
66 37
66 54
67 1
67 22
67 31
67 32
67 46
67 57
67 62
67 63
68 5
68 6
68 10
68 11
68 26
68 36
68 40
68 44
68 57
68 58
69 1
69 56
69 68
Loss 0 0 0 0 0 0 36 0 0 0 0 0 0 0 0 0 0 0 0 46 42 0 0 0 6 72 0 0 87 0 0 41 0 0 0 0 80 0 66 0 0 0 0 0 0 0 3 0 0 0 0 0 0 0 0 0 23 0 0 0 0 0 13 0 0 0 36 0 48 
