28 <--# of nodes, 77 edges
1 3
2 8
2 16
2 17
2 19
2 21
2 28
3 8
4 1
4 9
4 18
4 20
5 6
5 16
6 9
6 10
6 13
6 16
7 2
7 8
7 21
7 27
8 11
8 22
9 3
9 15
9 21
10 7
10 24
11 21
11 23
12 10
12 18
12 22
12 25
13 9
13 26
13 28
14 21
14 25
15 5
15 7
15 16
15 24
16 17
17 2
17 3
17 8
17 11
17 12
17 14
18 21
19 13
19 26
20 6
22 6
22 14
22 18
22 20
22 21
22 26
23 7
23 10
23 21
23 25
24 27
24 28
25 3
25 15
25 18
26 19
26 21
27 3
27 20
28 2
28 5
28 13
Loss 0 0 0 88 0 0 0 0 0 0 0 0 0 2 0 0 0 0 51 0 32 0 0 0 0 0 0 0 
