50 <--# of nodes, 237 edges
1 24
1 29
1 31
1 38
1 48
2 17
2 23
2 26
2 38
3 14
4 2
4 3
4 17
4 19
4 20
4 23
4 40
4 41
4 44
4 49
5 1
5 2
5 11
5 30
5 45
6 27
7 3
7 5
7 17
7 22
7 27
7 37
7 40
8 38
8 41
9 8
9 17
9 18
9 27
10 7
10 19
10 29
10 35
10 43
10 48
11 22
11 29
11 42
11 43
11 47
12 2
12 9
12 31
12 49
13 6
13 31
13 32
13 35
13 45
14 7
14 18
14 49
15 12
15 25
15 32
16 10
16 12
16 25
16 34
16 43
16 48
17 10
17 40
17 50
18 20
18 31
18 42
18 48
19 17
19 26
19 41
19 42
19 43
19 45
20 11
20 14
20 15
20 41
20 42
21 1
21 28
21 32
22 1
22 5
22 11
22 17
22 18
22 21
22 24
22 43
23 13
23 16
23 26
23 41
24 4
24 16
24 26
24 27
24 28
24 35
24 47
25 28
25 42
25 44
26 1
26 11
26 15
26 17
26 43
26 44
27 11
27 15
27 37
27 40
27 49
28 11
28 18
28 22
29 1
29 3
29 6
29 8
29 10
29 13
29 15
29 19
29 24
29 30
29 43
30 20
30 21
30 32
30 39
30 50
31 5
31 6
31 42
31 44
31 45
32 12
32 18
32 19
32 30
32 33
32 44
32 47
33 11
33 15
33 17
33 43
33 46
33 49
34 15
34 19
34 20
34 22
34 29
34 32
34 40
34 45
35 46
36 11
37 2
37 6
37 13
37 17
37 27
38 6
38 8
39 9
39 11
39 13
39 30
39 37
39 38
39 42
40 19
40 38
40 48
41 20
41 23
41 46
41 50
42 11
42 13
42 17
42 32
42 33
42 34
42 39
42 40
42 46
43 29
43 40
43 44
44 7
44 23
44 36
44 40
44 50
45 8
45 13
45 14
45 19
46 15
46 22
46 37
47 18
47 22
47 23
47 35
47 36
47 48
48 6
48 17
48 29
48 34
49 5
49 19
49 25
49 36
49 48
50 10
50 15
50 28
50 32
50 33
Loss 0 96 0 0 0 0 0 0 0 0 0 0 0 63 0 0 0 0 0 0 0 0 0 0 0 0 0 0 21 0 0 0 0 0 0 0 0 0 0 0 0 11 5 0 0 0 0 0 0 0 
