42 <--# of nodes, 166 edges
1 3
1 9
1 12
1 27
1 39
2 20
2 24
2 26
3 27
3 32
3 34
4 14
4 29
4 31
4 32
5 11
6 1
6 11
6 25
6 33
7 14
7 18
7 25
7 31
8 11
8 35
9 11
9 13
9 17
9 30
9 38
9 42
10 14
10 33
11 6
11 18
11 25
12 15
12 21
12 32
12 42
13 6
13 11
13 37
14 7
14 8
14 17
14 34
15 23
15 28
15 36
15 39
16 3
16 4
16 13
16 22
17 6
17 19
17 22
17 23
17 30
17 37
17 40
18 3
18 11
18 16
18 36
18 41
18 42
19 8
19 16
20 8
20 17
20 18
20 26
20 34
20 38
21 6
21 13
21 34
22 12
22 19
22 41
23 1
23 2
23 3
23 10
23 26
23 33
23 39
23 40
24 38
24 41
25 3
25 32
26 42
27 1
27 10
27 11
27 17
27 19
27 23
28 27
28 34
28 41
29 2
29 11
29 14
29 15
29 27
30 4
30 7
30 18
30 22
30 24
31 3
31 10
31 16
31 17
32 5
32 6
32 8
32 13
32 25
32 27
32 36
33 2
33 8
33 13
33 15
33 26
33 27
33 30
33 32
34 15
34 22
34 27
34 28
35 8
35 14
35 15
35 26
36 1
36 3
36 18
36 21
36 24
36 34
37 2
37 14
37 17
37 20
37 36
38 4
38 17
38 24
38 25
39 40
40 2
40 14
41 1
41 12
41 18
41 25
42 1
42 24
Loss 0 0 0 72 0 0 0 0 0 0 0 0 71 0 0 0 0 0 0 0 0 0 0 61 0 0 0 0 5 0 0 0 1 69 77 0 0 53 54 31 26 0 
