30 <--# of nodes, 99 edges
1 9
1 17
1 28
2 4
2 15
2 16
2 27
2 29
2 30
3 15
3 21
3 22
3 28
4 7
4 10
4 17
4 23
5 8
5 21
5 22
6 5
6 15
6 26
6 29
7 1
7 12
7 18
7 21
8 7
8 13
8 16
9 5
9 7
9 22
10 5
10 24
11 4
11 8
11 18
12 13
12 23
13 7
13 9
13 20
13 25
13 30
14 7
14 12
15 8
15 24
16 2
16 20
16 26
17 9
17 10
17 13
17 21
17 26
18 23
19 1
19 16
19 18
19 21
19 22
19 23
20 8
20 15
20 17
20 21
20 23
21 1
21 11
21 20
21 28
22 20
22 21
23 28
24 9
24 10
24 13
24 16
24 25
24 26
25 1
25 7
25 11
25 12
26 8
26 11
26 12
26 19
27 5
27 7
27 21
28 3
28 6
28 17
29 7
29 25
Loss 0 0 0 0 61 0 0 0 0 0 0 0 0 18 0 0 0 0 0 0 0 0 76 0 0 88 0 0 0 25 
