29 <--# of nodes, 76 edges
1 11
2 9
2 28
3 6
3 11
3 13
4 5
4 10
4 19
4 23
5 10
6 8
6 28
7 13
7 27
8 10
8 11
8 20
9 15
10 25
11 7
12 14
12 16
12 19
13 23
13 26
13 27
14 11
14 27
15 1
15 13
15 23
15 29
16 14
16 20
16 22
16 28
17 4
17 11
17 15
17 16
18 7
18 17
19 2
19 6
20 4
20 10
20 13
21 10
21 15
22 3
22 10
22 18
23 27
24 1
24 4
25 1
25 7
25 9
25 10
26 1
26 6
26 11
26 18
27 5
27 21
27 28
28 2
28 7
28 11
28 22
28 26
28 27
29 7
29 11
29 23
Loss 0 75 40 0 0 0 53 0 0 0 0 0 0 0 0 63 0 0 0 0 0 0 0 3 98 64 0 97 44 
