59 <--# of nodes, 322 edges
1 8
1 17
1 26
2 4
2 6
2 10
2 25
2 26
2 29
2 39
2 42
2 51
2 59
3 26
3 49
4 36
4 43
4 52
5 9
5 41
5 48
6 2
6 4
6 23
6 26
6 28
6 32
6 45
7 12
7 19
7 24
7 28
7 35
7 37
7 51
7 55
8 12
8 26
8 35
8 45
8 48
8 53
8 56
9 25
9 27
9 31
9 35
9 37
9 40
9 45
9 52
10 11
10 14
10 22
10 31
10 32
10 40
11 1
11 6
11 7
11 24
11 38
11 40
11 54
12 5
12 10
12 24
12 44
13 18
13 25
13 30
14 1
14 9
14 26
14 28
14 35
14 46
14 50
15 36
15 45
15 59
16 21
16 32
16 52
16 57
17 3
17 32
17 40
17 55
17 57
18 3
18 26
18 40
18 41
18 58
19 4
19 24
19 25
19 33
19 46
19 48
19 51
19 56
20 41
20 51
21 5
21 17
21 46
21 50
21 55
22 1
22 6
22 42
22 44
22 49
23 4
23 7
23 18
23 28
23 29
23 32
23 48
24 1
24 22
24 25
24 33
24 38
26 5
26 13
26 20
26 39
26 40
27 4
27 16
27 19
27 21
27 30
27 43
27 53
27 55
28 12
28 16
28 24
28 31
28 41
28 45
28 52
29 9
29 13
29 37
29 43
30 4
30 18
30 20
30 24
30 34
30 37
30 56
31 1
31 14
31 19
31 54
32 1
32 29
32 37
32 48
32 52
32 53
32 55
33 8
33 24
33 30
33 38
33 40
33 51
34 8
34 19
34 21
34 40
34 49
34 55
35 12
35 29
35 34
35 38
35 58
36 12
36 14
36 17
36 18
36 20
36 22
36 32
36 34
36 38
36 39
37 18
37 25
37 40
37 42
37 43
38 26
38 33
38 34
38 40
38 41
38 47
38 54
38 58
39 12
39 22
39 26
40 7
40 9
40 33
40 58
41 17
41 20
41 23
41 31
41 34
41 35
41 37
42 11
42 16
42 19
42 21
42 28
42 33
42 53
43 12
43 13
44 6
44 7
44 15
44 16
44 23
44 26
44 34
45 8
45 25
45 49
45 51
45 58
46 5
46 7
46 37
46 40
46 43
47 1
47 10
47 22
47 39
47 42
48 32
48 33
48 38
48 41
48 54
48 58
49 19
49 28
49 45
51 4
51 15
51 23
51 27
51 55
52 1
52 9
52 13
52 37
52 43
52 44
53 1
53 7
53 14
53 24
53 59
54 7
54 15
54 22
54 32
54 33
54 35
54 42
54 48
55 9
55 30
55 31
55 41
55 53
55 54
55 59
56 20
56 30
56 35
56 37
56 54
57 8
57 13
57 19
57 21
57 25
57 33
57 34
57 52
57 53
58 10
58 16
58 36
58 40
58 41
58 49
58 52
59 2
59 5
59 6
59 22
59 26
59 46
59 48
Loss 0 32 0 0 0 0 35 0 0 0 0 46 0 0 0 0 0 0 0 0 0 61 0 88 0 0 0 0 0 91 83 0 0 0 45 0 0 0 0 0 81 0 99 0 0 0 0 0 0 0 0 0 0 0 0 0 0 0 0 
