65 <--# of nodes, 423 edges
1 3
1 5
1 35
1 38
1 50
1 58
2 41
2 44
2 45
2 46
2 56
3 4
3 16
3 23
3 36
3 38
4 9
4 19
4 52
4 63
5 10
5 46
5 55
5 58
5 61
6 12
6 34
6 35
6 45
7 1
7 12
7 25
7 26
7 38
7 60
8 12
8 14
8 18
8 25
8 59
8 64
9 5
9 11
9 26
9 32
9 57
10 6
10 11
10 16
10 29
10 37
10 42
10 45
10 51
11 7
11 39
11 40
11 41
11 57
11 58
11 65
12 2
12 3
12 13
12 20
12 22
12 26
12 30
12 43
12 45
12 47
12 49
12 51
12 54
12 57
13 12
13 32
13 57
14 20
14 23
14 33
14 56
14 65
15 5
15 7
15 12
15 13
15 18
15 19
15 25
15 31
15 56
15 57
16 3
16 4
16 8
16 14
16 22
16 28
16 34
16 42
16 55
17 1
17 7
17 9
17 25
17 32
17 37
17 38
17 40
17 52
17 55
18 1
18 5
18 7
18 40
18 51
18 65
19 4
19 10
19 17
19 41
19 45
19 51
19 58
19 59
20 24
20 33
20 41
20 45
21 1
21 17
21 33
21 43
21 48
22 4
22 7
22 14
22 30
22 31
22 47
22 61
22 65
23 28
23 40
23 42
23 49
23 53
23 56
23 61
23 62
23 64
24 11
24 35
24 45
25 1
25 2
25 28
25 33
25 34
25 51
25 54
26 10
26 16
26 28
26 32
26 34
26 38
26 40
26 49
27 5
27 11
27 14
27 23
27 50
27 59
27 61
27 63
28 16
28 30
28 31
28 33
29 2
29 4
29 11
29 12
29 45
29 50
30 2
30 10
30 16
30 35
30 45
30 57
30 59
30 60
31 2
31 5
31 7
31 13
31 37
31 39
31 46
31 59
32 14
32 18
32 38
32 39
32 47
32 56
32 57
33 5
33 16
33 25
33 32
33 40
33 43
33 55
33 61
33 64
34 42
34 58
34 65
35 5
35 14
35 23
35 26
35 55
35 59
35 64
36 2
36 3
36 5
36 8
36 31
36 34
37 9
37 10
37 17
37 30
37 35
37 51
37 57
38 3
38 9
38 10
38 13
38 15
38 27
38 30
38 43
39 2
39 27
39 32
39 34
39 41
39 44
39 46
39 50
39 62
39 64
40 1
40 2
40 6
40 7
40 17
40 22
40 24
40 39
40 56
40 57
40 61
41 5
41 33
41 35
42 24
42 32
42 45
42 48
42 51
42 61
43 11
43 15
43 31
43 33
43 53
43 56
43 62
44 3
44 11
44 48
44 49
44 53
44 62
45 8
45 12
45 23
45 29
45 41
45 52
45 57
46 6
46 21
46 23
46 25
46 34
46 42
46 58
47 20
47 34
47 42
47 43
47 48
47 51
47 52
47 53
47 58
47 61
48 9
48 10
48 24
48 42
49 9
49 15
49 20
49 31
49 44
50 10
50 11
50 13
50 23
50 42
50 59
51 14
51 27
51 30
51 47
51 52
52 10
52 14
52 29
52 30
52 31
52 40
52 50
52 54
53 10
53 25
53 42
54 4
54 19
54 23
54 24
54 46
54 53
54 57
55 16
55 23
55 26
55 52
55 58
56 49
57 2
57 16
57 20
57 27
57 30
57 33
57 47
57 56
58 4
58 23
58 25
58 27
58 43
59 6
59 14
59 23
59 24
59 28
59 30
59 35
59 39
59 43
59 45
59 55
59 62
60 8
60 38
60 56
61 1
61 7
61 10
61 37
61 38
62 12
62 48
62 52
63 10
63 19
63 25
63 35
63 46
63 50
63 56
63 64
64 13
64 17
64 21
64 28
64 34
64 38
64 62
65 13
65 23
65 32
65 33
65 40
65 43
65 48
65 51
65 54
65 55
Loss 0 0 0 0 0 0 29 26 0 0 0 0 0 0 0 0 0 0 0 84 0 0 0 0 0 0 0 0 0 46 0 60 0 0 0 0 0 69 0 98 0 56 36 29 0 0 0 0 0 0 0 0 0 0 84 0 0 0 23 0 0 0 0 0 9 
