69 <--# of nodes, 503 edges
1 6
1 13
1 22
1 32
1 34
1 37
1 47
1 60
2 15
2 16
2 20
2 22
2 27
2 29
2 30
2 47
2 49
2 58
3 12
3 24
3 35
3 49
3 54
3 58
3 59
3 67
4 26
4 27
5 7
5 13
5 34
5 44
5 58
5 61
6 3
6 22
6 36
6 37
6 55
6 59
6 67
7 31
7 34
7 47
7 50
7 51
7 57
8 3
8 14
8 29
8 55
8 57
9 23
9 29
9 35
9 60
10 1
10 2
10 8
10 11
10 18
10 32
10 40
10 48
10 49
10 54
10 55
10 65
10 67
11 6
11 26
11 30
11 35
11 36
11 38
11 56
11 62
12 7
12 8
12 15
12 20
12 38
12 46
12 62
13 24
13 32
13 38
13 58
14 4
14 13
14 19
14 34
14 42
14 47
14 61
14 67
15 2
15 33
15 38
15 40
15 51
15 65
16 8
16 10
16 13
16 15
16 19
16 24
16 54
16 58
17 2
17 12
17 39
17 45
17 55
18 11
18 17
18 21
18 41
18 46
18 48
18 58
19 3
19 29
19 35
19 69
20 14
20 33
20 39
20 45
20 53
20 57
20 64
21 1
21 4
21 15
21 29
21 31
21 47
21 67
22 1
22 3
22 9
22 20
22 26
22 39
22 43
22 55
22 61
23 4
23 21
23 22
23 28
23 35
23 39
23 53
24 1
24 11
24 38
24 53
24 56
24 67
25 12
25 13
25 23
25 29
25 34
25 37
25 38
26 4
26 38
26 39
26 51
26 53
26 57
26 59
26 65
26 67
27 36
27 38
27 39
27 41
27 60
28 12
28 25
28 31
28 36
28 49
28 53
28 61
28 64
28 68
29 33
29 50
30 5
30 18
30 21
30 36
30 37
30 39
30 54
30 67
31 13
31 18
31 37
31 42
31 54
32 3
32 15
32 22
32 26
32 44
32 45
32 68
33 14
33 22
33 28
33 50
33 66
34 14
34 25
34 36
34 40
34 44
34 58
34 63
35 29
35 36
35 46
35 49
35 61
36 14
36 21
36 22
36 23
36 25
36 27
36 34
36 47
36 50
36 60
37 9
37 21
37 28
37 35
37 50
37 52
38 9
38 17
38 27
38 36
38 56
38 61
38 63
39 13
39 35
39 49
39 55
39 59
39 66
39 69
40 1
40 13
40 28
40 32
40 35
40 43
40 67
41 16
41 31
41 36
41 66
42 6
42 8
42 14
42 17
42 38
42 52
42 56
43 6
43 20
43 32
44 6
44 12
44 16
44 24
44 30
44 48
44 68
45 4
45 13
45 21
45 39
45 41
45 50
45 53
46 11
46 13
46 14
46 32
46 50
46 58
46 60
47 1
47 3
47 4
47 11
47 30
47 38
47 55
47 57
47 59
47 60
48 4
48 22
48 50
48 67
48 69
49 14
49 17
49 23
49 30
49 32
49 46
49 53
49 58
49 62
50 32
50 38
50 58
51 5
51 9
51 12
51 36
51 67
52 5
52 6
52 10
52 22
52 26
52 30
52 31
52 33
52 34
52 40
52 50
52 56
52 59
52 68
53 5
53 6
53 14
53 20
53 21
53 28
53 38
53 51
53 54
53 67
54 13
54 17
54 33
54 61
55 12
55 15
55 19
55 22
55 51
55 57
55 69
56 7
56 8
56 11
56 13
56 16
56 17
56 32
56 35
56 41
56 49
56 54
56 67
57 21
57 30
57 36
57 46
57 49
57 51
57 52
57 53
57 55
57 58
57 69
58 1
58 3
58 6
58 8
58 11
58 21
58 25
58 46
58 48
58 50
58 66
58 69
59 18
59 21
59 23
59 29
59 31
59 37
59 63
60 3
60 6
60 7
60 8
60 11
60 15
60 17
60 21
60 22
60 49
60 57
60 61
60 62
60 63
60 68
61 9
61 24
61 29
62 1
62 8
62 9
62 13
62 26
62 30
62 31
62 32
62 36
62 37
62 42
62 48
62 51
62 57
62 60
63 6
63 13
63 18
63 34
63 38
63 55
63 61
64 4
64 10
64 12
64 32
64 37
64 42
64 43
64 46
64 49
64 63
64 66
64 67
65 3
65 11
65 14
65 18
65 22
65 23
65 33
65 66
66 1
66 4
66 17
66 24
66 25
66 30
66 35
66 37
66 63
67 7
67 11
67 37
67 45
67 62
67 69
68 4
68 10
68 20
68 34
68 41
68 44
68 54
68 55
69 5
69 10
69 17
69 18
69 33
69 42
69 48
69 54
Loss 0 0 22 44 0 0 0 0 0 0 0 0 0 0 0 21 0 0 0 0 0 0 0 0 34 0 22 60 75 0 69 0 0 0 0 0 0 0 0 0 0 53 0 0 0 0 0 0 84 0 0 0 0 0 0 0 0 0 0 3 0 0 0 0 0 0 54 0 0 
