32 <--# of nodes, 111 edges
1 6
1 29
1 32
2 20
2 30
3 1
3 2
3 16
3 19
3 20
3 29
3 31
4 7
4 9
4 18
4 19
4 24
5 13
5 20
5 28
6 4
6 7
6 20
6 24
6 30
7 6
7 24
8 30
9 3
9 29
10 1
10 17
10 18
10 22
10 23
11 18
12 5
12 10
12 17
12 27
12 30
13 6
13 18
13 23
13 25
13 27
13 30
14 2
14 11
15 26
15 30
16 7
16 8
16 12
16 17
16 18
16 25
16 30
17 3
17 20
18 7
18 8
18 25
19 16
19 17
20 9
20 14
20 24
21 26
21 27
22 7
22 8
22 9
22 18
23 9
23 24
23 32
24 8
24 14
24 27
25 5
25 6
25 9
25 14
25 20
25 22
26 4
26 13
27 5
27 16
27 18
27 30
27 32
28 1
28 6
28 11
28 23
28 24
29 6
30 18
30 20
30 22
30 29
30 32
31 8
31 11
31 19
31 25
32 14
32 16
32 26
Loss 0 0 0 0 0 85 0 0 0 0 0 78 0 0 0 0 42 0 0 0 97 0 0 0 0 77 0 0 0 0 0 65 
