50 <--# of nodes, 284 edges
1 8
1 16
1 28
1 31
1 50
2 13
2 20
2 31
2 40
2 42
2 47
3 19
3 22
3 30
3 35
3 36
3 39
4 12
4 18
4 30
4 31
4 41
4 48
5 17
5 20
5 42
6 15
6 20
6 26
6 31
6 35
6 38
6 45
6 46
7 2
7 5
7 11
7 19
7 27
7 28
7 30
7 36
7 46
8 5
8 21
8 22
8 23
8 43
9 1
9 6
9 17
9 24
9 33
9 37
9 48
10 4
10 38
11 16
11 19
11 27
11 30
11 33
11 48
11 50
12 16
12 27
12 40
12 45
12 46
12 47
13 6
13 10
13 14
13 23
13 28
13 37
13 43
13 49
14 5
14 12
14 31
14 36
14 46
15 2
15 4
15 19
15 26
15 30
15 31
15 33
15 36
15 43
15 46
16 5
16 7
16 18
16 32
16 35
16 37
17 4
17 10
17 11
17 15
17 18
17 22
17 30
17 36
17 42
17 48
18 23
18 36
19 13
19 36
19 39
20 11
20 41
20 42
21 5
21 6
21 8
21 12
21 24
21 28
21 37
21 38
21 48
22 10
22 25
22 28
22 29
22 41
22 48
23 14
23 15
23 19
23 20
23 22
23 25
23 28
24 7
24 25
24 30
24 37
24 50
25 15
25 30
25 40
25 42
26 6
26 14
26 18
26 28
26 42
26 43
26 50
27 6
27 15
27 26
27 34
27 35
27 41
28 7
28 18
28 20
28 27
28 30
28 31
28 35
28 48
29 7
29 9
29 14
29 31
29 38
30 2
30 18
30 23
30 28
30 40
31 12
31 17
31 27
31 44
32 14
32 19
32 27
32 29
32 35
32 42
32 45
33 7
33 8
33 42
34 2
34 5
34 9
34 11
34 29
34 35
34 42
35 2
35 13
35 21
35 22
35 27
35 32
36 1
36 37
36 38
36 45
36 47
37 13
37 14
37 17
37 42
37 48
38 7
38 16
38 28
38 33
38 41
38 45
38 48
39 19
39 20
39 24
39 31
39 34
39 38
39 46
40 20
40 25
40 31
40 32
40 34
40 37
40 47
41 19
42 25
42 28
42 31
42 49
43 1
43 2
43 42
43 48
44 14
44 21
44 41
44 43
45 3
45 16
45 21
45 35
46 2
46 4
46 5
46 6
46 7
46 9
46 16
46 18
46 32
46 38
46 44
47 10
47 31
47 32
47 41
48 5
48 6
48 10
48 33
48 37
48 42
49 9
49 20
49 23
49 24
49 35
49 47
50 6
50 24
50 28
Loss 0 0 0 0 0 58 0 0 0 0 0 22 0 0 0 0 93 0 0 0 0 89 0 57 0 95 0 97 55 0 0 51 0 0 0 0 63 0 0 0 0 0 52 0 74 0 0 0 0 0 
