69 <--# of nodes, 464 edges
1 39
1 40
1 56
1 58
1 62
2 9
2 19
2 46
2 52
2 55
3 12
3 20
3 28
4 9
4 17
4 39
4 46
4 67
5 15
5 27
5 32
5 42
5 49
5 62
5 69
6 16
6 26
6 32
6 58
6 69
7 1
7 14
7 39
7 66
8 11
8 22
8 39
9 12
9 24
9 34
9 39
9 42
9 48
9 51
9 68
10 2
10 7
10 15
10 23
10 26
10 36
10 61
10 68
11 4
11 26
11 32
11 33
11 34
11 37
11 45
11 61
11 64
12 1
12 11
12 38
12 41
12 56
12 57
13 4
13 33
13 36
13 38
13 56
13 57
13 64
14 1
14 11
14 15
14 24
14 27
14 31
14 50
14 51
14 52
14 53
14 58
14 65
15 18
15 22
15 24
15 29
15 31
15 45
16 27
16 30
16 55
16 60
16 65
17 6
17 9
17 19
17 23
17 27
17 31
17 36
17 48
17 54
17 56
17 62
17 63
18 1
18 14
18 27
18 31
18 38
18 44
18 46
18 56
19 13
19 42
19 45
19 58
19 59
19 69
20 18
20 22
20 28
20 32
20 55
20 59
20 60
20 63
20 64
20 65
20 67
21 9
21 35
21 57
21 67
22 2
22 12
22 40
22 50
23 6
23 13
23 20
23 31
23 39
23 59
23 62
24 6
24 21
24 28
24 54
24 57
24 60
25 1
25 2
25 15
25 51
25 56
25 58
25 64
26 28
26 39
26 42
26 48
26 52
26 54
26 68
27 4
27 13
27 28
27 36
27 50
27 57
28 2
28 10
28 26
28 32
28 56
28 65
28 68
29 2
29 4
29 12
29 16
29 19
29 25
29 28
29 31
29 36
29 43
29 48
29 59
29 60
30 2
30 15
30 16
30 17
30 29
30 31
30 35
30 40
30 52
30 55
30 67
31 4
31 21
31 24
31 30
31 32
31 44
31 47
31 48
32 5
32 18
32 25
32 34
32 44
32 60
33 7
33 11
33 21
33 31
33 40
34 1
34 7
34 11
34 14
34 15
34 28
34 29
34 39
34 50
35 4
35 6
35 12
35 16
35 21
35 23
35 27
35 32
35 56
36 18
36 23
36 48
36 52
36 58
36 60
37 7
37 10
37 24
37 36
37 42
37 44
38 42
38 64
39 19
39 21
39 41
39 52
40 28
40 33
40 36
40 38
40 46
40 50
40 55
41 4
41 6
41 7
41 12
41 18
41 28
41 29
41 33
41 53
41 62
41 64
41 69
42 38
43 15
43 18
43 29
43 34
43 51
44 2
44 7
44 14
44 20
44 36
44 37
44 66
44 68
45 20
45 25
45 60
46 16
46 17
46 29
46 44
46 51
46 54
46 56
46 61
47 2
47 5
47 14
47 18
47 20
47 40
47 50
47 58
48 5
48 6
48 8
48 30
48 49
48 65
48 68
49 21
49 29
49 39
49 44
49 52
49 60
50 25
50 35
50 37
50 51
50 64
50 65
51 1
51 4
51 19
51 37
51 57
52 4
52 12
52 15
52 20
52 23
52 34
52 37
52 40
52 45
52 46
52 60
53 16
53 25
53 33
53 40
53 58
54 7
54 27
54 30
54 47
55 16
55 21
55 25
55 35
55 37
55 48
55 60
56 28
56 43
56 60
56 64
56 67
57 14
57 26
57 31
57 37
57 40
57 42
57 54
57 55
57 56
57 66
57 67
58 1
58 8
58 27
58 32
58 38
58 52
58 69
59 7
59 15
59 21
59 25
59 31
59 35
59 41
59 50
59 54
59 57
60 13
60 34
60 43
60 61
61 13
61 19
61 23
61 24
61 36
61 37
61 69
62 8
62 11
62 16
62 22
62 26
62 48
62 56
62 57
63 10
63 16
63 19
63 28
63 57
64 5
64 10
64 19
64 29
64 50
64 53
64 59
64 60
64 61
65 1
65 13
65 15
65 23
65 39
65 58
66 7
66 9
66 10
66 17
66 67
67 3
67 18
67 31
67 54
67 62
68 8
68 11
68 15
68 29
68 30
68 38
68 50
68 53
68 65
68 69
69 4
69 28
69 31
69 40
69 47
69 48
69 56
Loss 0 0 0 0 55 0 0 0 0 0 0 0 0 0 37 92 5 0 39 0 0 11 0 0 0 0 0 0 0 0 0 34 0 0 0 0 0 0 0 0 56 30 0 0 0 0 94 0 0 22 0 0 0 0 0 0 24 24 0 0 0 0 0 33 0 0 0 0 0 
