68 <--# of nodes, 473 edges
1 15
1 21
1 29
1 44
1 48
1 60
1 63
2 3
2 5
2 9
2 10
2 34
3 18
3 41
3 46
3 51
3 64
4 12
4 14
4 19
4 26
4 39
4 51
4 63
5 4
5 20
5 24
5 26
5 27
5 32
5 33
5 39
5 50
5 65
5 66
6 2
6 12
6 16
6 23
6 24
6 30
7 29
7 34
7 45
7 48
7 56
7 57
7 60
7 68
8 6
8 30
8 42
8 44
8 47
8 65
9 12
9 18
9 31
9 33
9 63
10 19
10 28
10 38
10 39
10 42
10 48
10 59
10 60
10 61
10 62
10 63
11 1
11 26
11 35
11 45
12 10
12 22
12 24
12 52
12 62
13 16
13 31
13 43
13 59
13 60
13 66
13 67
14 9
14 34
14 41
14 51
14 57
15 39
15 40
15 63
16 26
16 32
16 35
16 55
17 8
17 9
17 19
17 27
17 36
17 55
17 57
17 60
18 9
18 28
18 36
18 37
18 40
18 42
18 45
18 64
18 67
18 68
19 3
19 8
19 11
19 35
19 37
19 48
19 67
20 1
20 7
20 8
20 10
20 15
20 16
20 17
20 22
20 48
20 63
21 2
21 13
21 14
21 17
21 29
21 32
21 34
21 46
21 53
22 9
22 29
22 30
22 32
22 45
22 46
22 61
22 63
23 34
23 36
24 5
24 6
24 34
24 42
24 44
24 46
24 47
24 48
25 8
25 15
25 20
25 29
25 30
25 41
25 44
25 47
25 55
25 65
26 28
26 32
26 35
26 40
26 42
26 51
26 54
26 56
26 57
26 63
26 67
26 68
27 9
27 10
27 41
27 50
27 60
27 64
27 66
28 7
28 13
28 17
28 23
28 29
28 33
28 47
28 52
28 54
28 61
29 19
29 45
29 50
29 57
29 59
30 12
30 13
30 16
30 19
30 34
30 43
30 44
30 67
31 1
31 4
31 17
31 20
31 56
31 59
31 61
32 36
32 43
32 51
32 56
32 65
33 3
33 9
33 14
33 15
33 35
33 44
33 50
33 56
34 8
34 12
34 27
34 28
34 29
34 50
34 56
34 62
35 5
35 9
35 12
35 27
35 28
35 31
35 37
35 39
35 40
35 41
35 59
36 9
36 12
36 19
36 25
36 32
36 46
36 56
36 62
37 20
37 54
38 16
38 26
38 29
38 43
39 19
39 25
39 51
39 63
40 2
40 14
40 23
40 28
40 31
40 42
40 50
40 55
41 6
41 8
41 15
41 16
41 47
41 55
42 21
42 22
42 53
43 3
43 13
43 14
43 29
43 30
43 36
43 53
43 55
43 66
44 6
44 12
44 34
44 36
44 40
44 55
44 59
45 5
45 9
45 16
45 27
45 29
45 33
45 35
45 39
45 49
45 50
45 52
46 5
46 7
46 13
46 20
46 24
46 41
46 63
47 23
47 32
47 58
47 59
48 2
48 17
48 23
48 34
48 42
48 43
48 45
49 1
49 7
49 11
49 22
49 36
49 46
49 51
49 68
50 16
50 45
50 53
50 54
50 55
50 66
51 3
51 19
51 20
51 27
51 34
51 50
51 54
51 61
51 62
52 1
52 39
52 48
52 57
52 58
52 59
53 9
53 15
53 22
53 32
53 39
54 9
54 16
54 17
54 19
55 1
55 21
55 44
55 56
55 64
56 1
56 3
56 23
56 28
56 29
56 30
56 44
56 45
56 51
56 67
57 19
57 21
57 23
57 25
57 34
57 49
57 50
58 17
58 20
58 33
58 56
58 64
59 20
59 28
59 40
59 41
59 64
59 66
60 7
60 11
60 21
60 23
60 26
60 31
60 32
60 33
60 58
60 68
61 1
61 6
61 14
61 16
61 18
61 34
61 50
62 18
62 23
62 41
62 47
62 52
62 58
62 63
63 9
63 10
63 14
63 15
63 27
63 35
63 36
63 38
63 53
63 55
63 57
64 5
64 8
64 15
64 23
64 29
64 66
65 3
65 6
65 39
65 40
65 68
66 3
66 18
66 27
66 34
66 37
66 43
66 68
67 9
67 15
67 21
67 27
67 33
67 39
67 44
67 68
68 23
68 33
68 43
68 47
68 51
68 58
68 60
68 65
68 66
Loss 0 0 0 0 0 0 0 0 0 81 0 5 8 0 0 0 0 0 61 0 0 0 0 0 0 0 93 0 0 0 0 0 0 0 0 0 0 50 55 62 0 47 0 0 0 0 56 0 0 0 0 33 0 0 0 0 56 0 0 0 0 0 0 28 0 12 0 0 
