70 <--# of nodes, 529 edges
1 35
1 38
1 51
1 60
1 65
2 1
2 9
2 15
2 17
2 23
2 24
2 28
2 44
2 52
2 63
3 10
3 13
3 14
3 18
3 21
3 35
3 42
3 43
3 51
3 64
4 2
4 16
4 24
4 27
4 35
4 37
4 47
4 68
5 4
5 12
5 22
5 23
5 34
5 43
6 10
6 21
6 31
6 32
6 33
6 35
6 36
6 44
6 70
7 4
7 9
7 13
7 30
7 39
7 43
7 52
7 57
7 64
8 9
8 16
8 32
8 64
8 69
9 2
9 13
9 25
9 31
9 44
9 50
9 51
9 70
10 16
10 18
10 19
10 30
10 31
10 34
10 46
10 51
10 70
11 2
11 4
11 21
11 48
12 1
12 2
12 14
12 18
12 21
12 22
12 35
12 43
12 47
12 53
12 69
13 25
13 70
14 8
14 28
14 29
14 31
14 40
14 46
14 68
15 2
15 4
15 16
15 20
15 26
15 31
15 56
15 69
16 2
16 9
16 14
16 18
16 50
16 64
16 65
17 8
17 10
17 18
17 23
17 33
17 34
17 41
17 64
18 15
18 21
18 28
18 35
18 36
18 44
18 48
18 63
19 4
19 7
19 26
19 53
19 67
19 70
20 4
20 10
20 12
20 26
20 32
20 35
20 36
20 40
20 42
20 45
20 46
20 47
20 48
20 56
20 69
21 4
21 7
21 11
21 15
21 17
21 20
21 28
21 30
21 31
21 32
21 53
21 64
22 35
22 39
22 44
22 51
22 61
22 69
22 70
23 5
23 7
23 9
23 45
23 52
24 5
24 6
24 7
24 14
24 15
24 19
24 28
24 33
24 35
24 45
24 49
24 51
24 52
24 55
24 65
24 67
24 69
24 70
25 2
25 3
25 19
25 24
25 40
25 57
25 64
26 4
26 43
26 44
26 48
26 60
26 67
27 6
27 8
27 23
27 33
27 52
27 57
27 63
27 64
28 7
28 13
28 18
28 20
28 21
28 25
28 37
29 10
29 13
29 24
29 36
29 38
29 53
29 54
29 63
29 64
29 70
30 9
30 12
30 20
30 32
30 33
30 38
30 46
30 48
30 53
30 58
30 59
30 61
31 4
31 21
31 25
31 49
31 51
31 62
32 5
32 14
32 26
32 37
32 48
32 51
33 5
33 19
33 32
33 48
33 66
34 1
34 17
34 23
34 43
34 47
34 48
34 51
34 64
34 66
35 6
35 15
35 16
35 27
35 29
35 32
35 33
35 48
35 58
36 9
36 13
36 22
36 34
36 61
36 62
37 8
37 20
37 41
37 44
37 67
38 6
38 57
38 58
38 64
38 69
39 5
39 24
39 28
39 34
39 51
39 58
40 1
40 2
40 47
40 70
41 42
41 49
41 61
41 68
42 1
42 2
42 7
42 15
42 22
42 38
42 39
42 48
42 69
42 70
43 17
43 20
43 32
43 42
43 46
43 53
44 2
44 6
44 12
44 22
44 34
44 38
44 45
44 46
44 56
44 59
45 11
45 22
45 48
45 50
45 60
46 6
46 13
46 51
46 61
46 62
46 70
47 9
47 13
47 20
47 22
47 29
47 45
47 63
48 9
48 27
48 36
48 42
48 61
49 24
49 29
49 38
49 39
49 46
49 47
49 50
50 1
50 2
50 6
50 7
50 54
50 59
50 60
51 9
51 12
51 17
51 22
51 30
51 31
51 35
51 45
51 65
52 22
52 24
52 27
52 32
52 35
52 37
52 43
52 45
52 47
52 67
53 15
53 24
53 44
53 65
53 68
54 14
54 22
54 30
54 38
54 39
54 41
54 47
54 53
54 61
55 5
55 11
55 25
55 29
55 36
55 39
55 44
55 53
55 60
56 4
56 8
56 18
56 27
56 28
56 40
56 45
56 48
56 53
56 63
56 70
57 9
57 12
57 18
57 27
57 37
57 38
57 41
57 42
57 62
57 69
58 17
58 28
58 45
58 49
58 50
58 61
59 4
59 8
59 17
59 35
59 37
59 38
59 70
60 5
60 24
60 34
60 56
60 69
61 4
61 6
61 10
61 13
61 32
61 44
61 54
61 57
61 67
62 10
62 11
62 25
62 37
62 38
62 39
62 48
62 60
62 64
63 5
63 22
63 31
63 32
63 64
64 11
64 12
64 16
64 19
64 26
64 31
64 38
64 39
64 44
64 46
64 52
64 54
64 61
65 3
65 8
65 14
65 22
65 23
65 30
65 33
65 54
65 57
66 15
66 27
66 49
66 54
67 20
67 23
67 32
67 33
67 38
67 47
67 66
68 5
68 15
68 42
68 57
68 67
69 22
69 34
69 38
69 58
69 62
69 67
70 29
70 36
70 39
70 60
70 61
70 69
Loss 0 0 0 0 0 0 0 50 0 0 0 0 32 0 0 16 0 0 0 0 0 0 0 0 0 0 0 94 0 0 0 0 0 0 0 0 0 61 0 0 0 8 0 72 0 0 0 0 0 86 0 0 0 54 0 0 0 0 0 0 0 0 0 0 0 0 0 0 0 0 
