42 <--# of nodes, 187 edges
1 25
1 26
1 29
1 35
2 13
2 30
3 2
3 16
3 17
3 27
3 36
3 37
3 39
4 3
4 6
4 8
4 13
4 15
5 18
5 39
6 17
6 26
6 32
6 41
7 6
7 8
7 11
7 13
7 31
7 35
8 3
8 12
8 14
8 15
8 17
8 20
8 29
8 30
9 34
9 41
10 5
10 16
10 36
10 37
11 12
11 23
11 32
11 41
12 7
12 8
12 16
12 20
12 21
12 32
12 40
13 3
13 6
13 10
13 16
13 26
13 27
13 34
14 7
14 9
14 18
14 30
14 32
14 41
15 1
16 23
16 26
17 7
17 10
17 16
17 23
17 31
17 39
18 11
18 26
18 32
18 39
19 12
19 14
19 25
19 28
19 34
19 41
19 42
20 4
20 9
20 14
20 39
20 41
21 11
21 33
21 39
21 41
22 2
22 32
22 33
22 36
22 37
23 6
23 16
23 24
23 26
23 28
23 32
23 37
24 1
24 4
24 9
24 12
24 15
24 17
24 23
24 42
25 13
25 39
26 1
26 7
26 11
26 13
26 27
26 31
26 41
27 25
27 41
28 22
28 40
29 6
29 7
29 9
30 8
30 20
30 41
31 3
31 26
31 33
31 38
31 42
32 9
32 15
32 23
32 36
32 38
33 15
33 19
34 2
34 6
34 11
34 19
34 23
35 17
35 27
35 32
35 37
35 41
36 9
36 21
36 22
36 34
36 42
37 2
37 7
37 24
37 30
37 32
37 36
38 10
38 14
38 23
39 23
39 35
39 36
39 42
40 5
40 39
41 4
41 13
41 20
41 29
41 39
42 6
42 8
42 27
42 28
Loss 0 0 0 0 0 0 0 0 0 0 0 0 0 0 0 42 0 0 0 0 0 0 0 0 0 0 67 0 86 0 0 0 0 0 0 0 0 17 0 0 0 0 
