38 <--# of nodes, 125 edges
1 9
1 10
1 31
1 35
2 17
3 16
3 23
3 28
4 19
4 28
4 34
5 8
5 19
5 35
6 3
6 8
6 10
6 23
6 32
7 5
7 15
7 19
7 34
8 26
9 3
9 14
9 17
10 12
10 21
10 27
10 35
10 37
11 6
12 1
12 7
12 11
12 18
12 26
12 29
12 38
14 5
14 12
14 24
14 32
16 8
16 10
16 20
16 34
17 11
17 14
17 28
18 11
18 26
19 11
19 12
19 13
19 26
20 3
20 13
20 22
20 34
20 38
21 1
21 13
21 15
21 16
21 17
21 29
21 37
22 2
22 7
22 10
22 23
23 2
23 8
23 12
23 27
23 29
24 1
24 6
24 8
24 28
24 35
25 4
25 28
26 3
26 19
26 23
28 9
28 38
29 10
29 20
29 30
29 36
30 22
30 24
30 38
31 8
31 12
31 23
31 29
32 17
32 19
32 24
32 38
33 17
33 23
34 16
34 21
34 25
34 36
35 7
35 23
35 36
36 2
36 15
36 27
36 30
37 25
37 32
38 9
38 10
38 19
38 26
38 33
Loss 0 0 0 0 0 76 0 73 0 0 0 0 0 0 0 0 0 0 0 0 0 0 0 0 0 0 0 0 0 0 0 0 0 0 38 32 0 0 
