30 <--# of nodes, 92 edges
1 9
1 19
1 21
1 26
1 27
1 28
2 1
2 3
2 8
2 12
2 28
3 9
3 13
3 20
3 22
4 6
4 14
4 30
5 2
5 11
5 13
5 14
5 29
6 5
6 11
6 20
6 29
7 22
7 23
8 9
8 16
9 12
10 6
11 4
11 7
12 1
12 8
12 18
12 22
13 17
13 21
14 2
14 10
14 12
14 20
14 28
15 4
15 9
15 23
16 1
16 6
16 26
16 30
17 1
17 25
18 4
18 5
18 7
18 8
18 17
19 3
19 6
19 13
20 14
20 23
21 7
21 12
21 14
21 22
22 2
22 4
22 23
22 24
22 29
23 3
23 15
23 30
24 6
24 26
25 23
25 26
26 23
27 4
27 15
27 19
28 6
28 7
28 24
29 23
30 16
30 19
30 25
Loss 0 0 51 0 0 0 0 0 0 0 1 0 0 57 28 0 0 0 0 0 0 0 88 0 0 0 0 60 4 0 
