26 <--# of nodes, 68 edges
1 2
1 9
2 1
2 11
2 17
2 18
2 24
3 21
4 5
4 22
4 26
5 18
5 25
6 19
7 19
8 22
9 8
9 11
9 17
10 15
11 22
12 8
12 24
13 12
13 15
13 23
13 25
14 18
15 2
15 11
15 14
15 19
15 24
16 6
16 7
17 6
18 5
18 6
19 3
19 17
19 20
20 8
20 10
20 12
20 16
21 1
21 15
21 17
21 18
21 19
21 20
22 1
22 9
22 10
22 14
22 18
22 23
23 10
23 13
23 20
23 21
23 26
24 26
25 1
25 16
25 19
25 22
26 16
Loss 0 0 0 0 0 0 0 0 0 0 0 18 0 0 0 0 84 0 0 0 0 0 0 8 0 0 
