26 <--# of nodes, 71 edges
1 15
1 16
1 24
2 5
3 4
3 26
4 2
5 4
5 11
5 14
5 22
5 24
6 3
6 10
6 15
6 25
8 18
8 23
8 25
9 3
9 5
9 7
10 1
10 12
10 13
10 26
11 12
11 13
11 20
11 21
11 25
12 6
12 20
13 7
13 10
13 15
13 16
13 22
14 15
14 18
14 23
14 26
16 2
16 9
16 15
16 19
17 15
17 16
18 11
18 20
18 23
19 3
19 9
20 4
20 6
20 25
21 10
21 20
22 5
22 21
23 5
23 6
23 15
23 25
24 10
24 22
24 25
25 4
25 7
26 15
26 23
Loss 0 0 0 0 0 0 75 0 0 0 0 0 0 15 0 26 0 39 0 0 0 0 0 0 0 0 
