42 <--# of nodes, 166 edges
1 3
1 5
1 13
2 39
3 13
3 20
3 22
3 24
3 35
4 32
4 36
5 4
5 7
6 4
6 10
6 30
6 36
6 38
6 40
7 17
7 22
7 25
7 30
8 10
8 12
8 16
9 5
9 7
9 12
9 18
10 1
10 7
10 14
10 28
10 40
11 12
11 23
11 36
12 23
12 29
13 29
13 33
13 36
13 40
13 42
14 3
14 5
14 10
14 11
14 13
14 18
14 32
15 1
15 10
15 16
15 22
15 25
15 27
15 32
15 33
15 41
16 5
16 13
16 19
16 27
16 29
16 31
16 42
17 2
17 12
17 21
17 40
18 1
18 11
18 29
18 32
18 36
18 40
19 14
19 18
19 20
19 28
19 30
20 15
20 25
20 28
20 30
20 41
21 10
21 12
21 42
22 29
22 39
23 6
24 2
24 10
24 11
24 29
25 1
25 4
25 8
25 12
25 14
25 15
25 19
26 4
26 24
27 1
27 17
27 19
27 24
27 41
27 42
28 3
28 7
28 11
28 12
28 30
28 40
29 5
29 8
29 9
29 12
29 13
29 21
29 28
29 32
29 39
30 27
30 38
30 42
31 28
31 36
31 37
32 1
32 6
33 22
33 25
33 38
34 13
34 37
35 29
36 6
36 11
36 20
36 25
36 26
37 5
37 11
37 14
37 17
37 29
38 20
38 39
38 42
39 19
39 23
39 36
40 5
40 13
41 14
41 18
42 2
42 17
42 29
42 34
Loss 0 0 32 0 0 49 0 0 0 39 0 0 0 15 0 0 0 32 0 0 0 0 0 0 95 0 0 0 0 0 0 0 0 0 14 0 0 0 0 0 0 0 
