46 <--# of nodes, 222 edges
1 2
1 14
1 28
1 40
1 41
2 6
2 25
3 27
3 37
3 41
3 42
3 45
4 7
4 21
4 35
4 40
5 10
5 13
5 31
5 37
6 7
6 11
6 26
6 32
7 4
7 9
7 24
7 35
7 38
7 45
8 44
9 10
9 21
9 26
9 37
10 45
11 5
11 6
11 13
11 14
11 35
11 41
12 11
12 21
12 34
12 46
13 8
13 16
13 28
13 29
13 44
14 6
14 18
15 8
15 19
15 22
15 36
16 2
16 6
16 13
16 19
16 38
16 40
17 19
17 31
17 37
17 38
17 42
18 2
18 24
18 28
19 6
19 8
19 9
19 18
19 28
20 1
20 13
20 30
20 34
21 13
21 15
21 30
21 35
22 1
22 4
22 21
22 27
22 44
23 2
23 4
23 27
24 15
24 20
24 27
24 45
24 46
25 2
25 44
26 1
26 10
26 18
26 25
26 30
26 45
27 2
27 5
27 6
27 9
27 12
27 13
27 23
27 24
27 40
28 6
28 8
28 13
28 40
29 1
29 5
29 13
29 14
29 15
29 31
29 34
30 3
30 5
30 13
30 22
30 24
30 28
30 41
30 45
31 1
31 3
31 4
31 41
32 7
32 12
32 18
32 19
32 30
33 3
33 10
33 14
33 19
34 2
34 19
34 20
34 23
34 31
34 39
35 1
35 4
35 29
35 34
36 13
36 20
36 25
36 28
36 35
36 46
37 13
37 25
37 42
38 20
38 21
38 23
38 24
38 30
38 34
39 26
39 29
39 32
39 35
39 42
40 10
40 12
40 14
40 36
41 7
41 10
41 20
41 21
41 22
41 24
41 29
41 32
41 35
41 39
42 3
42 17
42 28
43 20
43 26
43 27
43 30
43 34
43 42
43 44
43 45
44 5
44 11
44 32
44 34
44 38
44 43
45 2
45 9
45 11
45 16
45 24
45 25
45 34
45 40
46 9
46 11
46 18
46 20
46 23
46 29
46 34
Loss 0 0 0 0 72 0 0 0 0 0 0 0 0 0 0 0 0 37 0 45 0 0 0 0 0 0 0 0 0 0 37 0 0 63 0 0 0 0 0 43 0 0 0 0 0 0 
