67 <--# of nodes, 421 edges
1 4
1 5
1 16
1 24
1 26
1 30
1 50
1 51
1 53
1 54
2 25
2 36
2 47
3 7
3 10
3 14
3 22
3 27
3 29
3 30
3 31
3 43
3 50
3 59
4 10
4 20
4 47
5 12
5 18
5 27
5 37
5 38
5 42
5 58
5 65
6 1
6 3
6 8
6 11
6 13
6 41
6 43
7 1
7 16
7 17
7 26
7 33
7 40
7 55
8 4
8 7
8 11
8 13
8 27
8 43
9 24
9 36
9 41
9 57
9 59
9 60
9 63
10 8
10 11
10 19
10 24
10 56
10 62
11 3
11 8
11 16
11 17
11 26
11 30
11 31
11 32
11 43
11 61
11 62
11 63
12 11
12 24
12 25
12 26
12 31
12 38
12 52
12 58
13 2
13 11
13 28
13 46
13 61
14 10
14 26
14 27
14 32
14 41
14 51
14 63
15 1
15 5
15 10
15 16
15 33
15 46
15 56
15 59
16 30
16 35
16 36
16 47
16 58
16 60
16 67
17 1
17 11
17 15
17 23
17 31
17 47
17 48
17 49
18 17
18 20
18 23
18 24
18 27
18 28
18 47
18 50
19 1
19 2
19 11
19 25
19 31
19 52
19 53
19 66
21 11
21 14
21 20
21 32
21 54
21 67
22 3
22 11
22 21
22 39
22 43
22 45
22 49
23 4
23 26
23 35
23 37
23 43
23 51
23 64
24 10
24 29
25 21
25 24
25 26
25 43
25 48
25 50
25 65
25 66
26 33
26 36
26 49
26 63
27 4
27 20
27 45
28 2
28 5
28 9
28 22
28 44
29 11
29 13
29 15
29 19
29 26
29 27
29 42
29 45
29 53
29 54
29 59
30 4
30 11
30 12
30 16
30 31
30 38
30 62
30 63
31 3
31 26
31 28
31 49
31 66
32 1
32 62
33 12
33 21
33 27
33 40
33 42
33 50
33 51
34 3
34 6
34 12
34 18
34 25
34 44
34 58
34 62
35 5
35 12
35 22
35 23
35 27
35 30
35 33
35 46
35 52
35 59
35 64
36 16
36 24
36 41
36 53
37 5
37 13
37 22
37 31
37 44
37 48
37 56
37 59
38 25
38 29
38 33
38 35
38 39
38 54
38 58
39 4
39 22
39 58
40 3
40 10
40 13
40 41
40 57
41 3
41 15
41 20
41 42
41 64
42 15
42 22
42 27
42 29
42 32
42 40
42 59
42 61
42 62
42 65
42 67
43 10
43 20
43 21
43 39
43 63
43 67
44 1
44 4
44 24
44 37
44 43
44 60
44 64
44 67
45 26
45 28
45 31
45 36
45 47
46 57
46 58
46 64
46 65
47 17
47 30
47 32
47 60
47 66
48 15
48 26
49 30
49 47
49 53
50 1
50 6
50 21
50 31
50 44
50 51
50 62
51 7
51 14
51 17
51 35
51 43
51 53
51 56
52 4
52 5
52 13
52 25
52 48
52 54
52 64
53 3
53 6
53 34
53 36
53 40
53 42
53 44
53 56
53 58
53 61
54 23
54 35
54 51
54 53
55 3
55 12
55 20
55 29
55 37
55 39
55 54
55 66
55 67
56 7
56 20
56 21
56 24
56 30
56 54
56 55
57 14
57 16
57 19
57 28
57 51
57 53
58 2
58 9
58 16
58 18
58 38
59 21
59 58
59 61
59 65
60 3
60 5
60 10
60 19
60 67
61 5
61 9
61 16
61 18
61 52
61 56
61 62
62 25
62 27
62 30
62 38
62 45
62 59
63 30
63 31
63 34
63 37
63 39
63 41
63 46
64 1
64 5
64 16
64 32
64 34
64 56
64 57
65 4
65 15
65 48
65 56
65 59
66 8
66 38
67 11
67 16
67 24
67 28
67 44
67 55
67 59
Loss 0 40 91 0 0 0 0 0 0 44 0 53 52 0 60 0 0 0 0 0 0 0 0 0 0 0 0 0 12 0 58 48 0 0 0 0 0 29 0 0 0 0 0 0 0 0 0 0 0 0 0 0 62 0 0 19 0 0 0 0 0 0 0 0 76 0 11 
