48 <--# of nodes, 209 edges
1 2
1 37
2 7
2 24
2 26
2 30
2 38
2 43
3 10
3 12
3 22
3 30
3 35
3 40
3 42
4 3
4 6
4 9
4 16
4 22
5 11
5 13
5 23
5 42
5 45
6 11
6 19
6 23
6 30
6 34
6 35
7 39
7 40
8 9
8 11
8 18
8 23
9 19
9 27
9 34
10 8
10 12
10 17
10 21
10 32
10 40
10 46
11 6
11 22
12 3
12 24
12 31
12 34
13 2
14 1
14 6
14 13
14 15
14 20
14 28
14 44
15 17
15 19
15 33
16 19
16 21
16 27
16 28
16 41
17 16
17 20
17 31
17 37
18 4
18 19
18 29
18 43
18 47
19 3
19 12
19 29
19 30
19 38
20 15
20 21
20 30
20 36
21 2
21 7
21 20
21 22
22 15
22 17
22 18
22 28
23 5
23 9
23 31
23 33
24 47
25 24
25 39
25 47
26 25
26 28
27 5
27 6
27 45
27 48
28 8
28 19
28 21
28 44
28 47
29 12
29 14
29 24
29 30
29 37
29 38
29 42
29 43
29 48
30 1
30 33
31 2
31 7
31 21
31 24
31 30
31 41
32 1
32 24
32 26
32 44
33 1
33 4
33 18
33 22
33 46
34 11
34 16
34 18
34 37
34 43
34 45
35 7
35 13
35 14
35 30
35 33
35 37
35 41
35 45
35 48
36 14
36 33
37 4
37 11
37 33
37 36
37 43
37 47
37 48
38 2
38 17
38 27
38 35
38 41
39 7
39 8
39 26
39 37
40 20
40 27
40 42
41 2
41 14
41 21
41 22
42 7
42 10
42 11
42 15
42 23
42 25
42 29
42 32
42 41
43 39
44 5
44 9
44 17
44 24
44 30
45 3
45 33
45 34
45 35
46 9
46 24
46 39
47 13
47 14
47 22
47 26
48 21
48 35
48 42
Loss 0 0 0 0 0 0 0 0 98 0 0 0 0 0 0 71 0 0 0 0 0 0 0 0 0 0 0 0 93 0 0 0 0 0 10 0 0 0 0 60 0 95 0 0 0 0 0 82 
