40 <--# of nodes, 125 edges
1 12
1 22
1 26
1 34
2 3
2 32
2 34
3 2
3 40
4 3
4 17
4 28
4 33
5 1
5 8
5 10
5 12
5 21
5 27
5 38
6 10
6 11
6 28
6 38
7 16
7 17
7 23
7 40
8 1
8 10
8 20
8 26
8 37
8 39
9 3
9 12
9 29
9 33
9 40
10 17
10 24
11 34
12 8
12 26
12 35
12 40
13 1
14 1
14 3
14 16
14 21
14 39
15 2
15 4
15 17
15 24
15 28
15 37
16 18
17 36
18 19
19 5
19 20
19 21
19 35
20 26
20 40
21 3
21 5
21 9
21 13
22 12
22 16
22 17
22 31
23 9
23 17
23 26
24 16
24 20
24 23
25 31
26 20
26 24
26 35
27 28
28 4
28 9
29 11
29 14
29 22
29 27
29 37
30 15
30 18
31 8
31 23
31 24
32 33
33 27
33 31
34 26
35 15
35 24
35 26
36 22
36 28
36 32
36 34
36 35
37 1
37 4
37 12
37 13
37 21
37 32
37 33
38 5
38 8
39 17
39 19
40 9
40 20
40 26
40 34
Loss 0 0 0 0 0 0 99 0 0 0 0 31 0 0 0 0 39 0 0 0 0 0 0 0 0 0 0 0 0 0 0 90 35 0 0 0 42 0 0 0 
