37 <--# of nodes, 156 edges
1 2
1 4
1 8
1 23
1 36
2 8
2 18
2 24
2 28
2 32
3 12
3 13
3 19
3 21
3 28
3 32
3 34
3 35
4 1
4 20
4 33
4 34
4 36
5 11
5 25
6 8
6 13
6 14
6 19
6 37
7 2
7 18
7 20
8 3
8 12
8 13
8 28
8 29
8 31
8 32
8 33
9 8
9 13
10 1
10 15
11 25
11 32
12 1
12 4
12 5
12 18
12 20
12 25
13 5
13 15
14 6
14 13
15 1
15 2
15 11
15 14
15 23
15 27
15 31
16 7
16 17
16 21
16 23
16 25
16 31
16 36
17 1
17 2
17 9
17 12
17 19
17 30
18 3
18 10
18 17
18 28
18 34
18 37
19 4
19 9
19 12
19 33
19 36
20 8
20 13
21 3
21 5
21 13
21 37
22 8
22 28
23 31
23 33
24 8
24 9
24 10
24 21
24 23
24 28
24 32
25 7
25 15
25 24
26 13
26 27
26 32
27 2
27 5
27 8
27 12
27 20
28 3
28 12
28 24
29 4
29 5
29 8
29 16
29 20
29 21
29 22
29 26
30 1
30 4
30 33
31 15
31 19
31 34
32 14
32 34
32 36
32 37
33 1
33 2
33 4
33 18
33 24
33 30
34 15
34 18
35 27
35 36
36 6
36 7
36 10
36 11
36 13
36 23
37 12
37 31
37 33
Loss 0 0 0 0 0 0 72 0 0 0 0 0 0 0 0 0 0 42 0 0 0 21 0 26 0 0 0 0 0 0 0 0 0 0 0 89 0 
