35 <--# of nodes, 134 edges
1 11
1 12
2 1
2 7
2 10
3 1
3 21
3 22
4 10
4 13
4 21
4 26
5 9
5 11
5 16
5 32
6 13
6 18
6 35
7 24
8 1
8 20
8 21
8 26
8 30
8 31
8 32
9 7
9 20
9 22
9 28
10 1
10 17
10 18
10 32
10 33
11 4
11 13
11 14
11 24
11 27
11 32
12 2
12 4
12 11
12 19
12 25
12 35
13 18
14 18
14 23
15 7
15 13
15 21
15 33
16 1
16 4
16 15
16 20
16 30
17 1
17 24
17 25
18 1
18 6
18 9
18 19
18 23
18 25
18 29
18 34
19 2
19 21
20 2
20 16
20 22
20 23
20 29
21 26
21 28
22 6
22 10
22 24
22 27
22 28
22 31
22 35
23 8
23 14
23 31
24 7
25 14
25 24
25 33
26 11
27 1
27 4
27 7
27 14
27 17
28 10
28 12
28 20
28 31
29 4
29 10
29 11
29 21
29 30
29 32
30 14
30 25
31 1
31 6
31 16
31 20
32 1
32 6
32 34
33 4
33 8
33 13
33 14
33 15
33 20
33 34
34 2
34 8
34 21
34 23
34 24
34 29
35 1
35 29
Loss 0 0 81 21 0 0 0 76 0 0 0 0 21 8 0 0 0 39 0 72 0 0 0 0 0 44 0 0 0 0 0 0 0 0 0 
