44 <--# of nodes, 180 edges
1 2
1 22
1 34
1 44
2 12
2 17
2 37
3 20
3 40
4 24
4 44
5 14
5 43
6 1
6 8
6 10
6 11
6 36
6 40
7 4
7 25
7 36
8 4
8 17
8 33
8 44
9 1
9 3
9 7
9 15
9 27
10 21
10 25
10 33
10 35
10 44
11 13
11 22
12 2
12 20
12 27
12 35
13 8
13 12
13 31
13 40
14 7
14 18
14 34
14 41
15 1
15 3
15 4
15 16
15 18
15 20
15 28
15 31
15 37
15 40
16 1
16 3
16 12
16 38
16 39
16 42
16 44
17 12
17 16
17 19
17 21
17 28
18 5
18 12
18 21
18 23
18 25
18 28
18 31
18 37
18 40
19 36
20 5
20 12
20 22
20 32
21 8
21 17
21 23
21 40
22 5
22 11
22 24
22 25
22 33
23 5
23 15
23 22
23 40
24 9
24 18
24 20
25 17
25 18
25 44
26 9
26 14
26 18
27 8
27 11
27 31
27 42
28 1
28 42
29 4
29 7
29 20
29 34
30 14
30 33
32 4
32 9
32 12
32 15
32 31
32 42
33 4
33 5
33 17
33 18
33 35
33 36
33 38
33 39
34 1
34 2
34 5
34 13
34 30
34 35
35 3
36 4
36 11
36 31
36 41
36 44
37 5
37 11
38 4
38 8
38 19
38 24
38 31
38 32
38 37
39 19
39 27
39 38
39 42
40 2
40 9
40 15
41 6
41 39
42 7
42 18
42 20
42 29
42 34
42 39
43 15
43 25
43 30
44 3
44 5
44 25
44 27
44 30
44 32
44 42
Loss 0 0 0 0 0 67 0 0 0 0 0 39 0 0 0 0 57 0 0 0 0 51 0 78 0 45 0 0 26 0 0 0 0 84 0 23 0 69 0 0 0 0 0 0 
