32 <--# of nodes, 91 edges
1 4
1 18
1 21
1 23
1 30
2 4
2 10
2 17
2 20
2 25
3 25
4 1
4 2
4 3
4 15
5 1
5 22
6 16
6 22
7 9
7 23
8 22
8 26
9 11
10 4
10 5
10 11
10 19
11 6
11 7
12 16
12 18
13 1
13 5
13 24
14 3
15 11
15 18
16 18
16 21
16 31
17 1
17 12
17 26
17 30
18 2
18 17
18 27
19 4
19 9
20 1
20 3
20 5
20 8
20 15
20 16
21 2
21 5
22 5
22 6
22 13
22 29
23 15
23 24
23 30
24 5
24 7
24 13
26 9
26 27
27 4
27 7
27 21
27 31
28 7
28 15
28 22
29 6
29 9
29 14
29 22
29 25
29 30
30 18
31 4
31 13
31 17
31 21
31 25
32 23
32 29
Loss 0 0 0 0 44 47 0 0 0 0 0 0 0 0 0 0 52 0 0 0 0 0 5 0 82 0 33 0 0 0 0 0 
