32 <--# of nodes, 78 edges
2 13
2 24
2 31
3 2
3 9
3 13
3 15
3 23
3 28
3 30
4 16
5 1
5 30
6 22
8 21
8 31
9 7
9 14
9 20
10 3
10 15
10 17
10 24
11 6
11 7
11 8
11 17
12 4
12 15
12 24
12 26
13 2
13 6
13 10
13 23
13 30
14 23
14 30
15 4
15 29
15 31
16 4
18 19
18 21
18 23
19 15
19 20
19 32
20 10
20 13
20 32
22 29
23 7
23 28
23 30
24 3
24 5
24 18
24 26
25 8
25 22
25 24
25 27
25 28
26 5
26 20
27 5
27 28
27 30
29 11
29 30
30 19
30 21
31 7
31 11
31 25
32 4
32 26
Loss 0 0 0 79 0 0 0 0 0 0 0 0 0 0 0 0 0 93 0 0 0 38 0 0 0 0 0 0 87 0 0 0 
