46 <--# of nodes, 205 edges
1 36
1 44
1 45
2 14
2 19
2 23
2 33
2 41
2 45
3 1
3 9
3 19
3 22
4 14
4 21
4 22
4 26
4 28
5 26
5 27
5 34
5 37
5 39
6 5
6 16
6 27
6 29
6 34
6 35
6 36
7 12
7 15
7 16
7 24
7 27
7 35
7 42
7 45
8 6
8 13
8 44
9 4
9 28
9 41
10 2
10 13
10 24
10 26
10 27
10 31
10 36
10 43
10 45
11 8
11 10
11 12
11 20
11 46
12 7
12 18
12 20
13 10
13 41
14 32
14 45
15 8
15 34
15 40
15 43
15 44
16 5
16 7
16 10
16 11
16 14
16 19
16 21
16 23
16 24
17 26
17 29
17 36
18 8
18 26
18 37
18 44
19 3
19 6
19 16
19 26
19 30
19 32
20 15
20 46
21 28
21 43
22 5
22 8
22 9
22 33
22 38
22 40
22 42
23 17
23 37
23 41
24 1
24 6
24 19
24 26
24 27
24 37
24 44
25 18
25 23
25 34
25 39
25 40
26 6
26 34
26 40
26 43
27 14
27 19
27 21
27 28
27 29
27 35
27 40
28 1
28 8
28 10
28 19
28 22
28 24
28 34
29 33
29 40
30 12
30 17
30 34
31 6
31 9
31 12
31 19
31 20
32 5
32 34
32 38
32 40
33 24
33 32
34 6
34 29
34 36
35 29
35 39
36 5
36 6
36 13
36 16
36 29
36 33
36 44
37 25
37 36
37 39
37 43
37 44
38 12
38 40
39 34
39 41
40 13
40 15
40 34
40 42
40 43
40 45
41 2
41 21
41 32
41 38
41 40
41 44
42 19
42 23
43 2
43 8
43 18
43 24
43 26
43 32
43 46
44 8
44 25
44 34
44 38
45 3
45 27
45 46
46 20
46 34
46 41
46 43
Loss 0 20 31 0 0 0 0 94 0 48 0 0 17 0 0 0 0 0 0 0 0 0 0 46 0 0 0 0 0 0 0 0 0 0 0 0 77 0 66 0 0 0 0 0 73 0 
