35 <--# of nodes, 113 edges
1 7
1 10
1 14
1 19
2 9
2 19
2 29
3 18
3 19
3 22
3 31
4 22
4 25
5 1
5 6
5 20
5 30
5 32
6 9
6 13
6 17
6 19
6 24
7 22
8 1
8 11
9 12
9 30
10 16
10 17
10 21
10 23
11 5
11 7
11 15
11 34
12 7
13 25
14 1
14 12
14 19
14 31
14 35
15 4
15 9
15 31
16 11
16 24
16 28
17 7
17 8
17 19
17 25
18 16
18 17
18 20
19 5
19 12
19 16
20 2
20 30
20 31
20 32
21 10
21 25
21 27
21 32
22 6
22 26
23 2
23 13
23 16
23 32
24 8
24 12
24 13
24 32
25 16
25 30
25 34
26 7
26 9
26 23
26 31
27 12
28 1
28 4
28 9
28 11
28 32
29 7
30 7
30 20
30 33
31 7
31 8
31 16
31 17
32 4
32 9
32 27
32 29
33 8
33 11
33 16
33 27
34 1
34 11
34 12
34 18
35 5
35 17
35 34
Loss 0 0 0 0 0 0 0 85 0 0 0 0 0 0 0 0 42 3 0 0 0 0 0 24 0 0 0 0 78 38 53 0 0 0 27 
