34 <--# of nodes, 104 edges
2 1
2 4
2 16
2 20
2 26
2 29
2 30
3 18
3 25
4 1
4 3
4 9
4 10
4 30
5 8
5 19
6 5
6 12
6 13
6 14
6 19
6 20
6 31
7 19
7 26
7 27
7 30
8 5
8 15
8 22
8 23
8 29
9 20
9 30
10 24
11 1
11 14
12 1
12 4
13 33
14 5
14 7
14 21
14 30
15 9
15 14
15 18
15 26
15 28
15 34
16 1
16 30
17 6
17 24
17 29
18 8
18 16
18 27
18 32
19 11
20 7
20 11
20 15
21 4
21 6
21 7
21 14
21 18
21 28
22 1
22 34
23 3
23 5
23 6
23 29
24 13
24 20
25 2
25 11
25 27
25 29
27 2
27 3
27 34
28 18
28 21
28 29
28 31
29 8
29 18
29 32
30 4
31 29
32 1
32 7
32 18
32 28
32 31
32 33
33 15
33 18
33 25
34 4
34 14
Loss 0 0 0 0 0 0 0 0 0 0 0 0 0 0 0 0 0 0 0 0 0 0 0 0 0 0 83 35 0 0 0 95 0 0 
