52 <--# of nodes, 267 edges
1 19
1 41
2 31
2 36
2 44
2 46
2 47
3 19
3 22
3 25
3 47
4 6
4 22
4 31
4 33
4 42
5 8
5 41
5 47
5 52
6 13
6 21
6 22
6 23
6 29
6 35
6 42
6 43
7 28
7 31
7 48
8 9
8 13
8 24
8 38
8 50
9 14
9 19
9 26
9 28
9 35
9 50
10 13
10 24
11 17
11 25
11 35
11 42
11 49
12 9
12 10
12 21
12 27
12 38
12 39
12 52
13 14
13 19
13 23
13 30
13 44
14 3
14 4
14 5
14 11
14 13
14 29
14 35
14 51
15 5
15 6
15 9
15 16
15 21
15 28
15 32
15 40
15 42
15 52
16 38
16 46
16 48
17 19
17 24
17 45
17 47
18 8
18 17
18 21
18 22
18 31
18 41
18 48
19 22
19 25
19 26
19 28
19 30
19 44
20 7
20 17
20 50
20 52
21 23
21 34
21 41
21 46
21 48
22 17
22 25
22 31
22 33
22 40
22 52
23 8
23 11
23 14
23 27
23 39
23 41
23 46
24 29
24 30
24 31
24 32
24 39
24 47
25 14
25 34
25 45
25 52
26 5
26 12
26 32
26 40
27 9
27 21
27 23
27 36
28 29
28 30
28 33
28 34
28 36
28 41
28 43
29 20
29 45
30 7
30 11
30 46
31 17
31 25
31 32
31 38
31 45
32 13
32 23
32 26
32 33
32 44
33 12
33 35
34 28
34 50
35 2
35 5
35 27
35 28
35 42
35 43
36 8
36 24
37 12
37 25
37 39
37 43
38 9
38 11
38 22
38 25
38 36
38 41
38 42
38 45
39 8
39 22
39 28
39 38
40 8
40 19
40 20
40 24
40 43
41 15
41 17
41 24
41 45
41 47
42 4
42 10
42 15
42 18
42 33
42 35
42 36
43 2
43 8
43 10
43 13
43 23
43 30
43 38
44 1
44 3
44 4
44 7
44 36
44 38
44 41
44 43
44 46
45 14
45 17
45 28
45 34
45 43
45 50
45 52
46 6
46 27
46 37
46 51
46 52
47 51
48 3
48 7
48 18
48 31
48 37
49 1
49 8
49 24
49 32
49 36
49 39
49 42
49 50
50 27
50 33
50 37
50 38
50 42
50 45
51 2
51 25
51 30
51 38
51 43
51 48
51 49
51 50
52 17
52 19
52 20
52 33
52 46
Loss 0 0 0 0 77 0 0 97 0 0 66 0 0 0 88 0 0 0 0 0 9 0 0 0 4 0 0 0 0 0 0 0 0 0 0 43 1 0 0 0 0 0 0 66 33 41 0 5 0 0 0 0 
