69 <--# of nodes, 498 edges
1 10
1 35
1 36
1 53
1 64
1 65
1 68
1 69
2 3
2 18
2 20
2 27
2 29
2 53
2 56
2 67
3 5
3 6
3 7
3 9
3 32
3 34
3 41
3 58
4 1
4 6
4 10
4 12
4 17
4 34
4 37
5 1
5 8
5 30
5 40
5 43
5 52
5 59
6 5
6 8
6 32
6 45
6 50
6 58
6 64
6 67
6 68
7 13
7 25
7 29
7 51
8 11
8 14
8 16
8 45
8 51
8 59
8 66
9 1
9 5
9 10
9 18
9 34
9 50
9 51
9 55
9 59
9 66
10 14
10 29
10 40
10 68
11 3
11 4
11 17
11 60
11 67
12 15
12 16
12 18
12 20
12 21
12 24
12 30
12 41
12 43
12 46
12 57
12 62
13 4
13 15
13 23
13 25
13 32
13 33
13 34
13 35
13 42
13 64
14 4
14 9
14 26
14 28
14 32
14 41
14 47
14 48
14 65
14 68
14 69
15 3
15 6
15 12
15 20
15 23
15 24
15 26
15 39
15 41
15 44
15 62
16 11
16 32
16 43
16 54
16 68
17 2
17 10
17 54
17 58
17 61
17 65
17 69
18 3
18 11
18 31
18 32
18 33
18 35
18 38
18 42
18 46
18 54
18 56
18 58
18 68
19 6
19 7
19 15
19 21
19 23
19 27
19 36
19 59
19 64
20 8
20 14
20 16
20 22
20 45
20 50
20 62
20 68
21 10
21 12
21 29
21 32
21 54
21 56
22 8
22 25
22 41
22 50
22 52
23 14
23 29
23 30
23 33
23 34
23 36
23 39
23 40
23 45
23 66
24 8
24 9
24 27
24 32
24 51
24 69
25 1
25 5
25 19
25 32
25 33
25 37
26 4
26 6
26 13
26 22
26 37
26 42
26 48
26 53
26 56
26 57
26 62
27 18
27 43
27 66
28 14
28 16
28 36
28 63
28 65
29 32
29 58
29 64
29 68
29 69
30 7
30 11
30 22
30 26
30 27
30 51
30 54
30 66
30 68
31 3
31 6
31 28
31 32
31 33
31 50
31 53
31 56
31 63
32 6
32 11
32 28
32 47
33 8
33 18
33 19
33 23
33 31
33 35
33 39
33 47
33 63
34 37
34 56
34 59
34 66
35 2
35 11
35 12
35 38
35 47
35 57
35 62
35 64
36 6
36 12
36 27
36 46
36 65
37 1
37 6
37 8
37 14
37 28
37 29
37 30
37 31
37 36
37 45
37 53
37 56
37 60
37 69
38 1
38 8
38 10
38 34
38 39
38 68
39 6
39 26
39 44
39 47
39 50
39 59
39 69
40 2
40 6
40 7
40 12
40 21
40 60
40 65
41 8
41 13
41 17
41 32
41 38
41 53
41 59
41 62
41 68
42 10
42 49
42 53
42 56
42 60
43 27
43 30
43 35
43 48
43 56
43 62
43 67
44 11
44 14
44 25
44 37
44 48
44 56
44 58
44 59
44 62
45 5
45 15
45 23
45 27
45 35
45 43
46 2
46 10
46 11
46 19
46 22
46 25
46 39
46 43
46 58
46 62
46 63
47 8
47 9
47 25
47 37
47 49
47 55
47 57
47 59
47 68
48 6
48 15
48 21
48 43
48 67
49 16
49 33
49 50
49 59
50 36
50 45
51 2
51 10
51 17
51 27
51 29
51 54
51 64
52 3
52 11
52 18
52 36
52 41
52 44
53 4
53 29
53 41
53 56
53 65
54 5
54 13
54 15
54 35
54 48
54 65
55 1
55 2
55 14
55 26
55 29
55 33
55 57
55 58
55 64
55 68
56 7
56 18
56 35
56 41
56 64
57 11
57 12
57 16
57 18
57 28
57 37
57 54
57 63
58 1
58 12
58 14
58 31
58 34
58 42
58 52
58 60
58 62
59 12
59 15
59 26
59 31
59 47
59 51
59 56
59 68
60 10
60 31
60 33
60 36
60 44
60 53
60 57
61 2
61 6
61 9
61 17
61 30
61 34
61 42
61 43
61 56
61 60
61 64
62 5
62 7
62 14
62 21
62 25
62 30
62 31
62 38
62 41
62 54
62 68
63 18
63 19
63 26
63 35
63 44
63 60
64 6
64 28
64 49
64 65
65 3
65 17
65 20
65 29
65 47
65 52
65 59
65 66
66 8
66 20
66 30
66 39
66 48
66 53
66 57
67 5
67 17
67 35
67 37
67 50
67 51
68 59
69 6
69 19
69 28
69 40
Loss 0 0 74 0 0 0 0 0 0 0 51 98 74 13 0 0 0 0 0 9 51 0 0 0 0 0 0 0 0 0 0 74 0 0 16 0 0 0 21 0 0 0 0 0 0 0 0 0 69 0 0 0 0 0 0 0 0 0 0 0 0 0 52 0 0 29 46 0 0 
