35 <--# of nodes, 124 edges
1 10
1 17
1 24
1 32
2 24
3 4
3 14
3 16
4 3
4 5
4 9
4 10
4 12
4 13
4 15
4 18
5 22
5 25
5 29
6 1
6 2
6 7
6 15
6 17
6 19
6 21
6 31
6 33
7 16
7 19
7 27
7 34
8 3
8 26
8 28
9 22
9 24
9 30
10 5
11 14
11 23
11 34
12 8
12 25
12 26
13 8
13 10
13 24
13 34
13 35
14 8
14 12
15 31
16 2
16 4
16 33
17 5
17 7
17 9
17 31
18 10
18 28
20 3
20 13
21 9
21 10
21 14
21 30
22 3
22 5
22 8
22 9
22 15
22 18
22 26
22 27
23 6
23 15
23 30
23 31
24 1
24 4
24 12
24 29
24 33
25 1
25 11
26 11
26 13
26 14
26 15
26 16
26 24
26 29
27 1
27 13
27 20
27 35
28 5
28 6
28 13
28 22
28 29
29 5
29 12
30 3
30 12
30 32
31 2
31 20
32 11
32 18
32 23
32 27
33 9
33 11
33 13
34 11
34 16
34 23
34 24
34 33
35 19
35 30
Loss 0 55 11 7 0 0 0 0 0 0 0 0 0 0 0 0 0 0 0 0 0 0 54 0 0 0 0 0 0 0 0 0 0 0 0 
