51 <--# of nodes, 262 edges
1 7
1 21
1 23
1 27
1 30
1 40
1 43
2 14
2 18
2 19
2 20
2 24
2 25
2 41
3 4
3 12
3 19
3 28
3 31
3 47
4 32
4 33
4 42
4 44
5 17
5 41
5 50
6 10
6 11
6 42
7 13
7 15
7 31
7 35
8 4
8 14
8 18
8 36
8 47
9 1
9 5
9 10
9 15
9 22
9 24
9 26
9 28
9 35
9 39
9 41
9 45
10 30
11 2
11 4
11 13
11 29
11 36
11 49
12 2
12 20
12 23
12 29
13 1
13 3
13 22
13 34
13 36
13 37
14 4
14 10
14 18
14 22
14 25
14 44
14 47
14 49
15 4
15 13
15 20
15 23
15 32
15 36
15 50
16 7
16 10
16 19
16 34
16 47
17 9
17 15
17 34
17 41
17 50
18 33
18 38
18 43
18 44
19 10
19 13
19 17
19 25
19 49
20 7
20 9
20 17
20 18
20 19
20 23
20 45
21 8
21 19
21 42
22 17
22 32
22 43
22 50
22 51
23 1
23 4
23 7
23 16
23 30
23 33
23 40
23 43
23 47
24 1
24 3
24 44
24 50
25 3
25 11
25 34
25 50
26 1
26 4
26 31
27 17
27 37
27 44
27 46
27 49
28 5
28 6
28 10
28 24
28 33
28 51
29 3
29 6
29 31
29 34
30 2
30 8
30 20
30 26
30 32
30 39
30 40
30 41
30 43
30 51
31 4
31 38
31 39
31 46
32 1
32 20
32 25
32 38
33 15
34 8
34 19
34 25
34 28
34 33
34 35
34 48
35 28
35 34
36 11
36 16
36 19
36 37
36 46
36 48
37 38
37 47
37 49
38 1
38 8
38 14
38 18
38 25
38 50
39 1
39 13
39 30
40 2
40 3
40 28
40 30
40 31
40 41
41 19
41 20
41 29
41 32
41 33
41 35
41 43
42 22
42 23
42 26
43 6
43 9
43 17
43 33
43 47
44 14
44 15
44 20
45 6
45 22
45 23
45 25
46 18
46 20
46 34
46 38
46 39
47 5
47 9
47 20
47 21
47 28
47 32
47 36
47 38
47 46
48 4
48 30
48 31
48 44
49 8
49 21
49 27
49 31
49 44
49 45
50 42
50 44
50 47
50 51
51 1
51 11
51 16
51 24
51 25
51 27
51 35
51 39
Loss 0 0 0 0 0 0 0 0 0 0 0 0 47 0 0 0 0 0 0 31 0 44 0 0 0 91 0 0 0 0 0 0 11 0 96 0 19 0 0 0 0 0 0 44 57 0 0 0 0 46 0 
