51 <--# of nodes, 256 edges
1 5
1 27
1 32
1 41
1 43
2 18
2 22
2 28
2 39
3 9
3 20
4 3
4 11
4 12
4 15
4 18
4 19
4 20
4 24
4 26
4 39
5 19
5 36
5 41
5 43
6 17
6 18
6 24
6 38
7 1
7 9
7 19
7 24
7 30
7 47
8 19
8 24
8 41
8 44
8 51
9 6
10 25
10 35
10 47
11 9
11 26
11 31
11 32
11 35
11 38
12 7
12 13
12 18
12 29
13 1
13 22
13 26
13 28
13 32
13 45
13 51
14 1
14 2
14 3
14 12
14 16
14 23
14 27
14 45
15 4
15 18
15 27
15 45
16 3
16 4
16 15
16 20
16 21
16 24
16 37
17 14
17 39
17 42
17 48
18 3
18 7
18 9
18 21
18 44
18 46
18 47
19 2
19 8
19 9
19 10
19 35
19 41
19 46
19 47
20 4
20 16
20 18
20 23
20 29
20 50
21 11
21 15
21 25
22 2
22 4
22 13
22 20
23 7
23 22
23 29
23 42
24 1
24 2
24 5
24 8
24 14
24 17
24 26
24 30
24 38
24 39
24 49
24 50
25 20
25 50
26 3
26 5
26 22
26 37
26 39
26 43
26 46
27 13
27 15
27 22
27 36
27 44
27 45
28 7
28 15
28 25
28 34
28 40
28 42
29 12
29 22
29 28
29 38
29 46
30 5
30 8
30 25
30 27
30 31
30 33
31 6
31 18
31 23
31 34
31 39
31 50
32 7
32 17
32 30
32 34
32 37
32 42
32 43
33 3
33 14
33 29
33 37
34 16
34 18
34 23
34 26
34 28
34 30
34 42
34 51
35 2
35 7
35 13
35 29
36 14
36 27
36 37
36 46
36 47
37 2
37 3
37 5
37 20
37 31
37 40
37 44
37 50
38 5
38 18
38 36
38 50
39 7
39 19
39 35
40 9
40 10
40 25
40 35
40 37
40 43
40 48
41 7
41 13
41 32
41 33
42 4
42 48
43 7
43 13
43 15
43 17
43 18
43 30
44 6
44 19
44 47
45 8
45 35
45 37
45 51
46 4
46 18
46 41
46 44
47 4
47 30
47 31
48 8
48 28
48 45
49 9
49 10
49 13
49 36
49 42
50 3
50 42
51 34
51 36
51 37
51 50
Loss 0 0 0 0 0 0 0 0 25 0 0 0 0 0 42 0 98 0 0 37 0 0 0 0 10 0 0 0 60 0 0 0 0 0 2 0 0 56 0 0 0 0 0 54 0 0 33 3 0 0 91 
