35 <--# of nodes, 122 edges
1 8
1 26
1 34
2 1
2 7
2 24
2 28
2 34
3 10
3 11
3 18
3 21
3 27
4 1
4 5
4 13
4 14
4 17
4 24
4 25
4 26
4 28
5 2
5 25
5 29
6 3
7 6
7 35
8 2
8 6
8 14
9 21
10 1
10 8
10 9
10 11
10 18
10 25
10 26
10 29
10 31
10 35
11 22
11 29
12 14
12 31
12 34
13 7
13 18
13 33
14 6
14 7
14 18
14 25
14 35
15 18
16 4
17 16
17 32
18 2
18 4
19 14
19 27
19 34
20 16
20 19
20 21
20 23
21 2
21 7
21 22
21 25
21 29
22 14
22 16
22 32
22 35
23 3
23 20
23 35
24 4
24 13
24 25
24 28
25 7
25 18
25 24
26 3
26 28
27 17
27 26
28 9
28 10
28 11
29 12
29 26
29 27
30 4
30 7
30 17
30 26
30 33
30 35
31 33
31 35
32 8
32 9
32 13
32 25
32 26
32 30
33 15
33 29
34 1
34 13
34 14
34 33
34 35
35 4
35 10
35 18
35 20
Loss 0 47 0 33 0 96 0 0 0 0 0 0 0 0 0 97 0 0 0 0 0 0 50 67 43 0 0 0 0 75 0 44 66 0 68 
