54 <--# of nodes, 318 edges
1 2
1 11
1 13
1 15
1 17
1 24
1 36
1 49
2 13
2 15
2 23
2 35
2 43
3 14
3 44
3 46
3 48
4 24
4 32
4 54
5 4
5 6
5 9
5 24
5 44
5 45
6 29
6 34
6 50
7 14
7 27
7 41
7 45
8 2
8 6
8 13
8 14
8 15
8 46
9 10
9 26
9 28
9 34
9 42
10 2
10 14
10 20
10 40
10 42
10 44
10 48
11 2
11 6
11 9
11 20
11 35
12 8
12 11
12 22
12 25
12 38
12 40
12 53
13 21
13 24
13 30
14 2
14 13
14 41
15 1
15 2
15 8
15 18
15 23
15 26
15 42
15 46
15 47
15 53
16 14
16 18
16 24
16 46
17 1
17 2
17 4
17 5
17 29
17 41
17 45
17 47
17 52
18 6
18 37
18 39
18 49
18 54
19 1
19 28
19 35
20 1
20 8
20 16
20 28
21 5
21 10
21 13
21 19
21 20
21 22
21 25
21 26
22 12
22 13
22 28
22 34
22 46
23 20
23 24
23 33
23 43
24 16
24 23
24 25
24 27
24 28
24 31
24 34
24 38
24 49
25 23
25 32
25 44
25 50
25 51
26 9
26 10
26 17
26 19
26 20
26 21
26 29
26 32
26 47
27 12
27 15
27 29
27 37
27 41
28 4
28 8
28 16
28 36
28 37
28 49
28 54
29 12
29 13
29 23
29 30
29 51
30 1
30 14
30 16
30 37
30 40
30 43
31 6
31 50
32 2
32 9
32 10
32 15
32 18
32 40
32 42
32 43
32 46
33 7
33 14
33 20
33 28
33 49
33 51
33 54
34 1
34 20
34 21
34 23
34 28
34 37
34 47
35 6
35 11
35 28
35 37
35 40
35 43
35 49
36 7
36 16
36 19
36 24
36 25
36 38
36 50
37 8
37 17
37 18
37 41
37 47
37 48
38 14
38 16
38 18
38 28
38 31
38 44
38 46
38 51
39 13
39 19
39 20
39 23
39 40
39 42
39 44
39 50
40 1
40 6
40 7
40 9
40 13
40 16
40 17
40 20
40 29
40 53
41 1
41 20
41 21
41 33
41 34
41 48
42 17
42 29
42 37
42 47
43 20
43 23
43 42
43 53
44 6
44 30
44 49
45 3
45 5
45 10
45 28
45 54
46 7
46 13
46 16
46 19
46 32
46 51
47 10
47 11
47 24
47 45
48 12
48 19
48 20
48 21
48 22
48 32
48 33
48 42
48 50
49 7
49 14
49 17
49 22
49 34
49 41
49 54
50 6
50 7
50 22
50 26
50 29
50 31
50 49
51 4
51 6
51 12
51 20
51 35
51 40
51 43
52 1
52 3
52 21
52 30
52 31
53 11
53 13
53 33
53 42
53 48
54 6
54 13
54 22
54 34
54 36
54 37
54 43
54 50
Loss 0 0 0 0 0 0 0 0 0 0 0 0 0 0 67 35 0 0 0 0 0 0 0 0 0 0 0 0 35 93 0 0 0 0 0 0 0 34 0 0 0 0 0 76 39 0 0 0 0 0 0 94 0 0 
