38 <--# of nodes, 143 edges
1 8
1 12
1 17
1 26
2 13
2 16
2 20
2 28
3 36
4 2
4 13
4 28
4 29
5 1
5 3
5 8
5 13
5 20
6 17
7 35
8 3
8 6
8 12
8 18
8 21
8 25
8 32
8 37
9 3
9 4
9 19
9 38
10 7
10 11
11 5
11 12
11 35
12 8
12 19
12 33
12 36
13 5
13 6
13 16
13 18
13 29
13 34
14 3
14 10
14 13
14 34
15 7
15 13
15 17
15 20
15 24
16 4
16 25
16 36
17 2
17 16
17 19
17 25
17 27
18 4
18 11
18 16
18 19
19 5
19 24
19 29
19 35
19 36
19 38
20 4
20 9
20 13
20 22
20 27
21 2
21 12
21 18
21 37
22 4
22 16
22 30
22 37
23 5
23 13
23 21
23 26
23 33
23 36
24 6
24 13
24 18
25 23
25 26
26 13
26 38
27 2
27 5
27 32
28 10
29 3
29 11
29 18
29 22
29 27
29 33
29 35
29 36
30 5
30 18
30 22
30 23
30 26
31 14
32 1
32 5
32 7
32 9
32 11
32 16
32 26
32 31
33 14
33 27
34 3
34 11
34 12
34 27
34 37
35 3
35 37
36 14
37 8
37 25
37 32
38 3
38 6
38 14
38 17
Loss 0 0 50 0 96 94 0 0 0 0 0 0 0 76 0 0 0 0 0 0 95 0 0 0 0 0 0 33 0 0 0 0 76 0 0 0 89 0 
