42 <--# of nodes, 187 edges
1 7
1 40
2 1
2 4
2 18
2 42
3 4
3 13
3 30
3 40
4 26
4 27
4 41
5 4
5 17
5 18
5 26
5 29
5 32
6 1
6 23
6 25
6 27
7 14
7 25
8 2
8 19
8 20
8 25
8 28
8 30
8 32
8 36
9 7
9 17
9 33
9 35
9 37
9 41
10 2
10 9
10 18
10 22
10 26
10 36
10 39
11 3
11 5
11 16
11 24
11 26
11 33
11 37
12 9
12 13
12 17
12 22
12 27
13 30
13 36
13 39
13 40
14 39
15 11
15 14
15 37
16 8
16 9
16 15
16 29
16 37
16 38
17 2
17 27
18 6
18 25
18 26
18 27
18 35
18 38
18 41
19 6
19 12
19 15
19 20
19 24
19 36
20 6
20 8
20 14
20 18
20 27
20 42
21 14
21 32
21 35
22 1
22 4
22 6
22 19
22 20
22 28
22 37
22 39
23 2
23 7
23 12
23 17
23 24
23 34
24 4
24 21
24 22
24 39
25 6
25 16
26 1
26 4
26 16
27 5
27 30
27 42
28 7
28 10
28 14
28 16
28 18
28 20
28 21
28 23
28 35
28 36
29 4
29 11
29 12
29 30
29 34
30 3
30 16
30 19
30 40
30 41
31 11
31 12
31 23
31 27
31 36
31 37
32 1
32 14
32 25
32 26
32 39
33 19
33 22
33 38
34 33
35 2
35 7
35 18
36 2
36 3
36 4
36 6
36 15
36 19
36 29
37 11
37 14
37 17
37 19
37 34
37 36
38 8
38 12
38 14
38 22
38 30
39 32
40 4
40 13
40 16
41 15
41 27
41 28
41 39
41 40
Loss 0 90 52 0 0 75 0 0 23 0 0 0 0 0 0 0 0 0 0 0 0 0 0 16 0 86 0 0 9 0 0 0 0 0 34 0 0 0 0 0 0 0 
