33 <--# of nodes, 112 edges
1 5
1 22
1 25
1 27
1 30
1 33
2 13
2 25
2 31
3 10
3 17
3 18
3 21
3 30
4 15
4 29
5 29
6 13
6 17
6 24
6 32
8 11
8 26
9 5
9 7
9 15
9 24
9 25
10 2
11 4
11 24
11 25
12 10
12 24
12 30
13 10
13 28
14 6
14 17
14 19
14 20
14 29
14 31
15 14
15 32
16 8
16 11
16 19
17 1
17 7
17 9
17 27
18 7
18 10
18 17
18 21
18 22
18 26
19 3
19 18
19 20
19 22
20 3
20 12
20 21
20 28
20 29
21 2
21 10
21 22
21 30
22 20
22 28
23 10
23 11
23 17
23 32
23 33
24 5
24 20
24 23
24 26
25 2
25 10
25 11
25 13
25 28
25 31
26 10
26 25
26 31
26 33
27 30
28 22
28 29
29 5
29 10
29 11
29 22
30 2
30 11
30 12
31 6
31 11
31 24
32 8
32 9
32 17
32 19
33 4
33 20
33 24
Loss 0 0 0 0 0 0 0 0 5 0 0 13 26 95 0 0 50 0 0 0 0 85 82 0 21 0 0 0 0 0 0 0 0 
