27 <--# of nodes, 76 edges
1 9
1 10
1 11
1 13
2 8
2 9
2 15
2 18
2 22
2 24
3 19
4 2
4 8
4 24
5 2
6 9
6 25
8 5
8 7
9 4
9 15
9 18
9 23
10 4
10 15
10 17
10 21
10 24
10 27
11 9
11 19
11 20
11 25
12 2
12 26
13 10
13 19
13 21
13 23
13 24
14 10
14 18
15 11
15 19
15 20
16 2
16 4
16 6
16 7
16 8
16 11
16 18
17 8
18 5
18 6
18 12
18 13
19 13
19 16
20 11
20 21
20 26
21 3
21 5
21 6
21 7
21 9
22 16
24 1
24 4
24 5
24 21
25 4
25 19
26 15
27 7
Loss 0 85 36 0 0 0 13 0 0 0 0 92 0 0 0 0 0 0 80 15 92 0 0 0 0 9 0 
