66 <--# of nodes, 430 edges
1 28
2 40
2 41
2 48
2 59
3 1
3 6
3 7
3 16
3 19
3 21
3 31
3 41
3 42
3 44
3 49
3 51
3 62
4 3
4 5
4 13
4 14
4 26
4 28
4 38
4 63
4 64
5 6
5 14
5 21
5 29
5 31
5 49
5 56
6 2
6 9
6 15
6 34
6 59
7 21
7 24
7 62
8 10
8 32
8 47
8 51
8 55
9 15
9 18
9 39
10 14
10 30
10 32
10 33
10 42
10 44
10 58
11 22
11 25
11 32
11 39
11 40
11 41
11 45
11 54
11 57
12 1
12 5
12 31
12 57
12 60
12 62
12 64
13 1
13 4
13 6
13 18
13 24
13 35
13 36
13 42
14 1
14 16
14 28
14 32
14 64
15 6
15 24
15 27
15 35
16 5
16 6
16 15
16 25
16 57
16 65
17 23
17 31
17 58
17 63
18 1
18 11
18 26
18 42
18 64
19 12
19 22
19 28
19 39
19 46
20 15
20 25
20 43
20 64
21 6
21 11
21 13
21 31
21 38
21 43
21 45
21 60
22 4
22 11
22 33
22 38
22 41
22 64
23 8
23 9
24 9
24 33
24 43
24 58
25 18
25 24
25 33
25 36
25 43
25 53
25 55
25 57
25 62
26 2
26 7
26 16
26 35
26 38
26 41
26 50
27 6
27 15
27 19
27 33
27 41
27 45
27 48
27 54
27 56
27 58
27 62
28 10
28 15
28 35
28 40
28 59
28 63
28 66
29 15
29 34
29 37
29 47
30 12
30 27
30 32
30 35
30 41
30 42
30 48
30 56
31 15
31 20
31 40
31 42
31 46
31 49
31 62
31 63
31 65
32 16
32 21
32 41
32 47
32 51
32 54
33 9
33 17
33 25
33 31
33 53
34 7
34 11
34 28
34 29
34 38
34 40
34 43
34 49
35 2
35 9
35 14
35 22
35 43
36 3
36 7
36 28
36 30
36 45
36 49
36 53
36 54
36 59
36 60
37 23
37 31
37 39
37 42
37 48
37 49
37 62
38 18
38 28
38 49
38 61
38 65
39 2
39 10
39 11
39 22
39 23
39 26
39 33
40 5
40 11
40 13
40 15
40 19
40 26
40 30
40 51
40 52
40 63
41 8
41 43
41 44
41 45
41 51
41 54
42 25
42 40
42 44
42 49
43 1
43 15
43 16
43 23
43 27
43 41
43 44
43 45
43 61
43 64
44 4
44 6
44 7
44 33
44 34
44 35
44 42
44 56
44 57
44 61
45 44
45 51
46 1
46 2
46 15
46 18
46 23
46 25
46 38
46 39
46 52
46 56
46 58
47 10
47 17
47 20
47 21
47 41
47 45
48 8
48 13
48 23
48 25
48 39
48 47
48 49
48 65
49 7
49 10
49 25
49 45
49 58
50 19
50 26
50 27
50 44
50 66
51 3
51 18
51 20
51 35
51 48
51 55
51 60
52 22
52 28
52 33
52 58
53 9
53 10
53 11
53 33
53 42
53 47
54 8
54 12
54 13
54 15
54 19
54 29
54 30
54 32
54 33
54 37
54 39
54 66
55 1
55 8
55 15
55 16
55 20
55 22
56 2
56 15
56 22
56 26
56 38
56 41
56 43
56 58
56 59
56 64
56 65
56 66
57 11
57 20
57 21
57 25
57 41
57 44
57 56
58 11
58 12
58 26
58 39
58 45
58 49
59 13
59 24
59 30
59 32
59 46
59 58
60 2
60 5
60 15
60 18
60 34
60 39
60 46
60 52
61 27
61 41
61 47
61 49
62 8
62 9
62 17
62 24
62 25
62 32
62 34
62 35
62 43
62 57
62 60
63 12
63 28
63 36
63 56
64 15
64 21
64 41
64 44
64 62
64 65
65 25
65 29
65 37
65 48
65 58
65 60
65 64
66 15
66 17
66 19
66 32
66 47
Loss 0 39 0 0 0 39 0 0 0 0 41 31 0 0 0 10 16 0 0 0 0 0 0 0 0 0 0 0 0 0 94 72 0 6 0 0 0 0 0 0 0 0 0 19 0 0 27 0 22 0 0 0 0 0 0 0 0 0 0 0 0 3 80 0 0 73 
