42 <--# of nodes, 183 edges
1 8
1 12
1 17
1 19
1 21
1 32
2 7
2 19
2 26
3 4
3 9
3 12
3 19
3 23
3 37
4 9
4 21
4 28
4 33
5 2
5 3
5 6
5 13
5 27
5 29
6 20
6 30
7 23
7 24
7 29
7 32
8 13
9 2
9 4
9 6
9 11
9 16
9 21
9 26
9 38
10 11
10 13
10 18
10 27
10 28
10 31
10 36
10 37
10 40
11 3
11 22
12 1
12 10
12 26
12 28
12 39
13 10
13 16
13 18
13 21
13 26
13 33
14 9
14 15
14 26
14 31
15 23
16 39
17 2
17 5
17 18
17 26
17 38
18 22
18 26
19 5
19 17
19 29
19 34
19 39
20 4
20 15
20 16
20 25
20 30
20 34
20 36
20 38
21 8
21 9
21 13
21 25
21 26
21 33
21 34
22 16
22 25
22 27
22 32
22 42
23 5
23 25
23 29
24 3
24 6
24 9
24 22
24 23
24 27
24 29
25 14
25 21
25 26
26 3
26 9
26 14
26 18
26 34
27 6
27 28
27 37
28 7
28 16
28 34
28 38
28 41
29 6
29 8
29 17
29 19
29 35
30 11
30 13
30 39
31 4
31 19
31 28
31 39
32 6
32 10
32 11
32 19
33 3
33 9
34 7
34 10
34 24
34 27
34 36
35 10
35 13
35 23
35 31
35 37
35 38
36 4
36 31
36 32
36 42
37 2
37 4
37 20
37 22
37 28
37 29
37 39
38 31
39 9
39 18
39 24
39 31
39 40
40 2
40 22
41 5
41 10
41 17
42 13
42 19
42 20
42 29
42 34
42 41
Loss 0 71 0 77 0 0 0 0 30 53 0 0 6 0 0 0 0 0 0 0 0 23 0 22 0 0 80 93 53 0 0 45 0 0 0 0 0 0 0 0 0 43 
