69 <--# of nodes, 437 edges
1 8
1 10
1 17
1 43
1 45
1 49
1 52
1 59
2 1
2 13
2 16
2 29
2 44
2 53
2 68
3 7
3 17
3 27
3 39
3 43
3 51
3 55
4 3
4 17
4 33
4 43
4 58
4 63
5 7
5 16
5 26
5 32
5 38
5 56
6 12
6 21
6 31
6 35
6 38
6 53
7 6
7 38
7 45
7 52
7 69
8 17
8 29
8 32
8 37
8 43
8 44
8 51
8 52
8 56
8 58
9 14
9 16
9 17
9 26
9 27
9 29
9 37
9 39
9 48
9 60
9 61
9 65
9 69
10 3
10 4
10 19
10 22
10 45
10 51
10 60
10 61
11 15
11 24
12 4
12 11
12 24
12 26
12 28
12 29
12 33
12 39
13 1
13 6
13 30
13 39
13 46
13 51
13 58
13 67
14 15
14 19
14 20
14 25
14 29
14 51
15 4
15 5
15 8
15 19
15 33
15 37
15 41
15 43
15 58
15 69
16 6
16 8
16 10
16 21
16 50
16 52
17 4
17 20
17 48
17 50
17 58
18 2
18 5
18 9
18 53
18 55
18 62
19 11
19 25
19 45
19 50
19 65
20 10
20 19
20 49
21 16
21 17
21 19
21 49
21 58
22 2
22 11
22 20
22 21
22 61
23 2
23 8
23 12
23 35
23 36
23 45
23 46
23 52
23 58
24 14
24 62
24 63
24 68
25 27
25 37
25 42
25 49
25 52
25 67
26 4
26 12
26 40
26 44
26 49
26 53
27 8
27 11
27 17
27 50
28 29
29 19
29 26
29 45
29 46
29 48
29 56
29 65
30 21
30 23
30 26
30 32
30 39
30 63
30 67
31 5
31 10
31 12
31 22
31 23
31 32
31 52
32 17
32 23
32 26
32 33
32 50
32 62
33 15
33 21
33 25
33 35
33 40
33 51
34 1
34 16
34 25
34 29
34 36
34 39
34 62
34 69
35 20
35 25
35 68
36 4
36 12
36 24
36 33
36 38
37 2
37 19
37 24
37 25
37 30
37 46
37 54
37 61
38 27
38 35
38 43
38 44
38 46
38 48
38 50
38 57
39 4
39 14
39 16
39 17
39 28
39 35
39 36
39 52
40 6
40 11
40 33
40 37
40 43
40 44
40 61
41 2
41 4
41 7
41 10
41 13
41 15
41 26
41 36
41 60
42 10
42 13
42 31
42 39
42 44
42 50
42 65
43 3
43 6
43 42
43 50
43 69
44 12
44 20
44 41
45 1
45 2
45 10
45 17
45 18
45 22
45 29
45 47
46 1
46 9
46 15
46 36
46 40
46 52
46 69
47 1
47 31
47 51
47 60
48 13
48 29
48 36
48 38
48 54
48 59
49 3
49 7
49 25
49 28
49 56
49 59
50 4
50 19
50 26
50 34
50 52
50 61
50 62
51 10
51 43
51 46
52 11
52 25
52 40
52 50
53 5
53 41
53 52
53 55
53 62
54 3
54 5
54 16
54 30
54 33
54 48
55 11
55 37
56 1
56 14
56 19
56 22
56 30
56 38
56 51
56 54
56 55
57 6
57 42
57 44
57 51
57 55
57 60
57 64
57 69
58 28
58 37
58 51
58 52
58 53
58 69
59 14
59 17
59 29
59 36
59 40
59 52
60 5
60 36
60 42
60 49
60 54
60 69
61 22
61 31
61 32
61 42
61 49
61 62
62 8
62 10
62 40
62 44
62 64
62 68
63 11
63 26
63 27
63 44
63 49
63 65
64 1
64 8
64 26
64 41
64 54
65 7
65 10
65 12
65 23
65 25
65 26
65 34
65 35
65 39
65 62
66 16
66 17
66 32
66 38
66 39
66 57
66 58
66 63
67 12
67 17
67 24
67 25
67 31
67 54
67 57
68 30
68 39
68 40
68 59
69 1
69 3
69 6
69 13
69 15
69 16
69 17
69 22
69 35
69 37
69 52
69 54
69 63
Loss 0 0 0 26 0 0 0 0 0 0 0 0 4 0 53 0 95 0 0 0 0 84 0 0 36 0 0 0 0 0 94 0 53 0 0 0 0 0 0 0 0 71 0 0 0 58 0 0 0 0 0 0 17 0 0 0 0 0 0 0 0 0 65 0 60 0 41 0 0 
