32 <--# of nodes, 94 edges
1 7
1 22
1 25
2 19
2 29
3 21
4 15
4 19
4 27
5 4
5 6
5 7
5 29
5 32
6 8
6 9
7 16
7 27
8 24
8 27
8 30
9 1
9 6
10 5
10 6
10 7
10 11
10 23
10 26
11 2
11 4
11 5
11 7
11 9
11 14
11 19
12 8
12 13
12 16
12 19
12 26
13 15
13 18
13 28
14 2
14 6
14 12
14 15
15 17
15 18
15 28
16 7
16 17
16 22
17 1
18 3
18 5
18 6
18 30
19 15
19 23
19 32
20 5
20 10
20 14
21 10
21 28
22 10
23 29
25 2
25 10
25 28
25 32
26 18
27 11
27 18
28 2
28 31
29 4
29 16
29 21
29 27
30 5
30 13
30 24
30 25
30 27
31 10
31 15
31 25
32 8
32 10
32 12
32 28
Loss 0 15 0 0 0 0 83 99 0 0 0 34 0 58 69 58 0 0 0 0 0 0 0 0 5 96 43 57 0 0 0 0 
