62 <--# of nodes, 362 edges
1 3
1 11
1 34
1 44
1 53
1 60
2 13
2 23
2 39
2 49
2 58
2 60
2 61
3 11
3 17
3 20
3 43
3 45
3 55
4 22
4 29
4 36
4 58
5 10
5 18
5 26
5 28
5 30
5 36
5 44
5 50
6 2
6 10
6 12
6 22
6 25
6 32
6 34
6 37
6 42
6 45
7 28
7 31
7 39
7 47
7 50
8 2
8 9
8 14
8 36
8 38
8 45
8 52
8 62
9 6
9 8
9 14
9 28
9 36
10 1
10 17
10 26
10 40
10 52
10 61
11 16
11 26
11 29
11 39
11 47
11 53
11 56
12 10
12 17
12 23
12 47
12 54
12 55
12 61
13 2
13 30
13 41
13 46
13 53
13 59
14 3
14 35
14 51
15 13
15 22
15 35
15 47
16 23
16 24
16 29
16 31
16 33
16 44
16 46
16 51
16 52
17 8
17 11
17 16
17 26
17 27
17 31
17 47
17 49
18 4
18 27
18 30
18 32
18 37
18 40
18 54
18 62
19 5
19 10
19 24
19 35
19 47
19 49
20 12
20 31
20 33
20 50
20 56
20 58
21 9
21 35
21 39
21 40
22 23
22 29
22 55
22 56
23 33
23 51
23 55
23 56
24 2
24 11
24 38
24 40
24 44
24 57
24 62
25 1
25 11
25 23
25 39
25 57
25 62
26 15
26 27
27 2
27 9
27 17
27 39
27 51
27 53
27 55
27 58
27 60
28 5
28 10
28 22
28 27
28 33
28 52
28 56
28 61
29 3
29 8
29 33
29 39
29 48
29 57
29 60
30 15
30 46
30 55
30 62
31 19
31 37
31 53
31 54
31 55
32 14
32 33
32 40
32 41
32 51
32 59
32 62
33 2
33 8
33 39
33 40
33 53
33 59
34 10
34 17
34 23
34 42
34 46
34 57
35 4
35 5
35 11
35 20
35 27
35 36
35 44
36 17
36 26
36 27
36 42
36 44
36 55
36 61
37 1
37 3
37 11
37 13
37 35
38 1
38 12
38 32
38 34
38 35
38 51
38 62
39 2
39 7
39 10
39 12
39 28
39 46
39 51
39 53
39 59
40 3
40 6
40 15
40 18
40 19
40 22
40 57
41 17
41 28
41 52
41 60
42 14
42 32
42 37
42 52
43 17
43 25
43 28
43 45
44 36
44 39
44 42
44 46
44 50
45 9
45 21
45 35
45 38
45 53
46 1
47 7
47 26
47 56
48 11
48 14
48 20
48 22
48 37
48 44
49 4
49 6
49 41
49 57
49 59
50 5
50 38
50 39
50 40
51 12
51 15
51 44
51 47
51 56
52 3
52 19
52 46
52 55
53 5
53 9
53 34
53 59
53 60
54 12
54 28
54 30
54 32
54 38
54 41
54 50
54 59
54 62
55 13
55 22
55 23
55 50
55 59
56 3
56 6
56 7
56 24
56 30
56 34
56 38
56 57
57 1
57 10
57 17
57 46
57 56
58 21
58 45
58 47
58 55
59 20
59 48
60 3
60 7
60 8
60 19
60 43
60 53
61 14
61 15
61 31
61 38
61 42
61 49
61 59
61 62
62 4
62 6
62 22
62 24
62 44
62 51
62 52
62 56
62 57
62 60
Loss 0 59 53 0 0 0 0 0 0 0 0 0 0 0 0 0 0 0 61 0 83 0 0 97 0 54 0 0 0 0 0 0 30 0 84 0 0 0 0 0 71 0 0 0 0 0 0 0 0 0 43 25 57 0 57 0 0 0 0 36 0 0 
