43 <--# of nodes, 195 edges
1 2
1 4
1 9
1 12
1 24
1 36
1 43
2 8
2 14
2 17
2 29
2 36
3 6
3 8
3 21
3 37
3 38
3 42
4 20
4 22
4 33
4 43
5 12
5 31
5 37
6 5
6 19
6 34
6 38
7 4
7 6
7 8
7 11
7 30
7 32
7 37
8 15
8 24
8 36
8 43
9 13
9 20
9 27
9 33
9 42
9 43
10 9
10 14
10 32
11 15
11 33
12 9
12 18
12 19
12 36
13 6
13 10
13 15
13 23
13 30
13 37
14 9
14 12
15 5
15 13
15 40
16 10
16 17
16 18
16 34
16 36
17 1
17 5
17 8
17 11
17 14
17 18
17 19
17 28
17 37
17 42
18 1
18 9
18 16
18 38
19 4
19 8
19 20
19 21
19 22
19 23
19 36
20 6
21 2
21 7
21 11
21 17
21 29
21 37
21 41
22 11
22 13
22 19
23 12
23 41
23 43
24 8
24 11
24 12
24 21
24 42
24 43
25 6
25 7
25 10
25 11
25 21
26 30
26 34
26 40
27 4
27 10
27 22
27 30
27 32
27 43
28 1
28 11
28 21
28 34
28 35
28 38
28 41
30 3
30 6
30 16
30 21
30 27
30 31
31 10
31 25
31 37
31 38
32 22
32 27
32 34
33 19
34 6
34 7
34 15
34 23
34 26
34 40
35 6
35 9
35 15
35 22
36 3
36 5
36 13
36 26
36 28
36 34
37 1
37 24
37 29
37 31
37 39
37 40
38 6
38 12
38 14
38 16
38 19
38 20
38 24
39 43
40 2
40 24
41 15
41 17
41 21
41 30
41 38
42 12
42 25
42 31
42 32
42 40
42 43
43 3
43 6
43 12
43 35
43 41
Loss 0 0 0 0 0 0 38 77 0 0 0 83 0 0 40 0 0 0 0 0 70 0 0 0 0 0 0 0 0 0 0 0 0 9 0 0 0 0 0 0 0 0 0 
