47 <--# of nodes, 195 edges
1 2
1 25
2 21
2 25
3 33
3 34
3 38
3 45
5 8
5 10
5 21
5 22
5 38
5 41
5 45
6 1
6 8
6 15
6 24
7 8
7 11
7 14
7 31
7 42
8 5
8 18
8 22
8 30
8 40
9 15
9 42
10 7
10 27
10 36
10 40
10 42
11 19
11 32
12 10
12 14
12 20
12 42
13 27
14 5
14 13
14 26
14 29
14 37
15 9
15 19
15 33
15 36
16 9
16 35
17 2
17 41
18 2
18 10
18 14
18 27
18 28
18 33
18 39
18 46
18 47
19 3
19 12
19 29
19 39
20 6
20 7
20 9
20 12
20 13
20 23
21 5
21 6
21 23
21 29
21 36
21 42
22 6
22 12
22 19
22 26
22 31
22 33
22 35
23 29
23 42
24 38
24 42
24 46
24 47
25 8
25 22
25 27
25 41
26 4
26 22
26 34
27 13
27 14
27 21
27 25
27 32
28 1
28 11
28 13
28 17
28 21
28 41
28 45
29 3
29 10
29 20
29 26
29 37
29 41
29 42
30 3
30 6
30 18
30 39
31 2
31 24
31 36
32 4
32 5
32 10
32 37
32 45
33 15
33 34
33 44
33 47
34 10
34 21
34 26
34 41
34 43
35 17
35 21
35 38
36 3
36 9
36 11
36 14
36 18
36 19
36 27
37 1
37 9
37 23
37 26
38 9
38 30
39 11
39 21
39 22
40 11
40 21
40 42
40 43
41 17
41 31
41 34
41 46
42 2
42 5
42 6
42 10
42 14
42 36
42 44
43 7
44 4
44 5
44 13
44 20
45 2
45 3
45 13
46 10
46 20
46 22
46 36
46 43
47 3
47 14
47 17
47 18
47 25
47 27
47 30
Loss 0 0 0 0 11 0 41 16 26 0 0 0 0 64 0 0 60 0 66 0 0 1 0 0 0 0 92 0 0 0 27 0 0 0 40 0 0 0 0 0 2 68 0 0 0 0 26 
