58 <--# of nodes, 293 edges
1 14
1 15
1 16
1 18
1 29
1 31
1 37
1 40
1 44
1 58
2 24
2 28
2 38
3 16
3 17
3 37
3 43
3 46
3 49
3 52
4 1
4 5
4 10
4 56
5 12
5 24
5 33
5 34
5 56
5 57
5 58
6 10
6 15
6 27
6 28
6 36
6 44
6 49
6 50
6 52
6 56
7 2
7 12
7 14
7 47
8 18
8 19
8 22
8 25
8 33
9 19
9 27
9 35
10 3
10 4
10 16
10 39
10 46
10 55
11 2
11 3
11 8
11 10
11 32
11 57
12 8
12 30
12 31
12 48
12 55
13 29
13 44
14 34
14 51
15 3
15 7
15 22
15 41
15 42
16 6
16 8
16 53
16 54
17 9
17 15
17 22
17 28
17 47
18 6
18 19
18 35
18 51
19 3
19 12
19 35
20 17
20 19
20 24
20 26
20 33
20 56
21 4
21 14
21 23
21 29
22 12
22 47
23 27
23 34
23 52
23 54
24 28
24 37
24 39
24 41
24 49
25 9
25 32
25 56
25 58
26 10
26 12
26 15
26 27
26 33
26 40
27 33
27 56
28 2
28 9
28 19
28 29
28 50
29 17
29 22
29 48
30 18
30 19
30 23
30 31
30 45
30 51
30 54
31 19
31 23
31 30
31 48
31 51
32 2
32 9
32 10
32 13
32 41
32 42
32 50
32 52
32 53
33 4
33 14
33 22
33 26
33 39
33 49
34 4
34 16
34 17
34 37
35 5
35 22
35 28
35 41
35 42
35 45
35 48
35 58
36 2
36 9
36 16
36 46
37 29
37 36
37 46
37 53
38 2
38 30
38 37
38 42
39 12
39 37
39 49
39 50
40 13
40 14
40 15
40 31
40 39
40 43
40 47
40 55
41 2
41 13
41 20
41 23
41 33
41 39
41 44
41 55
42 3
42 6
42 31
42 35
42 57
42 58
43 14
43 20
43 24
43 33
43 38
43 39
44 3
44 31
44 39
44 53
44 58
45 12
45 13
45 36
45 43
46 10
46 17
46 32
46 50
46 52
46 56
47 9
47 24
47 40
47 42
47 54
48 15
48 21
48 28
48 31
48 54
49 41
50 6
50 47
51 8
51 15
51 21
51 40
51 41
51 46
51 48
52 13
52 21
52 29
52 34
52 42
53 11
53 21
53 26
53 48
53 51
53 55
54 6
54 27
54 28
54 32
54 43
54 48
54 52
55 2
55 5
55 33
55 44
56 17
56 22
56 37
56 46
57 5
57 11
57 16
57 32
57 42
57 44
57 49
57 58
58 33
58 34
58 37
58 41
58 56
Loss 0 0 0 0 9 0 0 0 0 0 0 0 0 0 0 0 0 76 0 0 0 0 0 0 0 0 0 0 0 0 0 2 0 0 76 0 0 0 19 0 0 0 0 45 0 0 0 0 0 0 0 14 0 0 90 0 0 0 
