24 <--# of nodes, 65 edges
1 8
1 9
1 14
1 20
2 17
2 19
2 22
3 1
3 12
4 21
5 2
5 14
6 24
7 1
7 4
7 9
7 12
8 5
8 12
8 16
9 2
9 13
9 15
9 20
10 11
10 12
11 6
11 14
11 15
11 19
11 22
14 9
14 10
14 15
14 18
14 22
14 24
15 16
15 17
15 20
15 22
16 3
16 22
17 3
17 10
17 12
17 20
17 22
18 11
18 17
19 1
19 14
19 20
21 17
21 19
22 10
22 12
22 13
22 19
23 19
23 24
24 10
24 13
24 18
24 22
Loss 0 0 44 0 0 0 0 59 0 0 0 84 18 0 0 0 0 0 53 11 0 0 0 0 
