60 <--# of nodes, 380 edges
1 2
1 25
1 28
1 60
2 8
2 10
2 22
2 28
2 33
2 40
2 43
2 46
2 49
3 8
3 21
3 23
3 38
3 40
3 42
3 60
4 24
4 38
4 45
5 10
5 13
5 31
5 43
5 49
6 9
6 15
6 27
6 36
6 47
7 24
7 49
7 57
7 59
8 18
8 20
8 27
8 32
8 35
8 46
8 59
9 29
9 38
9 40
9 47
9 50
9 54
10 18
10 24
10 28
10 36
10 39
10 42
10 56
10 58
11 18
11 19
11 24
11 33
11 40
11 51
11 59
12 1
12 8
12 36
12 48
12 57
13 15
13 29
13 31
13 49
14 4
14 11
14 23
14 28
14 29
14 40
14 44
14 46
14 47
14 50
14 57
15 5
15 19
15 32
16 30
16 34
16 37
16 46
16 54
17 3
17 11
17 18
17 29
17 34
17 46
18 2
18 27
18 29
18 34
18 39
18 49
19 33
19 34
19 35
19 56
20 12
20 14
20 16
20 19
20 22
20 27
20 52
21 11
21 12
21 15
21 22
21 41
21 43
22 21
22 30
22 40
22 41
22 50
22 59
23 4
23 8
23 26
23 34
23 49
24 11
24 38
24 40
24 48
24 56
25 4
25 16
25 20
25 24
25 33
25 45
25 48
25 59
26 17
26 28
26 33
26 42
26 46
26 53
26 54
27 16
27 47
28 24
28 30
28 37
28 39
28 52
28 55
29 5
29 34
29 38
29 46
29 52
29 57
30 2
30 12
30 18
30 29
30 37
30 40
30 45
31 12
31 23
31 24
31 34
31 41
31 53
32 8
32 49
32 58
33 16
33 42
33 59
34 1
34 8
34 20
34 35
34 46
34 51
34 56
35 2
35 4
35 11
35 25
35 27
35 28
35 29
35 38
35 39
35 48
36 1
36 5
36 51
36 57
36 58
36 59
37 6
37 10
37 21
37 24
37 34
37 36
37 42
37 50
37 53
38 12
38 15
38 36
38 42
38 48
38 50
38 52
38 54
38 55
39 6
39 7
39 48
39 49
39 55
39 57
40 32
40 33
40 48
40 51
40 57
41 6
41 21
41 23
41 31
41 46
41 50
41 58
42 9
42 10
42 15
42 23
42 29
42 31
42 50
42 51
43 20
43 23
43 31
43 33
43 51
44 17
44 31
44 40
44 51
45 30
45 34
45 43
45 55
45 59
46 12
46 26
46 45
46 57
47 1
47 23
47 25
47 28
47 30
47 50
47 56
48 21
48 24
48 41
48 56
48 60
49 14
49 16
49 25
49 28
49 29
49 31
49 46
49 48
49 55
49 58
50 1
50 11
50 14
50 24
50 25
50 27
50 28
50 44
50 49
50 55
50 59
50 60
51 1
51 3
51 5
51 10
51 30
51 37
51 38
51 48
51 53
51 54
51 59
51 60
52 13
52 14
52 19
52 22
52 26
52 28
52 54
53 22
53 23
53 34
53 60
54 9
54 16
54 36
54 42
54 47
54 60
55 12
55 14
55 26
55 30
55 39
55 50
55 53
55 59
56 7
56 9
56 13
56 16
56 17
56 21
56 35
56 40
56 45
57 24
57 27
57 34
57 35
57 39
57 41
57 60
58 5
58 13
58 18
58 23
58 44
58 51
58 53
59 9
59 17
59 23
59 33
59 40
60 3
60 11
60 17
60 28
60 36
60 37
60 38
60 41
60 42
60 53
Loss 0 0 0 0 0 0 0 0 0 25 0 97 28 0 0 0 0 0 0 0 0 0 0 88 26 0 0 0 99 69 0 0 0 0 0 0 0 0 0 0 0 0 0 0 0 0 90 35 46 0 0 74 2 0 0 0 0 0 0 89 
