56 <--# of nodes, 307 edges
1 3
1 6
1 10
1 14
1 22
1 26
1 43
1 49
1 55
2 4
2 5
2 17
2 26
2 27
2 28
2 45
2 48
3 16
3 26
3 40
3 55
4 40
4 42
4 50
5 13
5 22
5 27
5 36
5 45
5 50
6 13
6 14
6 20
6 24
6 41
6 44
6 55
6 56
7 8
7 19
7 25
7 27
7 34
7 37
7 39
7 42
7 49
7 50
8 3
8 10
8 14
8 18
8 20
8 34
8 37
8 45
8 51
8 52
9 3
9 5
9 19
9 43
9 48
10 20
10 28
10 49
11 18
11 52
12 1
12 15
12 17
12 25
13 17
13 19
13 20
13 28
13 30
13 50
14 20
14 45
14 53
14 55
15 10
15 16
15 27
15 34
15 44
15 54
15 56
16 26
16 27
16 31
17 5
17 38
18 21
18 54
19 14
19 30
19 47
19 50
19 53
20 5
20 15
20 17
20 21
20 25
20 32
20 42
20 45
21 3
21 16
21 19
21 33
21 38
21 45
21 50
22 7
22 16
22 19
22 25
22 32
22 47
22 51
22 56
23 12
23 20
23 22
23 37
23 43
24 8
24 17
24 31
24 38
25 8
25 9
25 24
25 37
25 39
26 33
26 35
26 49
27 25
27 31
27 39
28 1
28 9
28 13
28 32
28 37
28 42
28 48
29 18
29 23
29 27
29 32
29 39
29 40
30 5
30 10
30 31
30 33
30 44
30 48
31 9
31 11
31 12
31 27
31 30
31 40
31 49
31 50
31 51
32 2
32 9
32 11
32 22
32 53
33 2
33 3
33 24
34 5
34 6
34 10
34 14
34 44
35 8
35 16
35 46
35 49
35 56
36 16
36 17
36 21
36 27
36 35
36 40
36 49
37 7
37 8
37 17
37 22
38 3
38 7
38 10
38 27
38 33
38 34
38 54
39 42
39 45
40 5
40 35
40 39
41 13
41 17
41 30
41 45
41 53
42 12
42 18
42 32
42 38
43 7
43 10
43 12
43 41
44 11
44 20
44 25
44 29
45 7
45 9
45 11
45 14
45 32
45 52
46 7
46 14
46 20
46 24
46 45
46 48
46 53
47 1
47 2
47 14
47 25
47 26
47 34
47 42
47 56
48 5
48 7
48 8
48 10
48 11
48 16
48 17
48 24
48 33
48 38
48 49
49 2
49 14
49 16
49 21
49 32
49 35
49 40
49 47
49 55
50 5
50 20
50 28
50 29
50 30
50 31
51 10
51 16
51 31
51 32
51 35
52 25
52 41
53 10
53 15
53 17
53 19
53 52
54 1
54 11
54 21
54 35
54 44
54 47
54 50
55 14
55 19
55 35
56 1
56 18
56 20
56 21
56 25
56 40
56 43
56 53
Loss 0 93 0 0 0 0 81 49 0 44 0 0 33 1 0 0 0 0 0 0 51 0 97 18 0 0 70 0 6 0 0 0 0 0 0 0 0 12 50 0 0 2 0 0 0 0 0 0 0 41 0 0 0 0 0 0 
