39 <--# of nodes, 154 edges
1 17
1 27
1 30
1 31
2 5
2 7
2 22
2 28
2 29
2 39
3 18
3 35
4 15
5 12
5 13
5 26
5 27
5 28
5 31
6 5
6 14
7 26
7 28
7 31
7 39
8 4
8 22
8 25
8 28
9 3
9 10
9 16
9 36
11 3
11 5
11 6
11 14
11 21
12 5
12 20
12 21
12 22
12 24
12 36
13 8
13 18
13 26
14 19
14 26
14 30
15 1
15 29
15 30
15 33
16 5
16 12
16 28
17 11
17 14
17 27
17 31
17 35
18 14
19 25
19 33
19 36
19 38
20 6
20 27
20 31
21 8
21 20
21 32
21 35
22 10
22 11
22 26
23 2
23 6
23 9
23 11
23 17
23 26
23 34
23 39
24 1
24 2
24 4
24 12
24 38
25 14
25 18
25 24
25 33
26 34
26 38
26 39
27 36
28 25
29 6
29 10
29 12
29 14
29 20
29 23
29 28
29 34
30 12
30 14
30 24
30 32
31 4
31 11
31 14
31 17
31 21
31 28
31 32
32 10
32 27
32 28
32 34
32 36
33 1
33 9
33 19
33 21
33 28
33 35
34 6
34 7
34 22
34 26
34 31
35 2
35 4
35 15
35 34
36 8
36 10
36 31
37 8
37 10
37 12
37 16
37 22
37 34
39 6
39 10
39 15
39 16
39 24
39 27
39 33
Loss 0 0 0 0 30 59 0 0 0 0 0 0 0 0 0 0 0 0 0 0 59 8 0 0 67 0 0 0 0 0 0 0 0 0 72 0 0 63 92 
