34 <--# of nodes, 108 edges
1 22
1 29
3 1
3 5
3 17
3 22
4 28
5 19
5 21
6 8
6 11
6 18
6 24
6 26
6 27
6 33
7 5
7 14
8 6
8 15
9 19
9 25
9 31
10 5
10 6
10 13
10 30
11 15
11 20
11 27
12 17
12 28
12 34
13 11
13 16
14 5
15 1
15 25
16 7
17 3
17 5
17 11
17 13
17 20
17 25
18 1
18 3
18 7
18 8
18 28
19 3
19 4
19 22
19 32
19 34
20 2
20 15
21 8
21 13
21 17
21 27
22 19
23 6
23 13
23 28
24 9
24 19
24 22
24 26
24 27
25 7
25 12
25 14
25 17
25 23
26 2
26 12
26 13
26 14
26 20
26 24
26 25
26 31
27 3
27 21
27 30
28 1
28 18
28 24
28 32
28 33
29 18
29 25
29 26
29 34
30 1
30 3
30 6
30 20
30 21
31 13
31 34
32 13
32 15
32 18
32 21
33 14
33 23
Loss 0 70 0 0 36 0 0 0 0 0 0 70 0 11 0 44 89 0 0 0 0 9 0 0 0 0 0 0 0 0 0 0 0 48 
