32 <--# of nodes, 96 edges
1 26
2 4
3 4
3 9
3 18
3 32
4 1
4 2
4 8
4 9
4 13
4 18
4 30
5 10
5 13
5 16
5 31
6 3
7 6
7 14
7 19
8 5
8 21
9 30
10 16
10 32
11 12
12 5
12 6
12 13
12 25
12 29
12 30
13 3
13 12
13 15
13 23
13 31
14 3
14 4
14 8
14 10
14 23
14 30
15 18
15 20
15 26
15 28
16 5
16 15
16 20
17 8
17 26
17 29
17 31
18 11
18 20
18 23
18 26
18 29
19 11
19 32
20 2
20 16
20 27
21 8
21 9
22 5
23 4
23 5
23 7
23 12
23 32
24 6
24 19
25 4
25 7
25 12
26 19
27 4
27 8
28 4
28 11
28 20
29 2
29 3
29 21
29 32
30 16
30 24
31 5
31 9
31 26
32 12
32 13
32 17
Loss 0 0 0 0 41 70 0 90 0 0 0 0 0 0 22 36 4 61 0 70 0 0 0 0 0 0 0 0 0 29 0 0 
