66 <--# of nodes, 416 edges
1 15
1 22
1 30
1 33
1 36
1 37
2 12
2 26
2 39
2 42
2 54
2 65
3 4
3 5
3 23
3 35
3 40
3 42
4 14
4 17
4 29
4 59
4 61
4 66
5 14
5 35
5 37
5 48
5 50
5 54
5 60
6 5
6 8
6 10
6 26
6 33
6 38
6 44
6 55
7 3
7 6
7 21
7 38
7 50
7 52
8 11
8 22
8 30
8 31
8 34
8 47
8 51
8 56
9 6
9 7
9 29
9 37
9 43
9 52
9 56
10 29
10 53
11 3
11 22
11 60
12 23
12 31
12 35
12 53
12 62
13 24
13 46
13 51
14 1
14 11
14 12
14 27
14 46
15 16
15 35
15 48
15 59
15 64
16 10
16 17
16 29
16 35
16 54
16 55
17 21
17 22
17 32
17 44
17 58
18 1
18 8
18 12
18 24
18 32
18 35
18 62
18 63
19 1
19 3
19 7
19 8
19 16
20 4
20 23
20 28
20 46
20 54
20 56
20 57
20 65
21 19
21 30
21 33
21 34
21 35
21 48
21 59
22 4
22 6
22 8
22 11
22 48
22 54
22 61
22 63
23 2
23 5
23 26
23 36
23 37
23 41
23 54
24 1
24 9
24 15
24 18
24 19
24 25
24 27
24 30
24 48
24 49
24 52
24 63
25 9
25 14
25 22
25 23
26 4
26 27
26 30
26 36
26 41
26 43
26 52
27 35
27 40
27 54
27 66
28 3
28 9
28 15
28 20
28 32
28 34
29 20
29 47
29 54
29 55
29 56
29 60
29 63
29 64
29 65
30 16
30 36
30 44
30 53
30 65
31 2
31 5
31 12
31 22
31 33
31 37
31 50
31 54
31 56
32 4
32 12
32 31
32 37
32 41
32 46
32 47
33 21
33 35
33 38
33 46
33 58
34 2
34 6
34 7
34 27
34 30
34 31
34 36
34 39
34 44
34 66
35 6
35 10
36 8
36 54
36 66
37 5
37 6
37 36
37 44
37 58
38 1
38 4
38 5
39 2
39 47
40 5
40 30
40 57
40 66
41 8
41 12
41 21
41 29
41 30
41 40
41 60
42 5
42 8
42 19
42 24
42 26
42 35
42 57
43 14
43 41
43 54
43 60
43 63
43 64
44 4
44 17
44 20
44 21
44 37
44 40
44 43
44 46
44 54
45 2
45 5
45 17
45 23
45 31
45 33
45 39
45 49
46 1
46 13
46 17
46 19
46 20
46 23
46 41
46 52
46 56
47 19
47 21
47 26
47 30
47 32
47 36
47 45
47 51
47 61
48 16
48 22
48 27
48 52
48 63
49 17
49 20
49 21
49 22
49 23
49 27
49 33
49 34
49 38
49 55
49 59
49 61
50 1
50 7
50 15
50 51
50 52
50 59
50 60
51 1
51 30
51 46
51 50
51 54
51 61
52 18
52 24
52 34
52 37
52 47
52 64
53 14
53 28
53 34
54 2
54 5
54 14
54 16
54 20
54 22
54 29
54 30
54 35
54 39
54 41
54 65
55 5
55 8
55 12
55 24
55 37
55 52
55 57
55 60
55 63
56 4
56 6
56 7
56 26
56 35
56 43
56 46
56 55
57 25
57 43
57 50
57 55
58 2
58 29
58 33
58 47
58 53
58 62
59 10
59 21
59 36
59 40
59 41
59 51
59 62
59 65
60 17
60 42
60 51
61 2
61 4
61 26
61 34
61 52
62 11
62 32
62 43
62 48
63 2
63 5
63 10
63 41
63 45
63 48
64 2
64 6
64 13
64 14
64 32
64 51
64 66
65 28
65 34
65 36
65 37
65 38
65 41
65 44
65 52
65 61
65 66
66 5
66 12
66 23
66 33
66 34
66 61
Loss 0 0 0 0 0 0 0 0 85 0 0 0 0 49 36 0 0 0 0 0 0 0 0 0 0 0 39 0 0 0 0 0 13 0 0 0 0 0 0 65 56 0 0 0 0 0 0 0 0 0 0 0 0 63 52 0 0 0 0 0 28 0 0 0 20 0 
