55 <--# of nodes, 290 edges
1 13
1 18
1 23
1 28
2 24
2 31
2 34
2 35
2 37
2 45
3 2
3 8
3 9
3 23
3 28
3 50
4 2
4 5
4 17
4 37
4 42
5 2
5 12
5 20
5 33
5 37
6 7
6 16
6 17
6 21
6 23
6 27
6 36
6 43
6 50
7 8
7 9
7 17
7 22
7 26
7 30
7 34
7 46
7 48
8 10
8 16
9 20
9 21
10 4
10 33
10 46
11 15
11 30
11 45
11 54
12 3
12 15
12 40
12 50
12 52
12 55
13 1
13 3
13 18
13 23
13 25
13 26
13 28
13 32
13 36
13 47
13 49
14 1
14 2
14 6
14 20
14 24
15 14
15 25
15 48
16 4
16 20
16 23
16 30
16 35
17 1
17 4
17 10
17 26
17 33
17 41
18 4
18 12
18 15
18 33
18 53
19 23
19 27
19 30
19 33
19 39
19 42
19 45
19 50
20 5
20 31
20 36
20 39
21 4
21 10
21 12
21 27
21 36
21 38
21 43
21 53
21 55
22 4
22 19
22 36
23 3
23 8
23 10
23 24
23 45
23 48
23 50
23 52
24 15
24 38
24 40
24 46
24 55
25 4
25 21
25 48
26 28
26 34
26 37
26 47
26 53
27 29
27 31
27 36
27 47
27 50
27 52
27 54
28 10
28 39
28 41
28 46
28 50
28 52
28 55
29 32
29 50
30 3
30 8
30 10
30 19
30 27
30 31
30 44
31 19
31 27
31 30
31 32
31 42
31 52
32 15
32 39
32 51
32 54
33 10
33 24
34 3
34 13
34 35
34 41
34 55
35 5
35 21
35 52
35 54
36 8
36 11
36 41
37 4
37 32
37 33
37 42
37 52
38 26
38 27
38 31
38 50
38 55
39 1
39 28
39 30
39 31
40 1
40 14
40 17
40 29
40 36
41 12
41 28
41 37
41 40
41 48
42 18
42 28
42 33
42 44
42 53
43 4
43 7
43 9
43 19
43 27
43 47
44 2
44 8
44 16
44 33
44 38
44 42
44 43
44 47
44 49
44 50
45 2
45 17
45 25
45 30
45 34
45 42
45 51
46 12
46 28
46 31
46 32
47 9
47 17
47 18
47 23
47 29
47 51
48 7
48 21
48 38
49 8
49 17
49 20
49 30
49 35
49 38
49 42
49 53
50 10
50 13
50 21
50 29
50 39
50 45
50 53
51 23
51 26
51 37
51 50
52 1
52 5
52 48
53 1
53 8
53 11
53 15
53 17
53 41
54 21
54 29
54 40
54 50
55 12
55 19
55 24
55 30
55 44
Loss 0 0 37 0 0 0 0 0 0 1 0 0 30 0 0 0 0 0 0 0 0 81 0 0 0 0 0 0 0 0 2 0 0 0 0 0 0 0 49 0 0 91 0 0 7 0 0 0 0 0 0 0 0 0 0 
