45 <--# of nodes, 215 edges
1 3
1 4
1 10
1 14
1 15
1 23
1 27
1 38
2 6
2 7
2 14
2 32
2 42
2 44
3 1
3 4
3 8
3 11
3 23
3 28
3 32
4 9
4 14
4 20
4 22
4 24
4 28
4 44
4 45
5 4
5 20
5 27
5 32
6 9
6 23
6 30
6 40
6 41
6 44
7 10
7 12
7 16
7 24
7 29
7 30
7 31
8 25
8 27
8 37
8 40
9 7
9 18
9 20
9 32
9 39
9 40
10 5
10 7
10 13
10 18
10 26
10 34
10 39
11 3
11 4
11 5
11 22
11 36
11 37
12 20
12 31
12 45
13 2
13 5
13 14
13 21
13 25
13 26
13 27
13 36
14 1
14 2
14 4
14 32
14 41
15 10
15 14
15 18
15 23
15 26
16 26
16 41
16 42
17 1
17 23
17 36
17 43
18 2
18 14
18 30
19 3
19 4
19 14
19 22
19 33
19 35
19 43
20 3
20 7
20 13
20 43
21 5
21 10
21 24
21 28
21 32
21 38
22 19
22 20
22 21
22 37
22 42
23 18
23 26
23 30
23 37
24 12
24 15
24 29
24 36
24 38
24 45
25 11
25 15
25 31
25 32
25 33
25 34
25 45
26 1
26 17
26 25
27 8
27 12
27 19
27 24
27 28
27 34
28 2
28 14
28 20
28 35
28 37
29 6
29 13
29 14
29 16
29 30
29 41
30 12
31 4
31 6
31 14
31 15
31 21
31 34
31 36
31 39
32 5
32 26
32 44
33 13
33 31
34 9
34 19
34 22
35 2
35 5
35 12
35 33
35 42
36 12
36 20
36 24
36 43
37 9
37 15
37 41
38 32
39 18
39 34
40 11
40 41
40 43
41 3
41 13
41 20
41 36
42 7
42 22
42 37
43 17
43 25
43 27
43 31
43 36
43 42
43 44
44 20
44 29
44 42
45 18
45 21
45 30
45 37
Loss 0 0 22 0 0 0 0 0 0 33 86 0 0 0 0 0 0 0 0 0 24 0 68 62 55 0 80 0 0 0 0 0 38 0 0 88 0 0 0 0 0 0 0 0 0 
