69 <--# of nodes, 471 edges
1 9
1 11
1 19
1 35
1 40
1 49
1 53
1 59
1 60
1 62
1 64
2 3
2 22
2 23
2 29
2 48
2 50
2 53
2 54
3 10
3 17
3 25
3 40
3 53
4 5
4 26
4 34
4 47
4 49
4 55
5 12
5 19
5 27
5 36
5 39
5 41
5 45
5 54
5 59
5 62
5 63
6 3
6 15
6 19
6 23
6 36
6 37
6 59
6 61
7 12
7 20
7 21
7 33
7 39
7 67
8 7
8 10
8 13
8 45
8 57
9 14
9 22
9 27
9 33
9 37
9 39
9 45
10 1
10 21
10 42
10 49
11 14
11 39
11 46
11 58
11 59
11 61
12 8
12 11
12 24
12 27
12 30
12 33
12 55
12 59
13 6
13 11
13 42
13 68
14 15
14 22
14 30
14 34
14 36
14 51
14 63
15 8
15 20
15 21
15 47
15 54
15 59
15 69
16 1
16 6
16 24
16 36
16 44
16 46
16 57
16 59
16 69
17 19
17 22
17 27
17 36
17 46
17 53
17 54
17 69
18 2
18 8
18 12
18 21
18 23
18 31
18 61
18 69
19 18
19 20
19 21
19 29
19 37
19 50
19 58
19 62
19 67
20 1
20 4
20 25
20 32
20 60
20 63
20 64
21 11
21 30
21 35
21 45
21 49
21 61
21 66
22 26
22 34
22 45
22 55
22 56
22 67
23 1
23 12
23 16
23 21
23 37
23 43
23 46
23 52
23 56
23 63
24 11
24 22
24 47
24 48
25 1
25 39
25 49
25 61
25 62
25 64
25 67
26 2
26 42
26 45
26 54
26 62
27 4
27 13
27 17
27 22
27 23
27 28
27 30
27 34
27 40
27 61
27 66
28 11
28 30
28 47
28 56
28 57
28 67
29 13
29 14
29 40
29 46
29 48
29 49
29 60
30 16
30 24
30 27
30 51
31 5
31 12
31 17
31 41
31 43
31 46
31 49
31 56
32 10
32 15
32 34
32 35
32 37
32 47
33 1
33 2
33 5
33 6
33 9
33 18
33 19
33 30
33 44
33 47
33 52
33 60
34 4
34 6
34 22
34 40
34 58
35 1
35 9
35 14
35 17
35 22
35 30
35 32
35 40
35 43
35 68
36 21
36 56
36 57
36 61
36 67
37 33
37 34
37 58
38 5
38 15
38 33
38 39
38 56
38 60
38 66
39 10
39 32
39 44
40 8
40 23
40 33
40 34
40 39
40 51
41 3
41 37
42 1
42 20
42 21
42 36
42 43
42 64
42 69
43 5
43 16
43 17
43 21
43 32
43 39
43 62
43 64
44 5
44 6
44 7
44 10
44 15
44 25
44 26
44 39
44 49
44 64
45 7
45 13
45 18
45 27
45 49
45 52
45 57
45 68
46 23
46 26
46 27
46 31
46 38
46 50
46 53
46 54
46 56
46 63
46 69
47 5
47 34
47 53
47 58
47 66
48 11
48 15
48 17
48 57
48 58
48 64
49 15
49 17
49 24
49 38
49 57
49 61
49 65
50 28
50 30
50 32
50 35
50 36
50 46
50 52
50 67
51 3
51 13
51 15
51 21
51 24
51 27
51 49
51 54
51 56
52 6
52 29
52 34
52 36
52 43
52 46
52 53
52 56
52 61
52 67
53 22
53 25
53 26
53 45
53 49
53 57
54 12
54 25
54 26
54 36
54 38
54 63
55 1
55 5
55 12
55 17
55 21
55 47
55 52
55 58
55 63
56 3
56 14
56 46
56 58
56 66
56 69
57 13
57 23
57 34
57 47
57 59
57 61
57 63
58 19
58 20
58 26
58 50
58 51
59 1
59 12
59 20
59 25
59 33
59 34
59 43
59 50
59 54
59 56
59 63
60 6
60 8
60 13
60 15
60 22
60 25
60 69
61 24
61 25
61 26
61 31
61 68
62 11
62 24
62 37
62 40
62 55
62 58
63 23
63 35
63 51
63 52
63 67
64 8
64 16
64 54
65 11
65 28
65 30
65 38
65 42
65 52
65 58
65 64
66 8
66 13
67 22
67 35
67 39
67 49
67 52
67 60
68 8
68 16
68 26
68 33
68 40
68 61
69 3
69 14
69 19
69 46
69 59
69 61
Loss 0 0 0 0 31 5 0 0 0 95 0 0 0 89 0 0 0 0 0 0 0 0 31 28 0 40 0 0 0 0 0 0 0 0 0 0 0 0 43 0 0 53 0 5 26 0 0 0 0 0 0 0 68 0 0 0 0 92 0 55 56 0 0 0 0 0 0 0 14 
