27 <--# of nodes, 75 edges
1 10
1 22
2 5
2 25
2 27
3 1
3 6
3 14
4 18
4 21
4 24
5 2
5 16
5 20
6 20
6 26
7 4
7 5
7 8
7 19
7 20
7 23
8 3
8 16
8 20
8 26
9 13
9 25
10 22
11 8
11 12
12 19
12 26
13 1
13 5
13 15
13 25
13 26
14 11
14 18
14 27
15 2
15 5
15 13
15 14
15 24
16 2
16 12
17 3
17 8
17 24
18 10
18 14
18 22
19 4
19 12
19 16
20 6
20 16
21 3
21 11
21 24
22 13
22 26
23 5
23 13
23 15
24 12
24 17
24 26
25 11
25 24
26 6
26 21
27 23
Loss 0 0 0 0 0 0 0 94 0 52 55 0 0 32 0 0 0 0 0 0 0 0 27 0 0 0 0 
