46 <--# of nodes, 188 edges
1 2
1 7
2 1
2 22
2 29
3 12
3 16
3 21
3 34
4 27
4 35
4 37
5 2
5 3
5 15
6 26
6 30
7 23
7 31
8 12
8 13
8 36
8 42
9 10
9 24
9 29
10 2
10 3
10 17
10 23
10 29
10 31
10 40
10 44
11 20
11 45
12 17
12 23
12 33
12 38
13 12
13 29
14 26
14 42
15 3
15 6
15 22
15 25
15 33
15 45
16 8
16 15
16 26
17 11
17 14
17 36
18 6
18 19
18 36
19 17
19 43
19 44
20 16
21 11
21 22
21 29
21 42
22 17
22 18
22 30
23 8
23 13
23 31
24 27
25 3
25 36
25 42
26 3
26 4
26 18
26 32
26 36
27 14
27 17
27 31
27 41
28 19
28 20
28 33
29 3
29 12
29 15
30 9
30 10
30 15
30 20
30 21
30 36
30 45
31 4
31 19
31 23
31 24
31 30
32 7
32 10
32 19
32 26
32 30
33 1
33 13
33 22
33 28
33 30
33 40
33 43
34 11
34 12
34 21
34 22
34 40
35 18
35 20
35 36
35 37
35 39
35 42
36 7
36 11
36 20
36 23
36 24
36 30
36 42
37 15
37 22
37 23
37 34
37 43
38 5
38 29
38 32
38 46
39 16
39 21
39 44
39 45
40 4
40 10
40 22
40 24
40 27
40 30
40 32
40 34
40 41
40 42
41 2
41 19
42 3
42 4
42 8
42 16
42 17
42 18
42 27
42 35
43 11
43 12
43 28
43 39
43 42
44 1
44 9
44 31
45 2
45 8
45 14
45 22
45 24
45 30
46 2
46 13
46 16
46 23
46 32
46 33
46 43
Loss 0 0 0 0 0 0 0 0 0 31 0 0 0 0 0 0 31 0 0 0 0 0 0 0 0 0 0 0 0 0 0 3 0 0 0 0 49 0 0 0 0 72 0 0 0 76 
