34 <--# of nodes, 104 edges
2 3
2 4
2 25
2 32
3 12
3 13
3 23
3 27
3 28
3 29
4 6
5 12
5 15
5 23
5 26
5 33
6 9
6 16
7 5
7 8
7 9
7 27
8 5
8 12
8 13
8 23
8 33
9 25
10 4
10 6
10 15
11 13
11 32
12 13
12 14
12 19
12 21
13 16
13 32
14 6
14 7
14 15
14 21
14 22
14 28
15 6
15 8
15 22
15 28
16 15
16 21
16 26
17 3
17 12
17 23
18 5
19 6
19 7
19 11
19 28
20 5
21 8
21 16
21 20
22 10
22 11
22 13
22 14
22 20
23 1
23 10
23 14
24 3
24 7
24 14
24 23
24 33
25 32
26 9
26 20
26 32
27 22
28 1
28 22
28 34
29 12
29 14
29 19
29 27
30 3
30 7
30 9
30 11
30 15
30 23
30 34
31 22
32 3
32 11
32 22
32 23
32 34
34 13
34 16
Loss 0 0 0 0 0 0 0 0 0 0 45 0 0 29 0 0 0 56 0 43 0 0 69 0 0 45 98 77 0 0 0 0 11 0 
