56 <--# of nodes, 268 edges
1 15
1 24
1 37
1 44
1 52
2 30
2 33
2 52
2 54
3 12
3 17
3 38
3 50
3 55
3 56
4 7
4 9
4 11
4 15
4 18
4 37
4 41
4 44
4 46
5 26
5 36
5 42
6 5
6 15
6 22
6 23
6 24
6 45
6 52
7 14
7 17
7 22
7 28
7 30
7 46
7 50
8 37
8 47
9 6
9 49
10 8
10 14
10 15
10 40
10 52
11 30
11 36
12 15
12 26
12 41
12 53
13 6
13 22
13 26
13 27
13 30
13 43
13 48
13 52
14 16
14 24
14 48
15 2
15 9
15 11
15 27
15 32
15 49
15 51
15 54
16 6
16 22
16 33
16 36
16 39
16 40
17 7
17 10
17 24
17 37
17 38
18 6
18 8
18 11
18 16
18 45
19 16
19 27
19 43
19 47
19 50
20 3
20 4
20 17
20 19
20 27
20 32
20 40
21 4
21 13
21 18
21 25
21 28
21 49
21 55
22 2
22 3
22 6
22 25
22 28
22 31
22 45
22 50
23 1
23 6
23 33
23 34
23 40
23 45
23 56
24 15
24 52
24 56
25 10
25 13
25 20
25 24
25 44
26 3
26 19
26 23
26 41
26 52
27 12
27 26
27 36
27 51
28 53
29 5
29 9
29 30
29 37
29 46
29 55
30 49
31 5
31 14
31 56
32 5
32 24
32 29
32 46
33 3
33 13
33 32
33 36
33 40
34 5
35 17
35 27
35 31
35 51
36 14
36 22
36 29
36 31
36 33
36 42
36 46
37 2
37 9
37 19
37 20
37 23
37 36
37 39
37 40
38 7
38 13
38 15
38 22
38 23
38 35
39 2
39 7
39 18
39 22
39 29
39 42
39 44
40 13
40 16
40 30
40 33
40 42
40 47
40 51
41 19
41 32
41 47
41 53
41 54
42 10
42 18
42 40
43 19
43 35
43 41
43 46
44 6
44 25
44 30
44 40
45 23
45 25
45 28
45 35
45 40
45 42
45 51
46 10
46 34
46 43
47 5
47 21
47 28
47 31
47 44
48 12
49 10
49 14
49 19
49 27
49 32
49 34
49 36
50 10
50 33
50 45
50 48
50 51
50 54
51 1
51 3
51 20
51 21
51 45
51 52
52 9
52 10
52 25
52 32
52 35
52 39
52 45
52 48
53 2
53 31
54 19
54 28
54 48
55 3
56 55
Loss 0 76 0 32 0 0 0 0 0 0 89 0 0 0 0 0 0 0 94 0 96 0 1 0 0 0 69 0 0 0 0 0 0 0 0 0 67 0 0 0 36 0 0 0 0 0 0 0 27 0 0 96 29 0 0 0 
