60 <--# of nodes, 385 edges
1 41
1 51
1 54
2 10
2 31
2 46
2 49
2 54
2 56
3 6
3 13
3 28
3 33
3 57
3 59
4 5
4 16
4 26
4 37
4 44
4 50
4 54
5 18
5 41
5 48
6 2
6 10
6 11
6 13
6 14
6 17
6 19
6 39
6 41
6 42
6 47
6 53
7 19
7 24
7 35
7 36
7 43
7 46
7 58
8 11
8 37
8 41
8 49
8 50
8 56
9 5
9 20
9 21
9 26
9 29
9 37
9 45
9 46
9 47
9 50
10 8
10 15
10 29
10 33
10 36
10 37
10 38
10 42
11 10
11 13
11 20
11 23
11 29
11 36
11 50
11 57
12 1
12 53
13 9
13 10
13 32
13 41
13 43
13 44
13 58
14 6
14 11
14 17
14 20
14 37
14 39
14 43
14 46
14 50
15 37
15 45
15 46
15 49
15 50
15 52
15 54
15 58
16 1
16 5
16 12
16 21
16 32
16 34
16 42
16 47
17 6
17 8
17 10
17 19
17 26
17 32
17 51
17 56
18 2
18 4
18 16
18 30
18 45
18 48
18 49
19 12
19 32
19 41
19 46
19 50
19 51
19 56
20 12
20 13
20 29
20 41
20 44
20 54
21 1
21 2
21 11
21 28
22 3
22 9
22 31
23 3
23 10
23 24
23 28
23 38
23 39
24 30
24 33
24 40
24 41
24 49
24 51
24 58
25 6
25 13
25 43
25 54
26 13
26 16
26 31
26 45
27 11
27 14
27 24
27 34
27 35
27 56
28 2
28 6
28 7
28 19
28 39
28 45
28 59
29 2
29 30
29 34
29 50
30 32
30 46
30 49
31 3
31 4
31 27
31 28
31 30
31 35
31 38
31 41
31 42
31 49
31 53
32 1
32 34
33 3
33 11
33 16
33 19
33 34
33 37
33 47
33 54
34 8
34 14
34 22
34 26
34 28
34 32
34 58
35 39
35 40
35 41
35 42
35 53
36 2
36 12
36 43
37 1
37 6
37 8
37 17
37 19
37 26
37 33
37 38
37 40
37 41
37 48
37 54
37 57
38 8
38 9
38 16
38 22
38 29
38 33
38 53
39 1
39 8
39 9
39 10
39 19
39 20
39 23
39 37
39 45
39 55
39 60
40 33
40 41
40 44
41 2
41 23
41 25
41 26
41 28
41 29
41 46
42 28
42 29
42 32
42 49
43 10
43 27
43 39
44 4
44 21
44 27
44 33
44 40
44 43
44 54
45 1
45 12
45 23
45 32
45 36
45 38
45 44
45 58
46 2
46 17
46 22
46 24
46 28
46 32
46 43
46 48
46 59
47 2
47 11
47 12
47 25
47 34
47 40
47 42
47 49
48 1
48 3
48 6
48 10
48 11
48 60
49 8
49 11
49 19
49 42
49 57
50 2
50 9
50 10
50 22
50 40
50 52
51 10
51 13
51 17
51 27
51 29
51 33
51 42
51 55
51 57
51 58
52 5
52 14
52 16
52 33
52 46
52 51
52 56
53 6
53 18
53 21
53 32
53 56
54 11
54 31
54 36
55 3
55 27
55 34
55 39
55 44
55 47
56 1
56 13
56 18
56 20
56 24
56 26
56 52
57 9
57 11
57 13
57 15
57 16
57 21
57 39
57 40
57 49
57 54
58 6
58 24
58 57
59 8
59 13
59 17
59 29
59 41
59 53
60 2
60 15
60 21
60 25
60 40
60 43
60 51
60 55
60 58
Loss 0 0 0 0 41 0 0 0 0 0 77 0 0 41 66 0 0 0 0 0 0 0 0 0 0 0 0 0 0 0 0 0 0 0 0 0 0 0 0 0 0 0 0 0 0 0 0 0 0 0 0 0 0 0 0 0 0 64 0 0 
