41 <--# of nodes, 172 edges
1 26
1 29
1 40
2 14
2 26
3 17
3 22
3 26
4 24
4 30
4 31
4 32
5 4
5 28
5 29
5 41
6 1
6 23
6 25
6 27
7 6
7 11
7 18
7 30
7 32
7 40
7 41
8 1
8 2
8 3
8 4
8 11
8 13
8 24
9 2
9 3
9 8
9 17
9 23
9 38
10 4
10 15
10 34
11 1
11 5
11 32
11 37
12 8
12 31
12 35
13 1
13 17
13 39
13 41
14 4
14 10
14 17
14 29
15 5
15 6
15 16
15 22
15 39
16 5
16 7
16 14
16 20
16 28
16 29
17 4
17 13
17 18
17 32
17 37
18 4
18 15
18 20
18 28
18 38
19 1
19 5
19 16
19 25
19 28
19 32
20 6
20 25
20 30
20 35
21 3
21 23
21 24
21 33
22 9
22 14
22 15
22 29
22 36
23 7
23 11
23 18
23 24
23 31
23 38
23 40
24 5
24 6
25 9
25 13
25 19
25 37
25 38
26 7
26 23
26 29
27 3
27 23
27 34
27 39
27 41
28 3
28 31
29 17
29 19
29 23
29 35
30 21
30 29
30 31
30 33
31 11
31 27
31 37
32 27
33 1
33 20
33 34
33 38
34 1
34 23
34 26
34 29
34 30
34 33
34 36
35 6
35 12
35 18
35 21
36 5
36 16
36 29
37 11
37 18
37 27
37 29
38 7
38 24
38 37
38 40
38 41
39 9
39 17
39 34
39 38
40 7
40 14
40 19
40 37
41 8
41 32
41 38
Loss 0 0 0 0 9 3 28 0 0 56 39 0 0 57 0 0 31 0 0 0 0 69 87 0 77 0 0 0 0 0 0 0 0 37 0 72 0 68 0 0 43 
