47 <--# of nodes, 193 edges
1 32
2 10
2 24
2 30
3 14
3 21
3 22
4 34
4 47
5 21
5 32
5 46
6 9
6 10
6 24
6 25
6 47
7 16
7 46
8 3
8 4
8 6
8 18
8 31
8 35
8 36
9 21
9 30
9 40
10 26
10 28
10 39
11 8
11 16
11 31
12 1
12 5
12 6
12 36
13 31
13 36
13 44
14 27
14 46
15 10
15 22
15 26
15 32
15 41
16 6
16 10
16 22
16 35
16 37
17 8
17 19
17 43
18 2
18 6
18 23
18 27
18 43
19 9
19 14
19 15
19 22
19 29
19 32
20 2
20 10
21 13
21 22
21 24
21 32
21 35
21 38
21 41
22 21
22 30
22 33
23 3
23 7
23 41
24 8
24 20
24 34
24 45
25 4
25 6
25 11
25 18
25 28
25 43
26 3
26 42
27 9
27 19
27 28
27 32
27 38
27 39
28 17
28 20
28 24
28 46
29 19
29 41
30 10
30 34
31 15
31 19
31 34
31 43
32 5
32 21
32 36
32 37
32 39
32 40
33 2
33 3
33 4
33 11
33 18
33 27
33 45
34 4
34 23
34 25
34 28
34 37
34 45
34 46
35 8
35 12
35 21
35 36
35 39
36 3
36 44
37 10
37 15
37 23
37 31
37 32
37 40
37 41
37 43
37 44
38 19
38 29
38 34
38 42
38 43
39 2
39 7
39 12
39 13
39 45
40 14
40 19
40 31
41 1
41 12
41 13
41 34
41 36
41 39
41 47
42 8
42 25
42 47
43 8
43 16
43 28
44 10
44 17
44 36
44 37
44 46
44 47
45 44
46 1
46 31
46 34
46 45
47 5
47 6
47 12
47 14
47 34
47 39
47 42
Loss 0 0 0 41 0 0 78 0 31 0 0 0 0 0 0 1 0 0 0 0 35 0 0 0 0 0 0 0 0 0 0 0 0 0 0 25 0 0 0 0 0 44 0 91 86 0 61 
