43 <--# of nodes, 193 edges
1 32
2 9
2 34
3 4
3 29
3 30
3 33
3 39
4 2
4 11
4 25
4 27
5 4
5 34
5 42
6 14
6 16
6 19
6 28
7 14
7 17
7 40
7 42
8 18
8 20
8 21
8 27
8 32
8 36
9 3
9 18
9 19
9 20
10 13
10 21
10 26
10 31
11 3
11 7
11 20
11 21
11 27
11 29
12 14
12 15
12 21
12 29
12 34
13 6
13 10
13 11
13 20
13 22
13 35
14 12
14 33
15 4
15 7
15 11
15 16
15 29
15 31
15 33
15 41
16 3
16 4
16 7
16 11
16 32
16 38
17 4
17 6
17 12
17 15
17 29
17 37
17 41
18 10
18 27
19 6
19 9
19 14
19 15
19 16
19 23
19 25
19 28
19 32
20 3
20 31
20 35
21 27
21 29
21 42
22 12
22 28
22 32
23 26
23 33
23 37
24 1
24 9
24 27
24 39
24 42
25 4
25 11
25 13
25 35
25 40
26 5
26 13
26 17
26 27
26 37
26 40
27 15
27 18
27 21
27 24
27 32
27 35
28 22
28 25
28 39
28 43
29 20
29 24
30 2
30 20
30 24
31 3
31 8
31 10
31 11
31 13
31 19
31 27
31 39
32 15
32 21
32 22
32 36
33 20
33 28
33 35
33 37
33 41
34 2
34 15
34 16
34 21
34 25
34 39
35 1
35 5
35 7
35 10
35 37
35 41
36 15
36 20
36 24
37 19
38 1
38 16
38 18
38 21
38 23
38 25
38 26
39 13
39 35
39 40
40 1
40 5
40 7
40 35
41 1
41 3
41 18
41 32
41 34
41 36
42 3
42 5
42 16
42 25
42 41
43 11
43 12
43 18
43 37
Loss 0 0 0 76 30 0 0 26 0 0 70 0 0 0 0 68 0 0 28 0 0 0 0 0 67 0 2 0 0 72 0 0 88 0 0 0 0 0 20 0 0 0 0 
