67 <--# of nodes, 425 edges
1 5
1 15
1 19
1 29
2 10
2 18
2 20
2 27
2 46
2 54
2 55
2 56
3 1
3 31
3 39
3 41
3 44
3 57
3 58
4 3
4 19
4 21
4 53
4 58
4 61
5 10
5 17
5 29
5 36
5 42
5 44
5 50
5 53
5 65
6 4
6 5
6 7
6 9
6 20
6 34
6 46
6 49
6 60
7 42
7 62
8 1
8 12
8 18
8 23
8 30
8 50
8 65
9 31
9 40
9 42
9 54
9 56
10 4
10 8
10 9
10 12
10 25
10 30
10 35
10 39
10 43
10 44
10 46
10 47
10 49
11 6
11 10
11 19
11 45
11 50
11 61
12 3
12 22
12 24
13 3
13 8
13 11
13 23
13 27
13 29
13 35
13 39
13 43
13 50
13 54
13 57
14 4
14 5
14 35
14 45
14 48
14 51
14 67
15 9
15 16
15 23
15 26
15 45
15 65
15 67
16 9
16 12
16 13
16 30
16 38
16 41
16 63
16 64
16 65
17 7
17 15
17 22
17 27
17 41
17 52
18 13
18 15
18 17
18 22
18 29
18 62
18 63
19 5
19 20
19 22
19 38
20 2
20 4
20 16
20 27
20 44
21 8
21 22
21 28
21 33
21 52
22 49
22 56
22 64
23 4
23 17
23 20
23 27
23 36
23 38
23 43
23 48
23 49
23 59
23 66
24 16
24 25
24 62
25 32
25 36
25 41
26 8
26 16
26 24
26 42
26 61
27 4
27 7
27 14
27 31
27 46
27 52
27 55
27 56
27 62
28 9
28 10
28 23
28 39
28 40
28 49
29 7
29 8
29 23
29 39
29 52
29 57
29 67
30 21
30 29
30 54
30 65
31 8
31 10
31 17
31 22
31 24
31 28
31 36
31 52
32 1
32 2
32 15
32 36
32 40
32 57
32 61
32 62
33 9
33 46
33 64
34 3
34 8
34 12
34 20
34 38
34 41
34 48
34 52
34 55
34 62
35 43
35 50
35 64
36 7
36 37
36 45
36 51
37 2
37 26
37 27
37 41
37 47
37 61
37 62
38 9
38 14
38 29
38 32
38 34
38 52
38 57
38 62
38 65
39 14
39 17
39 31
39 38
39 55
40 2
40 14
40 15
40 26
40 29
40 34
40 49
40 55
41 20
41 26
41 31
41 43
41 67
42 2
42 6
42 16
42 22
42 37
42 39
42 50
43 40
43 47
43 61
44 2
44 6
44 22
44 30
44 39
44 46
44 49
44 56
44 64
45 2
45 5
45 11
45 19
45 31
45 50
45 52
45 54
46 3
46 10
46 35
46 59
46 60
46 65
47 21
47 41
47 46
47 49
48 11
48 14
48 28
48 37
48 66
48 67
49 38
49 62
49 67
50 9
50 30
50 32
50 36
50 38
50 47
50 57
51 3
51 17
51 18
51 43
51 44
51 47
51 49
51 58
52 29
52 33
52 37
52 58
52 61
53 2
53 19
53 24
53 33
53 39
53 56
53 58
53 61
54 3
54 7
54 11
54 19
54 23
54 35
54 42
54 49
54 52
54 61
54 63
54 66
55 8
55 24
55 34
55 41
55 53
55 56
55 63
56 8
56 21
56 30
56 34
57 10
57 11
57 12
57 36
57 40
57 53
57 54
57 66
58 4
58 15
58 36
58 42
58 50
58 55
58 59
59 12
59 36
59 53
59 54
59 58
59 61
60 6
60 15
60 17
60 33
60 41
60 45
60 64
60 66
61 3
61 8
61 16
61 18
61 50
61 56
61 63
61 66
62 12
62 24
62 57
63 33
63 50
64 6
64 7
64 15
64 58
64 67
65 9
65 10
65 12
65 17
65 22
65 24
65 59
65 61
66 1
66 4
66 7
66 28
66 42
66 51
66 55
66 63
67 9
67 44
67 53
Loss 0 0 0 0 0 21 0 0 0 0 0 0 0 0 0 0 0 0 0 67 0 0 0 0 73 0 0 12 0 0 0 0 79 0 0 0 0 0 0 0 0 0 0 0 0 0 0 58 0 0 0 0 0 0 47 68 89 0 0 0 27 0 21 0 0 0 94 
