44 <--# of nodes, 160 edges
1 12
1 30
1 38
2 4
2 44
3 14
3 18
3 29
3 41
3 43
4 5
4 13
4 28
4 34
4 36
5 1
5 39
6 9
6 19
6 21
6 23
7 21
7 24
7 33
8 11
8 14
8 24
8 30
8 38
9 28
10 2
10 7
10 14
10 29
10 37
10 39
11 17
11 35
12 24
13 34
14 13
14 28
14 39
15 3
15 4
15 19
15 22
15 30
15 40
16 2
16 8
16 25
17 18
17 22
17 23
17 26
18 4
18 8
18 29
18 36
18 39
18 43
19 1
19 5
19 7
19 14
19 15
19 24
19 44
20 23
20 27
20 39
20 40
21 4
21 9
21 22
21 23
21 30
21 32
22 1
22 11
22 23
22 40
22 44
23 5
23 28
23 41
24 5
24 11
24 15
24 29
24 43
25 26
25 30
25 43
26 15
26 20
26 28
26 40
27 9
27 44
28 12
28 14
28 15
28 22
29 12
29 36
30 1
30 5
30 9
30 12
30 19
30 23
30 25
30 33
30 34
31 42
32 3
32 4
32 21
32 23
32 28
33 11
33 19
34 7
34 11
34 14
34 23
34 31
35 40
35 44
36 20
36 29
36 30
36 33
36 40
37 22
38 15
38 24
38 25
38 29
39 5
39 14
39 27
40 6
40 15
40 23
40 25
41 12
41 18
41 33
41 38
42 1
43 5
43 7
44 4
44 8
44 14
44 27
44 31
Loss 0 0 0 0 0 0 0 13 0 0 0 0 0 0 0 8 0 0 0 0 33 11 17 0 35 0 0 0 0 0 0 0 0 60 19 0 0 0 0 0 0 0 0 29 
