58 <--# of nodes, 316 edges
1 4
1 32
1 47
2 9
2 14
2 35
2 38
3 34
3 40
3 51
4 5
4 8
4 12
4 25
4 28
4 45
5 8
5 9
5 14
5 23
5 40
6 3
6 11
6 25
7 4
7 10
7 18
7 26
7 32
7 39
7 54
8 7
8 13
8 14
8 16
8 28
8 39
8 54
9 4
9 7
9 10
9 16
9 45
9 51
9 55
10 6
10 8
10 40
10 43
11 7
11 34
11 49
12 18
12 26
12 27
12 31
12 32
12 42
13 15
13 16
13 22
13 43
13 52
13 56
14 11
14 22
14 24
14 33
14 36
14 38
14 50
15 11
15 51
16 12
16 14
16 18
16 39
16 55
16 56
17 1
17 15
17 21
17 23
17 24
17 40
17 42
17 44
17 45
17 49
17 53
18 5
18 8
18 16
18 31
18 47
19 15
19 20
19 30
19 43
19 45
20 12
20 51
20 57
21 2
21 4
21 16
21 17
21 28
21 32
21 36
21 46
21 47
21 51
21 58
22 10
22 17
22 51
22 55
23 25
23 29
23 48
24 3
24 18
24 29
24 36
24 39
24 40
24 42
24 48
25 29
25 35
25 36
25 54
26 3
26 38
26 50
26 57
27 1
27 5
27 32
28 7
28 16
28 21
28 26
28 50
29 4
29 11
29 14
29 15
29 18
29 21
29 28
29 32
29 36
29 40
30 2
30 4
30 5
30 17
30 20
30 27
30 57
31 34
31 37
31 44
31 55
32 20
32 22
32 56
34 7
34 8
34 10
34 42
34 45
34 52
34 56
35 25
35 39
36 3
36 18
36 51
36 57
37 11
37 35
37 42
37 45
37 52
37 57
38 2
38 5
38 9
38 13
38 25
38 30
38 35
38 46
38 54
38 57
38 58
39 16
39 17
39 28
39 48
39 58
40 1
40 33
40 43
40 53
40 55
41 11
41 33
41 49
41 54
42 2
42 27
42 45
42 50
42 56
43 2
43 6
43 35
43 39
43 52
44 3
44 12
44 16
44 32
44 37
44 40
44 41
44 45
44 51
44 54
45 42
45 53
45 57
46 2
46 13
47 32
48 2
48 19
48 21
48 23
48 42
49 13
49 23
49 26
49 28
49 30
49 40
50 12
50 21
50 24
50 31
50 38
50 53
50 56
51 12
51 15
51 19
51 41
51 54
51 58
52 9
52 15
52 17
52 24
52 26
52 41
52 51
53 1
53 3
53 6
53 7
53 21
53 23
53 24
53 36
53 50
53 57
54 3
54 11
54 13
54 38
54 47
54 51
55 23
55 24
55 28
55 32
55 36
55 41
55 43
55 52
56 4
56 19
56 25
56 39
56 45
56 51
57 3
57 11
57 14
57 16
57 17
57 19
57 25
57 38
57 51
57 52
58 5
58 6
58 26
58 33
58 50
58 54
Loss 0 0 0 0 0 0 0 0 0 0 0 0 0 0 59 0 0 0 0 44 0 0 57 0 0 0 0 0 0 0 0 48 0 86 0 0 0 0 0 0 0 0 0 0 12 0 0 0 0 0 0 0 0 0 0 0 92 0 
