68 <--# of nodes, 456 edges
1 8
1 18
1 31
1 34
1 60
2 5
2 22
2 28
2 30
2 31
2 35
2 37
2 38
2 40
2 46
2 60
2 65
2 66
3 32
3 36
3 60
3 65
4 22
4 28
4 32
4 52
5 11
5 21
5 29
5 46
5 64
6 34
6 42
6 43
6 50
6 53
6 56
7 10
7 28
7 31
7 32
7 37
7 40
7 49
7 57
7 58
8 1
8 2
8 5
8 9
8 25
8 35
8 44
8 48
8 49
8 52
8 54
8 56
8 59
8 60
9 4
9 28
9 36
9 43
10 15
10 46
10 53
10 56
10 60
10 61
11 18
11 20
11 23
11 26
11 28
11 44
11 59
11 60
11 64
12 13
12 16
12 24
12 30
12 45
12 50
12 58
13 1
13 2
13 7
13 21
13 41
13 60
14 7
14 11
14 18
14 24
14 29
14 50
14 51
15 8
15 27
15 38
15 65
16 6
16 28
16 35
16 43
16 61
17 7
17 9
17 46
17 51
18 1
18 10
18 14
18 41
18 64
18 68
19 7
19 37
19 39
19 41
19 58
19 63
19 66
20 11
20 12
20 13
20 14
20 22
20 44
20 46
20 48
20 50
21 1
21 18
21 20
21 25
21 26
21 36
21 47
21 56
22 4
22 20
22 41
22 46
22 48
22 52
22 53
22 57
22 60
22 66
23 26
23 28
23 40
23 59
23 60
23 68
24 14
24 22
24 47
24 56
25 5
25 15
25 18
25 23
25 31
25 36
25 37
25 52
25 62
26 10
26 46
26 54
27 7
27 14
27 29
27 34
27 35
27 37
27 47
27 54
27 60
27 66
28 6
28 7
28 11
28 19
28 20
28 30
28 41
28 56
28 67
29 10
29 25
29 51
29 61
29 65
30 25
30 31
30 36
30 37
30 38
30 44
30 53
30 68
31 48
31 60
32 2
32 13
32 14
32 15
32 25
32 28
32 34
32 39
32 42
32 49
33 14
33 19
33 22
33 38
33 39
34 3
34 8
34 9
34 28
34 31
34 41
34 51
34 52
34 53
34 64
34 67
35 18
35 49
35 65
35 67
36 1
36 7
36 8
36 45
36 46
36 64
36 66
36 67
36 68
37 11
37 20
37 24
37 26
37 49
37 68
38 33
38 46
38 49
38 56
38 62
39 6
39 23
39 27
39 28
39 36
39 37
39 51
39 52
39 54
39 66
40 4
40 8
40 27
40 28
40 33
40 42
40 54
40 57
41 2
41 8
41 15
41 17
41 32
41 39
41 62
42 7
42 14
42 15
42 21
42 33
42 38
42 50
43 10
43 16
43 20
43 24
43 40
43 53
43 58
44 1
44 23
44 38
44 39
44 45
44 54
44 64
44 68
45 1
45 4
45 6
45 12
45 19
45 26
45 35
45 42
45 67
46 10
46 33
47 15
47 37
47 43
47 48
47 53
47 61
47 62
48 3
48 42
48 44
48 46
48 50
48 65
48 66
48 68
49 1
49 15
49 16
49 32
49 41
49 53
49 56
50 8
50 10
50 23
50 31
50 38
51 11
51 13
51 14
51 17
51 22
51 46
51 58
51 62
51 65
52 14
52 28
52 29
52 35
52 36
52 41
52 42
52 48
53 30
53 35
53 46
53 50
53 54
53 67
54 15
54 37
54 64
54 65
55 13
55 16
55 65
56 6
56 15
56 18
56 23
56 25
56 44
56 50
56 59
56 68
57 5
57 20
57 46
57 49
57 64
57 67
58 6
58 9
58 29
58 33
58 42
58 54
58 61
59 23
59 26
59 38
59 47
59 50
59 60
60 15
60 23
60 27
60 29
60 53
61 1
61 39
61 42
61 45
61 51
61 59
61 62
61 67
62 10
62 13
62 29
62 37
62 38
62 52
62 65
63 21
63 35
63 40
63 60
63 68
64 3
64 37
64 41
64 47
64 55
65 11
65 35
65 48
65 49
65 51
65 67
66 4
66 16
66 18
66 46
66 64
67 3
67 4
67 8
67 24
67 25
67 26
67 47
67 50
68 2
68 16
68 59
68 64
68 65
68 66
Loss 0 0 0 0 10 34 0 67 27 0 0 0 0 0 0 0 95 0 0 0 0 0 55 0 0 0 0 0 48 0 0 0 0 0 0 0 44 0 0 0 50 0 0 0 72 0 83 0 0 0 0 0 82 58 0 0 0 0 0 46 0 0 0 0 0 27 0 0 
