69 <--# of nodes, 460 edges
1 9
1 10
1 27
1 34
1 35
1 58
1 69
2 6
2 16
2 33
2 39
2 48
2 55
3 7
3 16
3 26
3 34
3 39
3 41
3 50
4 9
4 11
4 13
4 29
4 31
4 54
4 56
4 69
5 12
5 22
5 60
6 9
6 18
6 19
6 25
6 27
6 32
6 66
7 3
7 16
7 58
7 66
8 3
8 7
8 17
8 22
8 26
8 30
8 32
8 41
8 62
9 1
9 8
9 11
9 16
9 33
9 44
10 1
10 17
10 31
10 37
10 51
10 68
10 69
11 4
11 5
11 14
11 25
11 32
11 49
12 6
12 10
12 20
12 21
12 34
12 37
12 55
12 58
13 6
13 10
13 14
13 18
13 41
13 55
14 3
14 5
14 26
14 30
14 34
14 46
14 53
15 14
15 18
15 34
15 45
15 50
16 5
16 6
16 21
16 25
16 41
16 64
17 6
17 11
17 15
17 30
17 36
17 37
17 39
17 42
17 65
18 8
18 23
18 30
18 33
18 35
18 38
18 41
18 45
18 49
18 52
19 6
19 17
19 32
19 40
19 60
20 5
20 8
20 31
20 34
20 39
20 48
20 49
21 13
21 20
21 25
21 28
21 31
21 32
21 51
21 52
22 3
22 5
22 7
22 8
22 26
22 27
22 30
22 31
22 37
22 40
22 50
22 54
23 10
23 11
23 15
23 16
23 17
23 25
23 41
23 45
23 61
23 62
24 8
24 12
24 17
24 18
24 64
24 68
25 16
25 22
25 29
25 30
25 35
25 36
25 45
25 53
25 61
25 66
26 2
26 7
26 18
26 33
26 36
26 38
26 62
27 7
27 24
27 37
27 39
27 62
28 13
28 22
28 24
28 33
28 34
28 44
28 47
28 52
28 61
28 69
29 9
29 20
29 26
29 27
29 30
29 44
29 52
29 60
29 68
30 17
30 18
30 40
30 53
31 6
31 18
31 23
31 27
31 54
31 64
32 20
32 28
32 30
32 34
32 43
32 55
33 16
33 40
33 43
33 44
34 8
34 17
34 30
35 17
35 45
35 47
35 50
35 57
36 24
36 54
36 59
36 61
36 63
36 69
37 18
37 43
37 46
37 59
37 69
38 1
38 16
38 18
38 39
38 48
38 49
38 55
38 68
39 5
39 7
39 13
39 28
39 31
39 33
39 41
39 46
39 49
39 51
40 10
40 29
40 56
41 24
41 27
41 28
41 47
42 5
42 7
42 13
42 14
42 34
42 35
42 43
42 45
42 47
42 60
42 62
43 11
43 31
43 41
43 47
43 58
44 7
44 9
44 26
44 31
44 53
44 59
44 68
45 3
45 4
45 9
45 10
45 18
45 21
45 27
45 30
45 31
45 48
46 3
46 9
46 14
46 17
46 31
46 34
46 38
46 40
46 58
47 11
47 20
47 25
47 46
47 48
47 66
47 69
48 4
48 11
48 23
48 31
48 45
48 54
48 62
48 68
49 6
49 13
49 17
49 29
49 30
49 40
49 61
49 69
50 1
50 5
50 9
50 17
50 25
50 35
50 36
50 59
50 62
51 4
51 19
51 45
51 64
52 16
52 28
52 43
52 44
52 46
52 61
52 62
53 20
53 27
53 38
53 64
54 1
54 2
54 27
54 42
54 45
54 49
54 56
55 10
55 15
55 25
55 26
55 35
55 42
56 15
56 18
56 23
56 32
56 37
56 55
57 14
57 15
57 50
58 4
58 37
58 46
58 54
59 17
59 47
59 53
60 21
60 29
60 36
60 54
60 62
60 64
60 67
60 68
61 4
61 14
61 37
61 41
61 45
61 67
62 2
62 9
62 21
62 31
62 42
62 46
62 53
62 63
63 20
63 28
63 33
63 36
63 49
63 60
63 62
64 16
64 38
64 45
64 55
65 6
65 13
65 21
65 55
65 56
66 22
66 30
66 37
66 44
66 47
66 65
67 8
67 15
67 19
67 27
67 34
67 35
67 42
67 46
67 63
67 66
68 13
68 19
68 26
68 28
68 33
68 56
69 10
69 21
69 26
69 33
69 35
69 39
69 56
69 67
Loss 0 95 0 0 0 0 0 0 96 0 0 0 0 0 35 72 0 0 0 0 0 54 0 0 0 0 0 0 0 0 0 0 74 0 0 93 45 84 0 0 0 0 6 0 83 0 82 0 0 0 0 0 0 0 0 0 0 0 0 0 0 0 0 19 0 0 0 0 49 
