44 <--# of nodes, 209 edges
1 5
1 20
1 25
1 27
1 36
2 18
2 23
2 24
2 29
3 8
3 10
3 28
3 30
3 34
3 38
3 42
3 43
4 2
4 15
4 16
4 24
4 26
4 38
4 39
4 40
5 15
5 34
5 41
6 8
6 9
6 10
6 12
6 14
6 22
6 41
7 17
7 40
7 41
8 17
9 4
9 7
9 10
9 12
9 27
9 31
9 37
10 15
10 17
10 25
10 29
11 14
11 21
11 23
11 28
11 30
11 34
12 26
12 43
13 1
13 5
13 8
13 23
13 30
13 38
13 41
13 42
14 2
14 12
14 15
14 17
14 24
14 38
15 7
15 9
15 13
15 37
15 44
16 21
16 26
16 30
16 32
17 3
17 23
17 30
18 9
18 11
18 32
19 21
19 24
19 25
19 38
20 3
20 27
20 29
20 40
21 4
21 6
21 35
21 36
21 38
22 1
22 13
22 21
22 24
22 26
23 20
23 25
23 38
23 39
24 2
24 34
24 35
24 38
25 3
25 8
25 14
25 29
25 33
25 43
26 3
26 4
26 30
26 33
26 41
27 1
27 4
27 6
27 10
27 15
27 33
27 41
27 43
28 10
28 34
28 40
29 11
29 33
29 36
29 39
30 6
30 27
30 28
30 31
30 36
30 41
31 2
31 15
31 21
31 34
32 8
32 9
32 17
32 35
32 44
33 2
33 4
33 8
33 11
33 30
33 34
34 3
34 11
34 25
34 37
35 5
35 9
35 13
35 30
35 36
36 15
36 32
36 34
37 25
37 40
38 12
38 17
38 18
38 35
38 44
39 17
39 18
39 19
39 27
39 34
39 37
40 10
40 19
40 29
40 30
40 32
40 43
41 1
41 2
41 4
41 6
41 19
41 32
42 11
42 17
42 28
42 37
42 39
43 5
43 7
43 22
43 42
44 2
44 3
44 14
Loss 0 0 0 0 65 0 0 0 0 0 0 0 0 0 12 0 0 0 0 0 80 0 0 0 0 0 0 0 24 0 0 0 0 97 0 0 45 0 0 0 0 0 0 45 
