65 <--# of nodes, 396 edges
1 19
1 34
1 40
1 42
1 49
1 50
1 54
2 29
2 33
2 51
3 2
3 40
3 41
3 43
3 61
4 8
4 28
4 42
4 50
4 52
4 62
4 64
5 2
5 13
5 14
5 18
5 20
5 22
5 31
5 36
5 53
5 65
6 2
6 17
6 24
6 27
6 32
6 65
7 21
7 32
7 38
7 39
7 41
7 45
8 41
8 42
8 44
8 54
9 7
9 12
9 13
9 30
9 33
10 17
10 25
10 47
10 49
10 56
10 59
11 37
11 46
11 54
11 62
11 65
12 13
12 14
12 25
12 32
12 38
12 49
13 14
13 18
13 20
13 24
13 28
13 44
14 34
14 44
14 45
14 61
15 3
15 28
15 34
15 35
15 54
16 6
16 17
16 20
16 27
16 35
16 42
16 56
16 57
16 61
16 65
17 24
17 26
17 34
17 44
18 6
18 9
18 12
18 13
18 14
18 24
19 4
19 5
19 7
19 10
19 46
19 52
19 65
20 21
20 47
20 50
20 53
21 23
22 5
22 62
22 63
23 4
23 5
23 8
23 10
23 16
23 28
23 30
23 33
23 39
23 44
23 57
23 58
23 63
24 15
24 16
24 23
24 32
24 36
24 48
24 56
25 15
25 16
25 35
25 46
25 49
25 55
25 65
26 22
26 33
26 45
26 47
26 59
26 61
27 1
27 5
27 31
27 40
27 41
27 47
27 50
27 53
28 11
28 24
28 32
28 56
28 62
28 63
29 1
29 7
29 25
29 31
29 35
29 40
29 58
29 64
30 6
30 9
30 26
30 34
30 50
31 5
31 9
31 10
31 12
31 14
31 34
31 35
31 39
31 50
31 52
31 58
31 64
32 2
32 13
32 14
32 27
32 30
32 46
32 65
33 6
33 23
33 47
33 51
34 1
34 32
34 36
34 40
34 45
34 53
35 6
35 7
35 18
35 37
35 40
35 47
36 1
36 5
36 7
36 17
36 38
36 42
36 49
36 51
36 54
37 10
37 27
37 31
37 35
37 39
37 53
37 59
38 8
38 14
38 40
38 41
38 54
38 57
39 34
39 35
39 37
39 40
39 43
39 44
39 61
40 13
40 19
40 21
40 33
40 41
40 52
41 4
41 7
41 27
41 48
41 51
41 64
42 4
42 7
42 13
42 16
42 20
42 23
42 30
42 35
42 52
42 53
42 64
43 1
43 8
43 9
43 18
43 28
43 65
44 16
44 25
44 31
44 34
44 36
44 38
44 54
44 64
45 8
45 44
45 50
45 53
45 58
46 4
46 12
46 16
46 28
46 36
46 37
46 56
46 60
46 61
46 63
46 65
47 24
47 29
47 32
47 43
48 1
48 27
48 34
48 42
49 4
49 8
49 13
49 19
49 25
49 41
49 56
49 63
50 4
50 28
50 59
51 12
51 20
51 22
51 36
51 45
51 49
52 29
52 37
53 12
53 21
53 22
53 40
53 46
53 58
54 3
54 10
54 30
54 36
54 38
54 42
54 45
54 48
55 5
55 18
55 33
55 39
55 50
56 1
56 9
56 19
56 21
56 29
56 34
56 57
57 3
57 5
57 45
57 52
57 54
57 56
58 3
58 18
58 49
58 61
59 19
59 22
59 45
59 48
59 60
60 3
60 12
60 22
60 35
60 55
60 57
61 13
61 16
61 22
61 27
61 34
61 37
61 39
61 63
61 65
62 2
62 12
62 44
62 54
63 14
63 16
63 17
63 29
63 61
64 4
64 11
65 28
65 32
65 42
65 49
65 61
Loss 0 0 0 0 0 0 0 0 0 0 0 0 0 15 0 0 0 0 74 0 0 0 0 0 52 79 84 0 0 0 0 28 41 0 0 0 47 0 34 0 0 1 68 0 0 0 0 0 0 0 56 0 0 0 0 0 0 0 0 0 0 0 0 0 0 
