41 <--# of nodes, 153 edges
1 5
1 20
1 28
1 32
2 7
2 15
2 36
2 41
3 10
3 40
4 17
4 19
5 18
5 22
5 24
6 8
6 20
7 10
7 12
8 3
8 16
8 17
8 29
8 35
9 5
9 28
9 31
9 34
9 36
10 7
10 30
10 37
11 23
11 24
11 37
11 38
12 5
12 26
12 32
12 36
13 2
13 33
14 37
14 38
15 2
15 20
15 22
15 26
15 30
16 3
16 22
16 23
17 2
17 16
17 36
18 5
19 21
19 31
19 41
20 6
20 16
20 17
20 30
21 3
21 13
21 23
21 33
22 25
23 2
23 7
23 36
24 8
24 13
24 20
24 22
25 2
25 11
25 13
25 23
25 30
25 37
25 39
26 7
26 14
26 27
26 28
26 32
26 40
27 9
28 35
28 39
29 3
29 4
29 12
29 14
29 15
29 24
29 36
30 1
30 6
30 10
30 40
31 12
31 14
31 29
31 30
31 32
31 33
32 6
32 9
32 20
32 34
33 3
33 9
33 12
33 15
33 32
34 11
34 19
34 23
34 24
34 37
35 1
35 28
35 30
36 4
36 9
36 14
36 15
36 18
36 19
37 11
37 13
37 17
37 20
37 27
38 2
38 5
38 18
38 24
38 28
38 40
39 3
39 41
40 13
40 23
40 29
40 38
41 15
41 18
41 24
41 27
41 39
Loss 0 0 0 0 0 0 0 13 0 0 0 0 0 0 0 0 0 0 0 0 72 0 0 0 69 0 0 0 0 0 0 98 0 0 0 0 0 0 0 0 0 
