55 <--# of nodes, 283 edges
1 12
1 31
1 36
1 50
1 51
2 16
2 29
2 36
2 38
3 5
3 38
3 42
3 51
3 54
4 3
4 8
4 20
4 27
4 40
4 47
4 52
4 53
6 8
6 13
6 14
6 16
6 17
6 19
6 32
6 46
6 53
7 6
7 8
7 16
7 21
7 30
7 37
7 43
7 46
8 22
8 26
8 34
8 46
9 23
9 27
10 12
10 16
10 24
10 32
10 42
10 44
10 53
11 1
11 2
11 17
11 18
11 19
12 42
12 43
13 2
13 23
13 25
13 27
13 43
13 47
14 2
14 23
14 33
14 42
15 1
15 3
15 5
15 9
15 17
15 22
15 46
15 55
16 8
16 29
16 37
16 41
16 49
17 10
17 20
17 22
17 38
17 46
18 1
18 2
18 20
18 26
18 33
18 47
19 3
19 18
19 22
19 24
19 32
19 34
19 43
19 45
19 48
19 53
20 2
20 4
20 6
20 14
20 19
20 21
20 51
20 54
21 13
21 14
21 52
22 11
22 16
22 21
22 30
22 32
22 34
23 12
23 37
24 5
24 7
24 13
24 16
24 36
24 41
24 48
24 54
25 3
25 7
25 13
25 36
25 47
25 51
26 4
26 6
26 7
26 18
26 27
26 35
26 50
26 52
27 23
27 35
27 38
27 39
27 47
27 52
28 10
28 14
28 39
28 42
28 44
28 48
28 50
28 54
29 16
29 18
29 51
29 52
29 54
30 5
30 34
30 36
30 39
31 8
31 11
31 16
31 19
31 32
32 47
33 4
33 15
33 32
33 35
33 36
33 41
33 47
34 15
34 47
34 48
35 31
35 44
35 53
36 12
36 29
36 37
37 6
37 7
37 8
37 28
38 4
38 5
38 8
38 21
38 45
38 47
39 2
39 3
39 4
39 11
39 14
39 41
39 42
39 46
39 50
39 54
40 4
40 15
40 37
41 7
41 14
41 33
41 34
41 45
41 54
42 10
42 28
42 29
42 35
43 39
43 40
44 2
44 14
44 25
44 27
44 35
44 55
45 5
45 28
45 30
45 31
45 49
46 3
46 17
46 40
47 3
47 43
48 24
48 29
48 30
48 49
49 9
49 12
49 38
49 39
49 42
49 47
49 51
50 2
50 31
50 41
50 47
50 51
51 2
51 10
51 11
51 23
51 28
51 29
51 48
51 50
51 52
51 55
52 15
52 17
52 25
52 26
52 34
52 37
53 7
53 12
53 14
53 46
54 4
55 3
55 8
55 17
55 23
55 25
55 51
Loss 0 0 0 0 0 0 0 0 0 33 0 0 0 0 0 91 0 0 64 0 0 0 0 0 91 0 0 98 16 0 0 0 0 0 0 0 0 0 0 0 0 0 0 0 0 0 0 0 0 0 0 90 0 61 0 
