45 <--# of nodes, 210 edges
1 24
1 31
1 45
2 5
2 18
2 21
2 40
3 12
3 16
3 30
3 31
3 42
3 43
4 10
4 13
4 40
4 41
4 42
5 3
5 4
5 9
5 25
6 3
6 7
6 10
6 32
6 35
6 38
6 42
6 45
7 8
7 10
7 30
7 39
8 3
8 11
8 17
8 21
8 27
8 42
9 24
9 28
9 40
9 43
10 17
10 23
10 29
10 43
10 44
11 15
11 26
12 7
12 16
12 18
12 21
12 22
12 29
12 44
13 1
13 2
13 4
13 30
13 42
14 4
14 6
14 21
14 26
14 31
14 41
15 10
15 16
15 24
15 25
17 3
17 14
17 24
17 32
17 33
18 6
18 19
18 34
18 39
19 12
19 23
19 25
19 31
19 36
20 5
20 11
20 27
20 35
20 41
20 42
21 9
21 11
21 17
21 31
21 40
21 41
22 6
22 12
22 28
22 36
22 38
22 45
23 19
23 41
23 44
24 30
24 44
25 10
25 19
25 32
26 2
26 10
26 29
28 7
28 19
28 21
28 35
29 4
29 13
29 19
29 33
30 15
30 19
30 26
30 32
30 37
31 2
31 10
31 11
31 18
31 22
31 27
31 39
32 6
32 7
32 11
32 13
32 24
32 26
32 30
32 33
32 36
32 39
32 40
33 20
33 41
33 43
34 8
34 11
34 13
34 14
34 24
34 41
35 2
35 10
35 27
35 28
35 29
36 8
36 13
36 19
36 22
36 23
36 32
37 15
37 18
38 2
38 12
38 15
38 24
38 27
39 3
39 7
39 23
39 26
39 29
39 32
39 41
39 43
40 2
40 35
41 34
41 44
42 7
42 9
42 27
42 31
42 38
42 40
42 43
43 5
43 10
43 17
43 21
43 24
43 38
43 44
44 4
44 13
44 19
44 22
44 27
44 37
45 4
45 12
45 27
45 32
Loss 0 0 0 0 0 0 0 0 0 0 0 0 0 0 0 0 0 0 0 0 0 0 0 0 0 0 0 31 50 46 0 0 79 56 0 0 0 0 0 0 0 0 0 27 0 
