52 <--# of nodes, 271 edges
1 8
1 14
1 23
1 30
1 39
1 47
1 49
2 13
2 15
2 20
2 31
2 42
2 46
3 7
3 33
3 38
4 1
4 19
4 20
4 35
4 37
4 40
4 48
5 13
5 25
5 34
5 40
5 43
5 46
6 15
6 23
6 48
7 10
7 16
7 34
7 35
7 39
7 41
7 49
8 5
8 11
8 24
9 4
9 10
9 23
9 26
9 34
9 38
9 44
10 3
10 9
10 28
10 30
10 31
10 32
10 34
10 43
10 44
11 10
11 22
11 30
12 10
12 18
12 22
12 26
12 28
12 40
12 50
13 4
13 19
13 44
14 9
14 21
14 44
14 48
15 10
15 25
15 27
15 28
15 31
15 50
16 20
16 44
17 10
17 14
17 18
17 21
17 33
17 35
17 38
18 1
18 3
18 6
18 24
18 27
18 34
18 45
19 21
19 43
19 44
19 46
20 2
20 3
20 11
20 32
20 35
20 39
20 50
21 25
22 3
22 51
23 15
23 33
23 42
23 46
23 50
24 2
24 19
24 29
24 45
25 7
25 12
25 16
25 17
25 22
25 23
25 28
25 32
25 47
25 51
26 6
26 8
26 17
26 48
26 52
27 6
27 9
27 22
27 38
27 50
28 4
28 20
28 24
28 32
28 40
28 46
29 2
29 5
29 6
29 19
29 27
29 28
29 30
30 8
30 10
30 33
31 4
31 25
31 37
32 12
32 25
32 26
32 29
32 33
32 38
32 40
32 52
33 16
33 35
33 36
33 46
33 49
34 16
34 18
34 20
34 24
34 31
34 36
34 38
35 3
35 5
35 6
35 7
35 10
35 19
35 25
35 46
36 4
36 38
36 50
37 4
37 5
38 11
38 14
38 16
38 25
39 20
39 44
39 46
39 51
40 4
40 33
40 48
40 51
41 10
41 27
41 38
41 40
41 42
42 2
42 3
42 7
42 8
42 18
42 19
42 23
42 25
42 26
42 34
42 44
42 49
42 51
43 2
43 9
43 19
43 22
43 24
43 32
43 41
43 45
44 17
44 19
44 25
44 29
44 47
45 16
45 23
46 6
46 28
46 29
46 37
46 48
47 29
47 30
47 33
47 41
47 49
48 6
48 14
48 19
48 28
48 36
48 51
49 15
49 20
49 33
49 36
50 12
50 28
50 37
50 39
51 9
51 17
51 20
51 49
52 1
52 5
52 6
52 19
52 28
52 44
Loss 0 0 0 0 14 0 0 0 88 0 0 0 0 0 0 0 0 45 0 0 0 96 0 0 63 0 0 0 59 90 0 0 0 0 0 0 0 0 0 0 0 0 0 0 0 0 0 0 0 47 0 0 
