64 <--# of nodes, 396 edges
1 8
1 13
1 18
1 27
1 28
1 29
1 41
2 6
2 10
2 12
2 18
2 19
2 51
2 55
3 12
3 25
3 51
3 63
3 64
4 1
4 12
4 25
4 29
4 31
4 32
4 35
5 1
5 48
5 60
6 34
6 37
6 55
7 25
7 29
7 31
7 33
7 40
7 48
7 64
8 12
8 14
8 50
9 16
9 34
9 37
9 38
9 41
9 64
10 23
10 31
10 45
10 51
10 54
11 7
11 31
11 37
11 38
11 47
11 56
12 7
12 11
12 18
12 21
12 32
12 33
12 37
12 41
12 52
12 57
12 60
13 20
13 22
13 27
13 28
13 40
13 52
14 4
14 27
14 36
14 37
14 57
14 61
15 4
15 28
15 31
15 55
16 23
16 55
16 61
16 63
17 4
17 49
18 9
18 16
18 27
18 44
18 60
19 7
19 17
19 23
19 42
19 61
19 63
20 13
20 22
20 29
20 39
20 44
20 50
20 58
21 4
21 9
21 19
21 28
21 42
22 5
22 17
22 18
22 27
22 28
22 30
22 52
22 56
22 61
23 9
23 14
23 40
23 42
23 50
23 61
24 1
24 14
24 23
24 33
24 34
24 43
24 56
25 6
25 10
25 35
25 53
25 58
26 11
26 13
26 38
26 47
26 50
26 58
27 3
27 4
27 35
27 36
27 53
27 60
28 1
28 6
28 46
28 51
29 4
29 12
29 28
29 38
29 40
29 48
29 53
29 59
30 9
30 10
30 15
30 25
30 35
30 39
30 47
30 48
30 53
30 58
30 61
30 62
31 9
31 32
31 56
31 58
32 3
32 7
32 16
32 28
32 45
32 53
33 13
33 47
33 57
34 7
34 10
34 22
34 23
34 33
34 49
34 63
35 2
35 24
35 30
35 53
36 3
36 15
36 20
36 21
36 24
36 38
37 3
37 26
37 38
38 5
38 19
38 41
38 52
38 63
39 1
39 8
39 32
39 44
39 46
39 51
39 53
39 56
39 58
39 60
39 62
40 7
40 27
40 41
40 52
40 57
40 59
41 5
41 16
41 22
41 26
41 33
41 43
41 49
41 56
41 60
41 62
41 63
42 7
42 14
42 16
42 18
42 19
42 29
42 30
42 36
42 39
42 54
43 8
43 10
43 15
43 26
43 32
44 12
44 14
44 23
44 25
44 26
44 39
44 48
44 49
44 54
44 57
45 3
45 14
45 17
45 31
45 40
45 49
46 9
46 24
46 30
46 32
46 35
46 58
47 1
47 3
47 8
47 29
47 30
47 37
47 62
48 1
48 5
48 7
48 19
48 34
48 49
49 1
49 20
49 21
49 22
49 32
49 47
49 53
50 5
50 17
50 27
50 43
50 53
50 56
50 60
50 64
51 4
51 9
51 19
51 23
51 39
51 64
52 3
52 9
52 29
52 31
52 39
52 64
53 35
53 36
53 45
53 64
54 8
54 17
54 43
54 47
54 62
55 10
55 30
55 34
55 49
55 53
55 58
55 60
55 62
55 64
56 20
56 61
57 20
58 18
58 25
58 61
58 64
59 3
59 17
59 23
59 33
59 39
59 51
59 55
59 61
60 13
60 14
60 17
60 19
60 20
60 26
60 43
60 45
60 50
60 55
60 63
61 3
61 4
61 29
61 37
61 43
61 50
61 54
61 57
61 62
61 64
62 6
62 11
62 23
62 42
62 49
63 2
63 3
63 18
63 21
63 40
63 41
63 42
63 44
64 10
64 18
64 25
64 26
64 34
64 43
64 48
64 50
Loss 0 18 0 0 88 0 0 0 49 0 0 31 0 0 0 0 0 0 0 87 0 0 0 0 0 29 0 0 0 0 0 0 0 94 0 0 0 0 0 0 4 0 0 0 0 0 92 71 0 0 0 0 0 0 0 0 30 0 0 83 16 0 0 0 
