63 <--# of nodes, 363 edges
1 21
1 33
1 61
1 62
1 63
2 1
2 4
2 10
2 18
2 29
3 6
3 7
3 16
3 18
3 21
3 61
4 5
4 18
4 25
4 50
4 56
5 2
5 6
5 11
5 16
5 20
5 21
5 27
5 34
5 44
6 2
6 15
6 18
6 26
6 30
6 35
6 59
6 61
7 3
7 10
7 30
7 33
8 11
8 16
8 28
8 30
8 50
8 51
9 11
9 30
9 37
9 42
9 50
9 62
10 6
10 32
10 47
10 57
10 61
11 16
11 39
11 41
11 42
11 49
11 60
12 3
12 14
12 20
12 24
12 60
13 5
13 27
13 34
13 39
13 41
13 50
13 63
14 2
14 4
14 9
14 13
14 25
14 29
15 1
15 12
15 26
15 38
15 48
16 12
16 14
16 37
16 44
16 47
16 55
16 60
17 8
17 30
17 37
17 54
18 10
18 12
18 17
18 19
18 21
18 30
18 33
18 45
18 50
18 51
19 3
19 13
19 14
19 16
19 20
19 26
19 33
19 39
19 48
19 59
19 63
20 8
20 10
20 33
20 43
20 57
20 61
21 15
21 20
21 23
21 30
21 42
21 47
21 57
22 17
22 21
22 24
22 31
22 35
22 42
22 47
23 14
23 15
23 26
23 54
24 1
24 9
24 44
24 48
24 51
24 55
24 62
25 1
25 5
25 14
25 20
25 52
25 58
26 27
26 38
26 39
26 51
26 52
26 56
27 3
27 12
27 35
27 47
28 4
28 6
28 21
28 26
28 32
28 33
28 38
28 59
29 4
29 14
29 42
29 57
30 11
30 16
30 18
30 34
30 43
30 45
30 54
30 61
30 62
31 37
32 31
32 52
33 9
33 12
33 15
34 1
34 8
34 9
34 22
34 35
34 40
34 53
35 13
35 17
35 27
35 30
35 44
35 61
36 12
36 22
36 26
36 28
36 29
36 42
36 63
37 1
37 41
37 42
37 43
37 48
37 53
37 57
37 58
38 11
38 18
38 23
38 29
38 40
38 42
38 44
38 50
38 55
39 16
39 27
39 28
39 32
39 40
39 46
39 54
40 13
40 19
40 24
40 27
40 32
40 41
40 52
40 63
41 39
41 57
41 58
42 4
42 9
42 55
43 2
43 15
43 22
43 24
43 45
44 11
44 38
45 3
45 9
45 22
45 31
45 43
45 57
46 2
46 6
46 12
46 20
46 23
46 36
46 43
46 50
47 13
47 34
47 46
47 56
47 62
48 8
48 10
48 20
48 34
48 43
48 52
48 53
48 56
49 2
49 32
50 6
50 9
50 24
50 29
50 32
50 36
50 62
51 7
51 17
51 32
51 45
51 48
52 15
52 17
52 58
53 43
53 47
53 61
54 8
54 13
54 14
54 19
54 35
54 42
54 45
54 50
55 43
55 48
55 50
56 2
56 14
56 18
56 21
56 28
56 41
56 57
56 61
57 14
57 27
57 48
57 49
58 4
58 5
58 9
58 10
58 20
58 24
58 28
58 34
59 15
59 24
59 26
59 31
59 35
59 48
59 54
59 56
60 5
60 6
60 51
61 8
61 14
61 30
61 47
61 48
61 49
62 18
62 48
62 55
63 2
63 7
63 18
63 20
63 31
63 58
Loss 0 0 25 0 0 0 0 0 0 0 0 0 0 0 0 0 0 0 0 0 0 0 0 0 0 0 0 0 0 0 0 0 0 0 34 0 0 0 0 0 0 36 0 0 0 0 0 0 0 0 0 0 0 0 0 0 0 0 0 0 0 0 0 
