65 <--# of nodes, 429 edges
1 14
1 30
1 57
1 64
2 6
2 19
2 20
2 23
2 29
2 31
2 49
2 65
3 13
3 16
3 17
3 27
3 33
3 60
3 63
4 5
4 12
4 40
5 10
5 16
5 19
5 24
5 27
5 35
5 56
6 11
6 23
6 25
6 26
6 27
6 38
6 47
6 53
6 57
7 18
7 37
7 43
7 56
8 3
8 31
8 39
8 47
8 56
9 10
9 11
9 15
9 18
9 27
9 33
9 34
9 39
9 55
9 56
10 11
10 21
10 52
10 64
11 4
11 7
11 10
11 32
11 38
11 45
11 47
11 50
11 55
11 60
11 63
12 15
12 23
12 26
12 37
13 1
13 7
13 16
13 22
13 26
13 38
13 48
13 53
13 60
14 6
14 21
14 44
14 54
15 12
15 20
15 39
15 40
15 44
15 45
15 56
15 60
16 10
16 15
16 39
16 52
17 1
17 9
17 10
17 30
17 61
17 62
18 3
18 12
18 15
18 23
18 46
18 52
18 60
19 23
19 51
19 59
20 1
20 2
20 4
20 15
20 27
20 28
20 31
20 42
20 49
20 53
20 54
20 56
20 65
21 2
21 24
21 44
21 57
22 17
22 54
22 56
22 57
23 3
23 17
23 24
23 32
23 48
23 49
23 58
24 21
24 50
24 52
25 4
25 16
25 24
25 27
25 31
25 32
25 40
25 48
25 50
26 13
26 16
26 20
26 27
26 29
26 43
26 56
26 63
27 6
27 15
27 30
27 55
27 61
28 8
28 16
28 17
28 20
28 29
28 35
28 59
29 19
29 23
29 28
29 42
29 46
29 62
30 11
30 21
30 46
30 62
31 5
31 12
31 27
31 45
31 51
32 9
32 26
32 31
32 33
32 35
32 44
32 52
32 65
33 46
33 62
34 2
34 3
34 14
34 31
34 36
34 37
34 46
34 65
35 10
35 13
35 29
35 60
35 62
35 64
36 1
36 8
36 22
36 41
37 13
37 32
37 34
37 45
37 47
37 54
37 55
38 6
38 17
38 18
38 28
38 31
38 33
39 8
39 15
39 23
39 42
39 50
39 57
39 63
40 2
40 13
40 20
40 27
40 29
40 34
40 47
40 50
40 61
40 65
41 28
41 43
41 59
42 36
42 45
42 49
42 51
42 56
43 3
43 5
43 6
43 15
43 34
43 38
43 39
43 40
43 62
43 65
44 8
44 16
44 18
44 25
44 65
45 14
45 24
45 36
45 41
45 63
46 13
46 20
46 21
46 22
46 25
46 26
46 33
46 41
46 44
46 56
47 23
47 26
47 28
47 31
48 1
48 4
48 10
48 14
48 21
48 38
48 55
49 29
49 36
49 37
49 44
49 59
49 64
49 65
50 3
50 6
50 10
50 20
50 22
50 34
50 35
50 40
50 43
50 54
50 55
50 56
51 1
51 4
51 5
51 16
51 28
51 29
51 39
51 47
51 49
52 13
52 14
52 15
52 17
52 19
52 27
52 29
52 37
52 51
52 57
53 1
53 2
53 10
53 27
53 33
53 37
53 41
53 42
53 60
54 6
54 24
54 28
54 29
54 49
54 60
55 11
55 21
55 26
55 40
55 41
55 42
55 58
56 1
56 5
56 17
56 61
56 65
57 1
57 19
57 28
57 29
57 42
57 54
58 8
58 28
58 33
58 44
58 47
58 49
58 51
59 10
59 28
59 53
60 13
60 18
60 28
60 31
60 56
60 57
60 63
61 1
61 2
61 7
61 13
61 16
61 22
61 26
61 28
61 32
61 33
61 48
61 54
62 1
62 11
62 40
62 50
62 57
62 59
62 61
63 3
63 27
63 33
63 43
63 45
63 52
63 56
63 57
64 1
64 2
64 12
64 16
64 18
64 34
64 36
64 42
64 51
65 11
65 14
65 20
65 25
65 49
65 53
Loss 0 0 0 0 0 82 0 0 0 0 0 0 0 0 40 63 0 25 0 0 74 0 0 0 0 0 0 0 0 27 0 12 0 92 0 0 53 0 0 0 0 51 0 33 92 0 0 0 0 0 88 0 0 16 96 0 0 0 93 0 0 0 0 0 0 
