46 <--# of nodes, 220 edges
1 5
1 10
1 25
1 27
1 32
2 20
2 26
2 33
2 42
3 2
3 6
3 8
3 23
3 34
4 7
4 15
4 21
4 26
4 38
5 3
5 18
5 20
5 36
5 38
5 42
6 7
6 12
6 17
6 20
6 34
7 8
7 9
7 30
7 43
8 1
8 4
8 27
8 41
9 4
9 10
9 13
9 30
9 33
9 36
10 2
10 19
10 29
10 31
10 36
11 1
11 12
11 17
11 37
11 39
11 46
12 6
12 21
12 28
12 41
12 43
12 46
13 5
13 18
13 20
13 27
13 31
13 44
14 25
15 1
15 2
15 9
15 27
15 33
15 36
15 42
16 12
16 30
16 35
16 39
16 42
16 46
17 12
17 18
17 35
18 1
18 5
18 22
18 46
19 32
19 37
19 40
20 16
21 23
21 42
22 3
22 5
22 7
22 21
23 17
23 21
23 24
23 27
23 30
23 33
23 36
23 38
23 39
24 4
24 7
24 19
24 20
24 21
24 22
24 37
25 2
25 16
25 18
25 20
25 36
26 4
26 11
26 14
26 24
26 25
27 11
27 12
27 17
27 32
27 44
28 17
28 21
28 31
28 35
29 14
29 19
29 23
29 35
30 4
30 18
30 24
30 39
31 9
31 12
31 32
31 39
32 2
32 14
32 16
32 18
32 25
32 26
32 36
32 41
33 44
34 13
34 15
34 24
34 44
35 26
35 31
35 40
35 46
36 3
36 8
36 10
36 22
37 10
37 11
37 15
37 19
37 25
37 26
37 30
37 34
38 9
38 13
38 15
38 18
38 20
38 40
39 14
39 19
39 26
40 12
40 19
40 32
40 35
40 38
40 41
41 5
41 11
41 14
41 26
41 29
41 37
41 39
42 9
43 17
43 28
43 33
43 35
43 46
44 4
44 6
44 18
44 32
44 45
45 3
45 8
45 14
45 28
45 37
45 39
45 42
46 2
46 15
46 25
46 32
46 41
46 42
Loss 0 41 9 0 0 0 0 0 0 0 0 16 0 0 0 0 0 0 0 0 0 0 0 0 43 0 0 0 14 69 0 0 0 0 0 0 0 0 0 0 0 0 81 0 0 0 
