55 <--# of nodes, 294 edges
1 5
1 10
1 28
1 40
1 43
2 9
2 22
2 23
2 53
3 2
3 8
3 9
3 14
3 25
4 1
4 8
4 13
4 16
4 17
4 30
4 31
4 33
4 45
4 47
5 4
5 13
5 17
5 25
5 32
5 35
5 36
5 41
5 49
6 3
6 10
6 13
6 19
6 24
6 37
6 46
7 2
7 8
7 14
7 20
7 28
7 34
7 38
7 47
7 51
8 7
8 38
8 44
8 47
9 6
9 26
9 35
9 48
9 52
9 53
10 38
11 9
11 10
11 40
12 45
12 54
13 15
13 28
13 38
13 47
14 12
14 19
14 34
14 42
14 48
15 8
15 10
15 30
15 37
15 40
16 34
16 50
17 8
18 22
18 40
18 41
18 47
18 49
18 54
19 9
19 20
19 49
20 12
20 24
20 44
20 45
20 46
21 3
21 13
21 18
21 20
21 30
21 31
22 2
22 28
22 29
22 30
22 37
22 43
22 51
23 5
23 14
23 18
23 26
23 33
23 43
23 48
24 5
24 15
24 20
24 28
24 34
25 15
25 31
25 53
26 2
26 38
26 52
26 55
27 2
27 15
27 25
27 30
27 49
28 10
28 17
28 19
28 24
28 41
28 45
28 46
28 54
29 2
29 17
29 23
29 34
29 35
29 46
30 46
30 49
30 50
30 52
31 1
31 4
31 13
31 14
31 15
31 19
31 21
31 45
31 46
32 8
32 9
32 18
32 20
32 36
32 44
32 45
32 46
32 51
33 1
33 3
33 5
33 8
33 32
33 37
33 46
33 50
34 11
34 21
34 26
34 33
34 43
34 51
35 1
35 2
35 14
35 25
36 2
36 17
36 41
36 42
37 1
37 9
37 10
37 24
37 25
37 29
37 34
37 42
37 52
38 1
38 36
38 46
38 54
39 1
39 34
39 35
39 49
39 50
39 53
40 3
40 6
40 29
40 32
40 38
40 42
41 18
41 37
41 44
42 14
42 19
42 27
42 39
43 1
43 7
43 9
43 24
43 28
43 30
43 38
43 50
44 5
44 25
44 34
44 55
45 21
45 22
45 35
45 36
45 38
45 50
46 3
46 10
46 21
46 23
46 26
46 31
46 52
47 5
47 11
47 20
47 27
47 37
47 48
47 55
48 34
48 37
49 10
49 14
49 36
49 43
50 9
50 15
50 16
50 52
51 33
51 37
51 38
51 44
51 52
51 55
52 18
52 24
52 33
52 36
52 42
52 46
52 48
52 54
53 37
53 54
54 12
54 30
54 45
54 55
55 3
55 10
55 11
55 14
55 17
55 18
55 19
55 22
55 27
Loss 0 0 0 0 56 0 29 0 0 0 0 0 0 0 37 32 0 0 0 0 0 0 0 0 0 0 51 20 49 0 26 0 0 83 0 0 0 0 0 0 0 0 0 0 0 0 0 0 18 0 0 42 0 15 0 
