25 <--# of nodes, 67 edges
1 6
1 11
1 17
2 6
2 7
2 14
2 22
3 7
3 12
3 21
4 8
4 21
4 24
5 19
6 5
6 9
6 14
7 15
7 18
7 21
8 13
8 21
8 22
9 2
9 14
9 17
9 19
10 3
10 5
10 6
10 9
10 15
10 16
10 24
11 10
12 16
12 21
12 25
13 1
13 6
13 12
13 15
13 23
14 1
14 8
14 25
15 7
15 12
16 1
16 9
17 7
17 16
18 3
19 12
20 15
21 17
21 18
22 10
22 11
22 21
23 6
23 20
23 21
24 3
24 21
25 13
25 14
Loss 0 0 0 0 0 71 0 78 0 0 0 0 0 0 0 0 60 0 0 0 0 0 0 0 0 
