59 <--# of nodes, 332 edges
1 11
1 24
1 27
1 34
1 40
2 19
2 24
2 26
2 49
3 2
3 11
3 22
3 35
3 41
3 46
3 56
4 13
4 18
4 24
4 29
4 41
4 47
4 54
5 7
5 8
5 9
5 50
6 3
6 12
6 17
6 26
6 46
6 56
6 59
7 3
7 5
7 11
7 15
7 20
7 37
7 38
8 19
8 32
8 53
9 13
9 17
9 52
9 58
9 59
10 18
10 27
10 44
10 47
10 50
11 3
11 13
11 18
11 26
11 41
11 43
12 7
12 10
12 13
12 14
12 56
13 8
13 33
13 49
13 58
14 22
14 37
14 52
14 58
15 23
15 32
15 38
15 40
15 50
16 1
16 15
16 27
16 35
16 36
16 50
16 58
17 8
17 12
17 15
17 16
17 21
17 23
17 26
17 37
17 45
17 47
17 48
18 19
18 36
18 49
18 56
19 3
19 18
19 23
19 25
19 56
20 7
20 22
21 17
21 30
21 31
21 41
21 54
21 59
22 25
22 28
22 33
22 54
22 59
23 7
23 50
23 51
24 2
24 4
24 5
24 14
24 31
24 35
24 42
24 45
24 53
24 57
24 58
25 17
25 37
25 39
25 59
26 12
26 24
26 38
26 41
26 44
26 59
27 6
27 15
27 31
28 17
28 31
28 32
28 36
28 38
28 39
28 40
28 55
29 9
29 10
29 11
29 20
29 30
29 34
29 40
29 43
29 45
29 46
29 59
30 3
30 12
30 19
30 25
30 38
30 49
31 11
31 16
31 18
31 20
31 27
31 30
31 35
31 39
31 50
31 58
32 9
32 12
32 57
33 8
33 11
33 45
34 1
34 4
34 12
34 27
34 45
35 13
35 15
35 19
35 24
35 31
35 41
35 46
36 21
36 49
37 2
37 26
37 57
37 58
38 4
38 9
38 40
38 57
39 1
39 8
39 12
39 14
39 24
39 25
39 35
39 43
39 50
39 56
40 7
40 22
40 24
40 32
41 11
41 19
41 33
41 38
41 49
41 51
41 54
42 2
42 4
42 24
42 28
42 33
42 59
43 4
43 8
43 11
43 20
43 24
43 30
44 13
44 19
44 26
44 27
44 53
44 58
45 4
45 5
45 37
46 23
46 24
46 25
46 42
46 44
46 45
46 50
46 53
46 56
47 20
47 29
47 48
48 1
48 5
48 7
48 21
48 23
48 54
49 2
49 10
49 25
49 45
49 48
49 55
50 5
50 9
50 16
50 19
50 25
50 43
50 57
51 1
51 5
51 7
51 15
51 18
51 21
51 26
51 32
51 48
51 53
51 54
51 55
51 56
52 14
52 15
52 16
52 40
52 41
52 57
53 19
53 30
53 49
53 54
54 16
54 37
55 3
55 14
55 20
55 25
55 47
55 49
55 50
56 2
56 21
56 40
56 53
56 54
56 59
57 10
57 20
57 22
57 34
57 50
58 9
58 24
58 30
58 44
58 45
59 16
59 20
59 24
Loss 0 0 0 0 0 0 0 0 47 0 0 0 0 0 0 0 0 0 0 0 23 44 0 0 77 0 0 0 0 0 0 16 8 0 27 0 0 0 44 0 0 0 0 0 0 0 0 0 0 0 56 0 62 0 74 0 0 0 0 
