55 <--# of nodes, 287 edges
1 13
1 18
1 33
1 38
1 55
2 10
2 18
2 22
2 24
3 1
3 7
3 10
3 16
3 37
3 38
4 7
4 9
4 22
4 31
4 42
4 47
5 9
5 13
5 22
5 23
5 40
5 54
6 18
6 21
6 22
6 31
7 11
7 29
7 38
7 42
7 43
7 54
8 5
8 25
8 26
8 38
8 41
8 51
9 2
9 6
9 44
9 47
10 21
10 31
10 40
10 42
10 53
11 9
11 23
11 26
11 27
11 31
12 2
12 6
12 26
12 27
12 33
13 3
13 15
13 31
13 39
13 45
13 46
13 53
14 17
14 28
15 1
15 29
15 30
15 35
15 48
15 50
15 51
16 2
16 3
16 9
16 37
16 48
16 49
17 4
17 30
17 50
17 52
17 54
17 55
18 10
18 24
18 44
19 3
19 10
19 27
19 29
19 42
20 24
20 44
21 9
21 19
21 26
21 27
21 28
21 33
21 48
21 51
22 11
22 46
23 7
23 24
23 28
23 33
23 46
23 51
24 9
24 14
24 49
24 50
24 51
24 52
24 53
25 1
25 23
25 44
25 54
26 12
26 33
26 41
26 45
26 47
26 48
27 5
27 11
27 31
27 41
27 44
27 49
28 3
28 13
28 17
28 21
28 29
28 32
28 35
28 42
28 53
29 15
29 22
29 45
29 49
29 54
30 3
30 23
30 28
30 31
30 39
30 42
30 46
31 9
31 27
31 36
31 39
31 43
31 51
31 54
31 55
32 6
32 17
32 20
32 31
32 42
34 22
34 37
34 41
34 43
34 46
35 9
35 10
35 12
35 15
35 18
35 20
35 25
35 32
35 46
35 47
35 51
36 5
36 10
36 22
36 31
36 41
36 43
36 46
36 49
37 13
37 45
37 47
38 20
38 43
38 44
38 51
38 54
39 16
39 18
39 24
39 26
39 41
40 1
40 10
40 38
40 52
41 22
41 26
41 30
41 34
41 53
42 2
42 7
42 13
42 14
42 17
42 24
42 39
42 48
43 3
43 12
43 20
43 37
43 54
44 8
44 18
44 24
44 31
44 35
44 47
45 11
45 28
45 39
45 47
45 53
46 2
46 21
46 27
46 38
46 43
47 17
47 22
47 54
48 40
48 51
49 19
49 21
49 34
50 16
50 24
50 31
51 2
51 20
51 22
51 30
51 35
51 53
52 2
52 9
52 16
52 18
52 22
52 27
53 20
53 25
53 26
53 27
53 41
53 42
53 47
54 18
54 25
54 27
54 48
55 12
55 15
55 40
55 45
55 48
Loss 0 63 0 0 63 37 0 84 0 0 0 0 0 24 0 24 0 0 0 0 0 0 0 26 0 0 0 0 0 0 0 0 0 26 0 0 51 21 0 0 0 0 0 0 20 54 0 0 61 0 0 91 11 0 0 
