29 <--# of nodes, 74 edges
1 10
1 11
1 12
1 19
1 26
1 29
2 4
2 8
2 13
2 16
2 27
2 28
3 11
3 22
3 24
4 11
4 14
4 15
4 21
4 29
5 18
5 27
5 29
6 16
6 21
6 24
7 21
10 9
10 22
10 23
11 15
11 21
12 4
12 15
13 2
13 5
13 9
13 17
13 21
14 13
14 21
16 3
17 9
18 19
19 7
20 5
20 15
20 18
20 22
20 28
21 7
21 12
22 6
22 14
22 20
22 26
22 27
23 3
23 12
23 13
23 22
23 29
24 9
25 1
25 9
26 14
26 17
27 2
27 9
27 23
28 3
29 4
29 10
29 22
Loss 0 0 0 66 1 0 0 2 0 0 0 0 29 0 0 0 65 0 0 0 0 0 0 0 0 0 0 0 0 
