66 <--# of nodes, 444 edges
1 5
1 17
1 26
1 36
1 50
1 51
1 53
1 55
1 59
1 62
2 1
2 15
2 55
3 4
3 17
3 24
3 32
3 42
3 46
3 52
3 60
3 64
4 6
4 33
4 40
4 47
4 52
4 53
5 11
5 28
5 35
5 44
5 56
6 4
6 8
6 11
6 30
6 36
6 47
7 5
7 20
7 41
7 43
8 11
8 20
8 35
8 42
8 43
8 52
8 54
9 6
9 8
9 11
9 26
9 28
9 36
9 45
9 60
9 64
10 5
10 9
10 14
10 21
10 40
10 44
10 47
10 49
10 60
10 61
11 1
11 25
11 31
11 52
11 56
11 62
12 9
12 30
12 40
12 46
12 50
12 53
12 66
13 5
13 6
13 24
13 51
14 2
14 11
14 21
14 30
14 34
14 40
14 41
14 43
14 54
14 60
14 61
14 62
14 64
15 8
15 17
15 28
15 40
15 49
16 18
16 36
16 43
16 53
16 57
17 1
17 3
17 24
17 35
18 1
18 11
18 12
18 19
18 21
18 53
18 58
18 59
18 62
18 64
19 26
19 27
19 50
19 54
19 56
19 59
20 15
20 17
20 28
20 32
20 48
20 56
21 17
21 32
21 36
21 42
21 43
21 52
21 66
22 2
22 12
22 36
22 43
22 62
23 2
23 6
23 12
23 21
23 42
23 48
23 62
23 66
24 9
24 12
24 16
24 27
24 30
24 31
24 34
24 56
24 59
24 60
25 5
25 6
25 45
25 63
26 9
26 15
26 24
26 59
27 2
27 5
27 6
27 13
27 19
27 25
27 36
27 45
27 46
27 51
27 58
28 12
28 22
28 40
29 1
29 6
29 9
29 38
29 40
29 62
29 64
30 24
30 29
30 33
30 43
30 47
30 60
31 2
31 3
31 11
31 33
31 53
31 55
32 9
32 22
32 25
32 31
32 34
32 62
33 4
33 14
33 15
33 36
33 38
33 40
33 55
34 8
34 9
34 17
34 26
34 28
34 36
34 46
34 49
34 61
34 62
35 11
35 57
35 58
35 62
36 7
36 14
36 16
36 37
36 52
36 55
37 3
37 9
37 19
37 27
37 29
37 38
37 58
38 4
38 9
38 24
38 32
38 47
38 49
38 54
38 64
39 3
39 9
39 20
39 28
39 50
40 10
40 11
40 13
40 20
40 23
40 31
40 34
40 42
40 45
40 48
40 58
40 60
40 62
41 13
41 21
41 31
41 32
41 35
41 43
41 56
42 12
42 38
42 45
43 29
43 33
43 60
44 3
44 17
44 28
44 37
44 41
44 45
44 57
44 59
44 63
45 5
45 10
45 14
45 24
45 34
45 46
45 52
45 59
46 2
46 3
46 29
46 59
46 66
47 4
47 34
47 41
47 52
47 66
48 2
48 13
48 19
48 50
48 52
48 54
48 62
49 11
49 12
49 29
49 43
49 58
50 4
50 14
50 26
50 28
50 30
50 39
50 56
51 1
51 19
51 30
51 33
51 35
51 42
51 43
52 29
52 58
53 7
53 16
53 22
53 27
53 32
53 48
54 2
54 3
54 6
54 15
54 22
54 25
54 26
54 27
54 39
54 40
54 47
54 56
54 61
55 13
55 26
55 44
55 51
56 1
56 9
56 12
56 36
56 39
56 49
56 55
56 61
57 1
57 12
57 17
57 33
57 50
58 4
58 22
58 30
58 37
58 46
58 49
58 50
59 13
59 23
59 25
59 29
59 42
59 43
59 61
59 65
60 3
60 4
60 11
60 14
60 21
60 27
60 41
60 43
60 53
60 62
61 7
61 25
61 32
61 44
61 46
61 59
62 9
62 16
62 28
62 46
62 50
62 53
62 58
62 61
62 66
63 21
63 22
63 41
63 47
63 49
63 58
64 1
64 7
64 10
64 56
64 59
65 7
65 8
65 23
65 32
65 33
65 34
65 38
65 54
65 56
66 4
66 6
66 15
66 20
66 33
66 48
66 59
66 65
Loss 0 0 0 0 0 0 0 0 0 0 0 0 82 0 37 0 0 0 0 0 0 93 0 0 0 0 84 0 0 0 0 0 0 0 0 0 0 88 0 0 0 0 0 0 0 0 0 0 0 0 0 0 0 0 0 0 0 0 0 21 0 68 0 0 0 0 
