47 <--# of nodes, 224 edges
1 8
1 34
1 41
1 45
2 4
2 11
2 15
2 35
2 47
3 15
3 24
3 25
3 26
4 1
4 5
4 22
4 29
4 34
4 36
4 39
4 41
4 45
5 8
5 10
5 11
5 12
5 40
6 8
6 16
6 19
6 33
6 47
7 14
7 25
7 28
7 31
7 41
8 4
8 17
8 30
8 36
8 45
9 32
9 42
9 46
10 4
10 20
10 21
10 23
10 37
11 3
11 6
11 13
11 18
11 26
11 29
11 34
11 35
11 38
11 40
12 15
12 18
12 31
12 36
12 37
12 38
13 6
13 7
13 8
13 9
13 12
13 42
14 3
14 31
14 35
14 47
15 12
15 16
15 17
15 42
16 10
16 32
16 36
17 19
17 26
17 31
17 37
18 7
18 22
18 25
18 27
18 37
18 47
19 30
19 31
19 33
19 37
19 46
20 1
20 15
20 33
21 1
21 2
21 5
22 9
22 19
22 31
23 1
23 15
23 16
23 27
23 32
23 40
24 6
24 22
24 26
24 34
24 35
24 47
25 31
25 47
26 3
26 23
26 25
26 40
27 28
27 32
27 33
27 36
27 43
27 44
28 6
28 30
28 37
28 38
29 18
29 28
29 43
30 1
30 5
30 7
30 14
30 15
30 22
31 6
31 15
31 16
31 22
31 35
31 36
31 42
32 21
32 25
32 45
33 1
33 7
33 31
33 35
34 3
34 30
34 31
34 38
34 40
35 16
35 29
35 41
36 8
36 19
36 28
36 30
36 40
36 44
37 27
37 29
37 42
37 45
38 10
38 18
38 39
39 4
39 6
39 15
39 19
39 22
39 24
39 28
39 37
39 45
39 46
40 14
40 18
40 33
40 38
40 43
41 12
41 42
41 43
42 1
42 12
42 25
42 43
43 4
43 7
43 16
43 21
43 38
43 47
44 9
44 13
44 31
45 21
45 33
45 38
45 39
46 36
46 37
46 41
47 16
47 19
47 21
47 25
47 30
47 35
47 46
Loss 0 0 0 98 0 0 0 0 62 0 0 67 0 0 0 0 0 5 0 91 0 0 0 6 0 0 0 0 0 47 0 0 52 0 0 0 0 0 0 0 0 0 0 0 0 11 0 
