56 <--# of nodes, 332 edges
1 7
1 16
1 23
1 32
1 35
1 55
2 3
2 32
2 52
3 17
3 18
3 21
3 37
3 48
4 6
4 8
4 10
4 17
4 34
4 35
4 41
4 52
5 1
5 6
5 7
5 17
5 18
5 27
5 38
5 40
6 12
6 14
6 17
6 20
6 22
6 25
6 44
7 3
7 13
7 18
7 24
7 26
7 35
7 38
7 40
8 4
8 14
8 16
8 26
8 37
8 45
8 48
8 50
8 51
9 6
9 10
9 31
9 33
10 27
10 31
10 37
10 39
10 51
10 52
11 7
11 13
11 27
11 39
12 4
12 18
12 29
13 7
13 24
13 40
13 56
14 5
14 11
14 12
14 36
14 38
14 41
14 52
15 21
15 27
15 30
15 47
15 53
16 9
16 23
16 48
17 3
17 7
17 14
17 22
17 27
17 33
18 6
18 7
18 17
18 22
18 32
18 49
18 56
19 2
19 11
19 18
19 22
19 53
20 14
20 21
20 22
20 24
20 48
20 55
21 5
21 28
21 35
21 37
22 24
22 26
22 41
22 44
22 48
23 7
23 13
23 17
23 24
23 30
23 31
23 35
23 47
23 48
23 50
23 55
24 3
24 6
24 13
24 34
24 49
25 6
25 15
25 17
25 18
25 21
25 28
25 29
25 31
25 37
25 39
25 40
25 42
26 10
26 24
26 31
26 41
26 51
26 53
26 55
27 4
27 7
27 9
27 26
27 30
27 32
27 37
27 43
28 9
28 32
28 36
28 52
28 56
29 2
29 38
29 47
30 1
30 4
30 20
30 21
30 32
30 34
31 6
31 11
31 15
31 17
31 40
31 41
31 55
32 6
32 8
32 28
32 36
32 42
32 43
32 44
32 49
32 50
32 53
33 4
33 9
33 25
33 26
33 53
34 10
34 20
34 46
34 49
35 22
35 28
35 50
35 52
36 9
36 11
36 37
36 40
36 50
36 51
37 10
37 15
37 16
37 17
37 22
37 26
37 27
37 39
37 45
38 1
38 6
38 12
38 28
38 36
39 16
39 17
39 18
39 51
39 52
39 54
40 13
40 20
40 21
40 25
40 29
40 39
41 14
41 23
41 48
41 54
42 39
42 51
43 27
43 28
43 35
44 16
44 26
44 30
44 38
45 13
45 14
45 32
45 49
45 55
46 14
46 36
46 38
46 44
46 48
46 49
46 55
46 56
47 4
47 5
47 16
47 23
47 34
47 49
47 52
47 53
48 4
48 26
48 45
48 53
49 3
49 21
49 22
49 23
49 38
49 40
49 46
50 4
50 6
50 12
50 36
50 39
50 40
50 48
50 52
50 53
51 2
51 12
51 17
51 18
51 33
51 37
51 46
52 3
52 10
52 48
52 56
53 1
53 20
53 23
53 30
53 43
53 45
54 7
54 13
54 19
54 37
54 40
54 48
54 52
55 23
55 24
55 27
55 28
55 36
55 40
55 52
56 5
56 25
56 27
56 38
56 46
Loss 0 0 0 0 7 19 0 61 0 0 0 0 0 8 0 0 0 0 6 0 0 0 0 31 0 0 0 0 69 0 0 0 32 37 0 0 0 0 0 94 0 0 0 0 0 0 0 0 0 0 0 0 0 0 0 0 
