62 <--# of nodes, 392 edges
1 8
1 34
1 38
1 47
2 17
2 21
2 22
2 31
2 34
2 45
2 58
3 2
3 5
3 21
3 32
3 38
3 42
3 48
3 56
3 62
4 1
4 20
4 26
4 45
4 48
4 52
4 60
5 4
5 9
5 18
5 24
5 36
5 42
5 43
5 46
5 55
5 58
6 26
6 62
7 13
7 56
7 58
8 7
8 11
8 17
8 31
9 11
9 23
9 48
9 53
9 55
9 61
10 23
10 37
10 44
10 50
10 51
10 53
10 56
11 24
11 32
11 35
11 36
11 40
11 44
11 50
11 57
12 2
12 43
12 56
13 11
13 31
13 36
13 45
13 52
13 55
14 2
14 16
14 30
15 1
15 7
15 12
15 24
15 25
15 38
15 53
15 61
16 21
16 43
16 62
17 9
17 13
17 21
17 31
17 33
17 35
17 45
17 56
17 57
17 61
18 2
18 12
18 29
18 37
18 43
19 13
19 15
19 18
19 23
19 34
19 36
19 40
19 47
19 52
19 58
19 61
20 5
20 41
20 42
21 31
21 32
21 42
21 56
22 5
22 6
22 12
22 16
22 29
22 31
22 33
22 45
23 20
23 35
23 51
24 9
24 10
24 28
24 34
24 44
24 58
25 6
25 11
25 20
25 22
25 24
25 32
25 38
25 50
26 23
26 24
26 37
26 44
26 51
26 62
27 17
27 38
27 40
27 45
28 9
28 13
28 34
28 36
28 37
28 42
28 47
28 54
29 11
29 13
29 30
29 31
30 4
30 5
30 9
30 11
30 14
30 26
30 42
30 52
31 19
31 28
31 37
31 38
31 42
31 55
31 59
32 1
32 3
32 17
32 18
32 26
33 10
33 22
33 23
33 32
33 53
33 56
34 2
34 13
34 15
34 27
34 38
34 55
34 62
35 10
35 11
35 24
35 44
35 55
35 61
36 1
36 3
36 16
36 19
36 31
36 34
36 37
36 42
36 47
36 49
36 56
37 7
37 23
37 43
38 11
38 19
38 31
38 45
38 48
38 51
38 52
38 54
38 57
39 1
39 6
39 24
39 25
39 26
39 28
40 3
40 6
40 11
40 16
40 26
41 12
41 13
41 17
41 21
41 25
41 26
41 33
41 45
41 47
41 59
42 31
42 58
42 62
43 3
43 8
43 19
43 23
43 29
43 40
43 47
43 52
44 5
44 17
44 29
44 38
44 49
44 61
45 10
45 12
45 17
45 42
45 55
45 62
46 16
46 21
46 37
47 3
47 7
47 44
47 46
47 49
48 8
48 18
48 21
48 53
48 56
48 58
48 60
48 62
49 3
49 7
49 9
49 18
49 24
49 32
49 44
49 47
49 52
49 55
49 62
50 5
50 14
50 18
50 25
50 39
50 43
50 62
51 2
51 22
51 38
51 40
51 56
51 58
52 6
52 13
52 22
52 34
52 58
53 4
53 11
53 32
53 43
53 60
54 5
54 7
54 13
54 15
54 19
54 26
54 27
55 11
55 22
55 33
55 40
56 9
56 17
56 18
56 41
56 58
56 59
57 13
57 16
57 23
57 26
57 28
57 29
57 31
57 43
57 45
57 47
57 48
57 60
58 3
58 5
58 20
58 25
58 30
58 31
58 37
58 48
58 51
58 52
59 5
59 8
59 13
59 16
59 45
59 50
60 6
60 44
60 56
61 3
61 13
61 16
61 28
61 29
61 30
61 48
61 51
61 52
62 14
62 23
62 25
62 36
62 43
62 45
62 55
62 56
62 59
Loss 0 8 0 0 60 85 0 0 0 46 0 0 0 0 0 0 0 0 16 0 0 0 0 29 48 0 0 0 0 56 0 0 27 0 71 39 0 0 33 0 0 3 39 0 0 0 12 27 0 0 0 0 0 0 0 0 0 0 0 0 0 0 
