64 <--# of nodes, 374 edges
1 9
1 14
1 19
1 23
1 27
1 30
1 62
2 15
2 43
2 44
2 59
3 12
3 14
3 21
3 22
3 25
3 39
3 42
3 45
3 46
3 61
3 63
4 8
4 29
4 30
4 37
4 47
4 59
4 60
5 2
5 6
5 16
5 20
5 25
5 36
5 40
5 60
6 20
6 24
6 45
6 62
6 63
7 25
7 35
7 43
7 59
8 7
8 14
8 31
9 4
9 22
9 30
9 34
9 44
10 15
10 28
10 47
10 48
11 6
11 8
11 9
11 42
11 46
11 49
12 40
12 51
13 3
13 17
13 37
14 5
14 7
14 26
14 64
15 7
15 11
15 12
15 25
15 52
16 1
16 3
16 7
16 15
16 50
16 54
17 15
17 16
17 20
17 28
17 34
17 39
17 47
17 55
17 59
17 62
18 1
18 4
18 6
18 26
18 40
18 58
18 59
19 23
19 26
19 58
19 60
19 61
20 14
20 39
20 44
20 46
20 56
20 61
21 22
21 46
21 57
21 58
22 6
22 15
22 24
22 54
22 63
23 4
23 11
23 18
23 41
23 58
23 62
24 20
24 31
24 39
24 45
25 4
25 17
25 22
25 38
25 40
25 47
25 53
26 23
26 31
26 37
26 52
26 56
27 33
27 34
27 54
28 4
28 18
28 27
28 43
28 63
29 9
29 31
29 47
29 64
30 4
30 17
30 22
30 26
30 51
30 59
31 1
31 34
31 39
31 43
31 53
31 64
32 25
32 28
32 39
32 41
32 56
33 7
33 16
33 22
33 23
33 37
33 41
33 47
33 51
33 55
34 11
34 14
34 41
34 44
34 53
35 33
36 6
36 11
36 34
36 35
36 50
36 62
37 1
37 16
37 26
37 28
37 30
37 36
37 40
37 60
37 61
37 63
38 10
38 24
38 37
38 54
39 5
39 9
39 22
40 1
40 3
40 6
40 32
40 44
40 45
40 59
41 3
41 20
41 21
41 58
41 62
42 1
42 21
42 24
42 57
42 59
43 1
43 25
43 26
43 29
43 31
43 33
43 37
43 42
43 44
43 48
44 13
44 16
44 18
44 32
45 16
45 30
45 54
45 58
46 11
46 20
46 41
46 54
46 58
46 59
47 2
47 24
47 30
47 35
47 38
47 39
47 41
47 58
48 1
48 19
48 37
48 56
48 63
49 7
49 20
49 22
49 28
49 32
49 35
49 36
49 47
49 50
49 60
50 2
50 13
50 23
50 30
50 41
50 64
51 22
51 52
51 63
52 4
52 13
52 27
52 35
52 44
52 53
52 60
53 4
53 8
53 19
53 21
53 32
53 49
53 56
54 8
54 10
54 16
54 26
55 3
55 14
55 19
55 23
55 25
55 31
55 36
55 37
55 43
55 47
55 50
55 53
55 56
56 1
56 2
56 42
56 46
56 47
56 48
56 53
56 61
57 8
57 16
57 42
57 45
57 51
57 56
58 1
58 18
58 20
58 24
59 5
59 11
59 24
59 29
59 52
59 54
59 56
59 57
59 61
59 62
60 9
60 19
60 23
60 34
60 42
60 43
61 1
61 7
61 10
61 11
61 22
61 44
61 49
61 52
61 58
62 2
62 15
62 31
62 50
62 55
63 18
63 24
63 29
63 32
63 48
63 50
63 64
64 6
64 7
64 31
64 52
64 63
Loss 0 99 0 0 0 0 0 0 0 11 0 47 0 0 0 18 0 0 0 91 0 0 0 0 0 30 0 0 0 0 0 0 0 0 94 0 0 0 0 0 0 8 0 94 18 59 0 0 0 0 0 0 0 0 0 14 0 0 0 0 0 0 0 0 
