57 <--# of nodes, 325 edges
1 5
1 6
1 12
1 21
1 44
1 55
2 18
2 34
2 40
2 50
3 25
3 27
3 51
3 53
3 55
4 2
4 11
4 19
4 41
5 1
5 9
5 12
5 15
5 17
5 36
5 43
5 54
5 55
6 21
6 22
6 25
6 37
6 53
6 57
7 11
7 20
8 5
8 9
8 10
8 16
8 24
8 33
8 44
8 49
8 52
9 12
9 20
9 26
9 28
9 39
9 45
9 51
9 54
9 57
10 2
10 3
10 11
10 21
10 24
10 30
10 33
10 45
10 49
10 51
11 3
11 5
11 6
11 23
11 35
11 48
11 50
11 52
12 6
12 26
12 33
12 43
12 45
13 11
13 20
13 31
13 42
13 51
13 54
14 1
14 6
14 12
14 15
14 16
14 19
14 21
14 25
14 28
14 46
15 7
15 11
15 20
15 21
15 31
15 35
15 37
16 11
16 13
16 20
16 22
16 24
16 28
16 33
16 41
16 43
17 54
18 9
18 16
18 17
18 21
18 28
18 41
18 42
19 5
19 18
19 20
19 25
19 30
19 49
20 13
20 23
20 27
20 28
20 38
20 44
20 56
21 8
21 12
21 13
21 23
21 28
22 3
22 26
22 38
22 47
22 57
23 1
23 9
23 32
23 44
23 51
24 13
24 21
24 29
24 33
24 41
24 44
24 46
25 23
25 27
26 1
26 15
26 18
26 40
26 41
27 15
27 28
27 34
27 44
27 46
27 51
27 54
28 3
28 29
28 39
28 55
29 1
29 4
29 7
29 8
29 13
29 17
29 44
29 49
29 50
29 57
30 27
30 36
31 2
31 14
31 17
31 19
31 21
31 55
32 35
32 43
32 56
33 8
33 9
33 10
33 14
33 16
33 19
33 23
33 50
33 52
33 56
34 1
34 28
34 39
34 40
34 54
34 55
35 1
35 8
35 23
35 31
35 33
35 44
35 46
36 2
36 3
36 6
36 9
36 14
36 25
36 29
37 11
37 13
37 14
37 15
37 22
37 25
37 53
37 54
38 19
38 20
38 22
38 37
38 44
38 55
39 20
40 29
41 3
41 31
41 48
41 55
42 6
42 12
42 16
42 25
42 45
43 2
43 17
43 42
44 14
44 43
44 45
45 14
45 18
45 48
46 21
46 25
46 27
47 4
47 5
47 20
47 33
47 35
47 43
47 44
48 52
48 53
49 13
49 17
49 18
49 22
49 45
49 47
49 48
49 51
49 57
50 1
50 16
50 20
50 22
50 31
50 40
50 49
50 53
51 1
51 7
51 9
51 22
51 29
51 34
51 35
51 48
51 52
52 13
52 56
53 9
53 44
53 46
54 4
54 5
54 7
54 24
54 25
54 32
54 42
54 51
54 55
55 2
55 8
55 10
55 25
55 29
55 34
55 44
55 48
56 16
56 27
56 37
57 4
57 7
57 16
57 23
57 27
57 44
57 55
Loss 0 0 0 0 0 0 0 0 0 0 0 0 0 94 0 0 0 0 0 0 0 95 0 0 0 0 0 0 0 0 96 0 0 0 0 0 0 0 76 0 0 0 0 0 59 0 0 0 0 60 75 0 0 0 0 0 96 
