29 <--# of nodes, 86 edges
1 2
1 8
1 14
1 28
2 11
2 12
3 24
3 25
4 15
4 22
4 23
5 22
6 14
6 19
6 27
6 29
7 20
8 4
8 7
9 1
9 5
9 17
9 22
10 2
10 5
10 15
10 16
11 9
11 12
11 13
11 22
11 27
12 1
12 20
13 3
13 16
13 20
13 23
13 27
14 9
14 11
14 21
14 24
15 3
15 4
15 8
15 12
16 3
16 22
16 27
17 8
17 14
17 18
17 19
17 26
18 4
18 5
18 26
20 9
20 10
20 16
20 24
20 29
21 20
21 27
22 4
22 27
23 1
23 2
23 20
23 27
24 22
25 2
25 11
25 15
25 16
25 18
26 1
26 9
28 5
28 6
28 17
29 9
29 17
29 21
29 27
Loss 0 0 0 0 0 0 0 0 52 0 0 0 0 0 0 0 0 10 0 0 70 51 0 0 0 0 0 0 24 
