68 <--# of nodes, 452 edges
1 5
1 6
1 9
1 14
1 40
1 42
1 52
1 66
2 8
2 11
2 16
2 21
2 26
2 29
2 40
2 55
2 56
2 63
2 68
3 2
3 4
3 21
3 40
4 8
4 25
4 26
4 37
4 40
4 42
4 43
5 11
5 17
5 23
5 36
5 40
5 52
6 1
6 8
6 16
6 17
6 60
6 63
6 66
7 9
7 29
7 30
7 51
7 59
7 62
7 63
7 67
8 5
8 7
8 23
8 59
8 62
9 15
9 18
9 33
9 35
9 44
9 46
9 54
9 61
9 62
10 3
10 44
10 53
10 57
10 58
10 62
11 26
11 44
11 46
11 54
11 55
11 58
12 10
12 16
12 36
12 39
12 65
13 11
13 38
13 51
13 61
13 64
13 65
14 6
14 25
15 11
15 19
15 28
15 36
15 56
15 63
15 68
16 5
16 37
16 42
16 65
17 10
17 19
17 31
17 34
17 39
17 51
18 39
18 51
19 4
19 14
19 23
19 29
19 36
19 43
19 51
19 64
20 2
20 7
20 14
20 22
20 62
21 4
21 8
21 18
21 22
21 26
21 32
21 45
21 49
21 58
21 60
22 23
22 39
22 43
22 44
23 2
23 27
23 28
23 44
23 47
23 59
24 10
24 13
24 18
24 22
24 29
24 32
24 41
24 45
24 57
24 65
24 67
25 9
25 28
25 30
26 7
26 51
26 52
26 55
26 56
27 20
27 53
28 43
28 45
28 51
28 57
28 61
28 63
28 66
28 68
29 1
29 19
29 24
29 27
29 33
29 35
29 47
29 49
29 53
29 59
29 65
30 12
30 24
30 33
30 51
30 61
30 66
31 5
31 20
31 29
31 35
31 37
31 41
31 45
31 47
31 48
32 3
32 28
32 52
32 57
32 61
32 67
33 7
33 8
33 17
33 27
33 28
33 56
33 65
33 66
34 20
34 40
34 44
34 60
34 62
35 1
35 29
35 45
35 51
36 5
36 15
36 23
36 24
36 30
36 43
36 47
36 55
36 63
36 66
37 7
37 16
37 19
37 22
37 24
37 33
37 35
37 47
37 52
37 53
37 54
38 16
38 39
38 41
38 43
38 52
38 59
39 13
39 25
39 33
39 38
39 43
40 6
40 24
40 29
40 45
40 54
40 55
40 62
41 13
41 19
41 20
41 23
41 28
41 29
41 36
41 42
41 61
42 1
42 14
42 25
42 52
42 53
42 55
42 65
42 68
43 4
43 7
43 14
43 34
43 59
43 64
44 12
44 14
44 38
44 45
44 62
44 64
45 5
45 6
45 25
45 28
45 34
45 44
45 49
45 62
45 64
46 1
46 9
46 19
46 21
46 23
46 24
46 29
46 30
46 54
47 5
47 12
47 15
47 20
47 21
47 29
47 39
47 44
47 68
48 10
48 16
48 21
48 30
48 32
48 54
48 55
48 58
49 3
49 26
49 28
49 52
50 12
50 22
50 35
50 39
50 43
51 1
51 39
51 54
51 66
51 67
52 15
52 21
52 28
52 31
52 40
52 54
52 68
53 7
53 12
53 35
53 36
53 41
53 62
54 16
54 29
54 35
54 58
54 59
55 6
55 15
55 25
55 27
55 54
55 59
55 60
55 63
55 66
55 67
56 12
56 19
56 46
56 49
56 62
56 67
57 48
57 62
57 65
58 8
58 61
59 8
59 29
59 36
59 68
60 1
60 13
60 23
60 27
60 34
60 40
60 42
60 68
61 3
61 4
61 16
61 30
61 33
61 42
61 43
61 48
61 50
61 53
62 9
62 15
62 17
62 23
62 28
62 29
62 31
62 39
62 41
62 66
63 8
63 11
63 28
63 32
63 41
63 46
63 49
63 54
63 56
64 4
64 6
64 57
64 60
65 3
65 22
65 26
65 42
65 51
65 62
66 7
66 11
66 12
66 18
66 22
66 24
66 33
66 37
66 45
67 7
67 18
67 22
67 27
67 28
67 38
67 39
67 44
67 46
67 61
67 66
68 9
68 41
68 45
68 64
68 67
Loss 0 0 0 72 0 0 16 0 0 0 0 0 0 0 0 0 0 0 0 0 0 0 0 0 0 5 39 0 0 41 0 0 89 0 0 0 48 0 0 98 0 0 0 20 0 38 0 0 0 43 11 0 0 0 0 0 0 0 0 21 53 8 0 0 0 0 63 61 
