70 <--# of nodes, 490 edges
1 2
1 8
1 9
1 11
1 18
1 25
1 46
1 55
2 7
2 8
2 10
2 14
2 18
2 20
2 23
2 24
3 7
3 8
3 17
3 38
3 47
3 64
3 68
4 2
4 16
4 19
4 49
4 52
5 3
5 6
5 8
5 15
5 27
5 29
5 36
5 45
5 53
6 33
6 45
7 1
7 5
7 19
7 20
7 24
7 29
7 36
7 66
8 3
8 12
8 21
8 26
8 27
8 31
8 47
8 63
9 6
9 8
9 29
9 46
9 57
10 13
10 19
10 36
10 37
10 38
10 44
10 52
10 59
10 68
11 15
11 16
11 20
11 26
11 33
11 41
11 70
12 8
12 17
12 35
13 12
13 17
13 35
13 56
13 62
13 69
14 1
14 13
14 18
14 23
14 26
14 28
14 63
14 67
15 58
16 18
16 21
16 27
16 33
16 34
16 40
16 43
16 45
16 64
17 6
17 8
17 12
17 54
17 68
18 6
18 10
18 22
18 23
18 38
18 41
18 52
19 5
19 6
19 15
19 42
19 44
19 53
19 68
20 37
20 39
20 40
20 44
20 54
20 55
20 56
20 68
21 6
21 14
21 27
21 56
21 63
21 67
22 2
22 31
22 33
22 53
22 59
23 1
23 13
23 20
23 31
23 32
23 42
23 44
23 49
23 50
24 1
24 32
24 40
24 61
24 67
24 70
25 2
25 4
25 6
25 11
25 21
25 22
25 24
25 44
26 25
26 36
26 55
26 64
27 9
27 11
27 14
27 17
27 21
27 23
27 43
27 44
27 45
27 64
28 1
28 6
28 26
28 52
28 54
29 3
29 38
29 41
29 46
29 53
29 55
30 1
30 3
30 14
30 19
30 25
30 35
30 52
30 54
30 62
30 64
31 2
31 13
31 22
31 39
31 40
31 50
31 55
31 56
32 7
32 17
32 18
32 59
33 8
33 9
33 15
33 21
33 28
33 59
34 8
34 21
34 27
34 40
34 62
35 9
35 13
35 18
35 19
35 20
35 53
35 59
35 62
35 67
36 5
36 11
36 14
36 28
36 40
36 66
36 70
37 10
37 22
37 24
37 32
37 43
37 54
37 62
37 64
37 70
38 5
38 8
38 9
38 10
38 11
38 15
38 20
38 48
38 54
38 57
38 61
38 69
39 29
39 36
39 37
39 59
40 8
40 10
40 17
40 28
40 29
40 31
40 36
40 41
40 56
40 59
40 70
41 2
41 6
41 11
41 15
41 31
41 48
41 67
42 6
42 36
42 59
42 65
43 15
43 31
43 32
43 33
43 45
43 56
43 62
43 66
43 67
44 12
44 25
44 36
44 59
44 65
45 1
45 6
45 9
45 11
45 12
45 55
45 61
46 20
46 21
46 63
46 65
47 17
47 23
47 38
47 40
47 42
47 45
47 57
47 65
48 21
48 47
48 52
48 53
48 57
48 62
48 67
49 4
49 14
49 18
49 33
49 64
50 8
50 11
50 25
50 27
50 54
50 68
51 4
51 13
51 31
51 40
51 61
52 9
52 28
52 32
52 38
53 7
53 14
53 15
53 17
53 33
53 45
53 49
53 61
53 63
54 4
54 16
54 33
54 37
54 39
55 7
55 14
55 15
55 16
55 18
55 19
55 20
55 29
55 52
55 59
55 62
55 69
56 5
56 16
56 17
56 20
56 28
56 38
56 58
56 62
56 65
56 67
57 27
57 30
57 33
57 45
57 50
57 53
57 54
58 2
58 9
58 16
58 31
58 51
58 53
58 59
59 5
59 6
59 13
59 16
59 17
59 54
59 57
59 68
60 22
60 54
60 57
60 65
60 68
61 15
61 45
61 49
61 52
61 64
61 68
61 69
62 1
62 20
62 21
62 31
62 36
62 41
63 32
63 33
63 37
63 45
63 48
63 60
64 1
64 9
64 11
64 16
64 26
64 44
64 46
64 51
64 54
64 56
64 63
64 70
65 2
65 4
65 12
65 14
65 20
65 21
65 22
65 27
65 41
65 49
66 17
66 40
66 41
66 53
67 3
67 13
67 17
67 25
67 26
67 30
67 42
67 44
67 45
67 64
67 69
68 17
68 26
68 39
69 14
69 20
69 23
69 26
69 35
69 63
70 3
70 4
70 8
70 17
70 28
70 33
70 34
70 38
70 40
70 48
70 50
70 52
70 53
70 54
70 61
70 64
70 66
Loss 0 0 0 16 0 0 0 6 0 0 0 0 0 0 69 99 0 65 0 0 0 0 0 65 0 40 0 3 0 0 98 0 0 0 0 0 0 0 0 0 0 0 0 0 0 0 97 0 0 0 0 79 0 10 0 0 0 0 0 0 0 60 0 47 0 0 0 0 0 0 
