29 <--# of nodes, 70 edges
1 28
2 13
2 15
3 8
3 9
3 12
3 16
3 24
4 14
5 2
5 10
5 21
5 28
6 20
6 27
7 1
7 5
7 11
7 29
8 7
9 18
9 26
10 6
10 23
10 29
11 1
11 9
12 24
12 25
12 28
13 8
13 12
13 24
14 3
14 8
14 16
15 8
15 26
15 28
16 3
17 12
18 12
18 27
19 4
19 12
19 16
19 21
20 28
21 13
21 22
22 13
22 26
23 17
23 19
23 28
24 1
25 22
25 24
25 26
26 27
27 3
27 13
28 1
28 2
28 7
28 10
28 19
29 2
29 5
29 15
Loss 0 41 17 74 0 50 0 0 81 0 0 49 72 0 0 0 0 0 0 0 0 0 91 0 0 0 0 0 0 
