37 <--# of nodes, 136 edges
1 14
1 17
1 24
1 25
2 5
2 20
2 25
3 19
3 30
3 32
3 36
4 3
4 9
4 16
5 20
5 24
6 10
6 14
6 30
6 34
7 5
7 8
7 10
7 13
7 25
7 32
7 35
8 1
8 12
8 16
9 7
9 20
9 21
9 36
10 12
10 30
10 31
11 17
11 19
12 27
12 37
13 8
13 12
13 15
13 23
13 27
13 36
13 37
14 5
14 8
14 9
14 17
14 18
15 13
15 28
15 32
15 33
15 35
16 4
16 20
16 21
16 23
17 22
17 23
17 31
18 6
18 11
18 12
18 23
18 36
19 20
19 23
19 25
20 11
20 31
20 33
20 35
20 36
21 12
21 33
22 2
22 13
22 21
22 26
23 4
23 14
24 9
24 32
24 36
25 2
25 11
25 20
25 23
25 36
26 4
26 6
26 15
26 32
26 35
27 21
28 19
28 30
28 34
29 7
29 8
29 9
29 12
29 13
29 20
30 7
30 12
31 2
31 11
31 16
31 19
31 21
32 1
32 8
32 13
32 14
32 34
33 1
33 10
33 20
33 28
34 15
34 19
34 21
34 26
34 31
35 17
36 18
36 21
36 24
36 26
37 1
Loss 0 0 0 10 18 0 0 0 29 0 0 68 0 0 0 25 49 39 40 0 0 88 0 0 0 0 0 0 96 0 0 0 0 38 0 0 0 
