48 <--# of nodes, 231 edges
1 3
1 4
1 5
1 6
1 10
1 34
1 41
2 11
2 16
2 24
2 40
2 44
3 31
3 41
3 43
4 8
4 11
4 21
4 23
5 13
5 16
5 26
5 28
5 37
6 4
6 19
6 26
6 41
6 44
6 45
7 16
7 27
7 38
7 43
7 45
8 2
8 46
9 8
9 10
9 11
9 13
9 31
9 38
9 46
10 17
10 18
10 22
10 35
10 42
11 1
11 4
11 23
11 44
11 46
12 5
12 7
12 34
13 4
13 16
13 23
14 2
14 4
14 11
14 24
14 25
14 26
14 36
14 45
14 48
15 1
15 7
15 21
15 36
15 44
16 8
16 20
16 24
16 27
16 32
16 45
16 48
17 16
17 20
17 25
17 33
17 41
18 3
18 7
18 21
18 33
18 38
19 28
19 48
20 15
20 47
21 14
21 16
21 18
21 22
21 31
21 43
22 1
22 8
22 12
22 28
22 31
22 32
22 44
22 46
23 3
23 14
23 15
23 18
23 20
23 30
23 33
24 4
25 11
25 18
25 27
25 36
25 38
25 43
26 1
26 13
26 17
26 37
27 16
27 33
27 39
28 13
28 22
28 26
28 40
29 3
29 12
29 25
29 33
29 42
30 9
30 14
30 15
30 29
30 37
30 39
31 2
31 23
31 26
31 28
31 35
32 18
32 35
32 39
33 5
33 22
33 23
33 27
33 32
33 45
34 10
34 13
34 17
34 21
35 29
35 30
35 31
35 34
35 39
35 41
35 42
36 8
36 9
36 20
36 26
36 30
36 41
36 47
37 1
37 5
37 35
38 7
38 39
39 17
39 31
39 33
39 48
40 12
40 13
40 20
40 21
40 30
40 32
40 33
40 46
41 11
42 1
42 5
42 17
42 34
42 41
43 10
43 15
43 20
43 31
43 37
43 39
43 40
44 14
44 20
44 22
45 5
45 8
45 10
45 11
45 19
45 22
45 32
46 4
46 19
46 27
46 35
46 43
46 48
47 24
47 45
48 3
48 7
48 8
48 15
48 34
48 43
Loss 0 0 0 0 0 0 0 0 0 43 0 0 0 0 96 0 0 0 0 7 0 62 0 0 0 0 95 0 7 0 0 0 8 0 0 14 48 12 0 0 0 0 0 90 0 0 0 0 
