34 <--# of nodes, 112 edges
1 7
1 26
1 34
2 4
2 6
2 7
2 14
2 21
2 24
3 5
3 6
3 11
3 14
3 19
3 30
3 33
4 5
4 29
5 4
5 6
5 15
5 16
5 20
5 22
5 24
5 27
5 29
5 32
6 3
6 8
6 16
6 17
7 25
7 28
8 14
8 15
8 26
9 2
9 5
9 10
9 16
9 32
10 16
10 23
10 25
10 27
10 34
11 20
12 18
12 31
13 9
13 11
13 15
15 8
15 29
16 6
16 25
17 14
17 27
17 30
18 7
18 19
18 22
18 24
18 30
18 33
19 1
21 10
21 20
22 16
22 25
23 7
23 19
23 33
24 4
24 15
24 28
25 2
25 16
25 18
26 7
26 15
26 23
27 6
27 9
27 17
27 18
27 26
27 33
28 14
28 29
29 6
29 14
30 4
30 9
30 15
30 17
30 32
31 1
31 14
31 29
33 4
33 14
33 20
33 31
34 5
34 15
34 19
34 20
34 27
34 31
34 33
Loss 0 0 0 0 0 0 0 0 0 0 68 0 49 0 0 0 0 0 0 0 0 0 0 69 0 0 0 50 0 0 0 0 0 0 
