53 <--# of nodes, 273 edges
1 2
1 14
1 29
1 34
2 5
2 23
2 32
2 33
2 36
2 47
2 48
3 16
3 18
3 19
3 28
3 41
3 43
4 1
4 3
4 5
4 8
4 10
4 15
4 19
4 28
4 51
4 52
5 28
5 35
5 46
6 3
6 7
6 8
6 12
6 13
6 32
7 5
7 26
7 32
7 40
7 41
7 49
8 2
8 3
8 14
8 19
8 22
8 28
8 35
9 12
9 20
9 27
9 33
9 36
9 39
10 4
11 3
11 22
11 23
11 24
11 34
11 37
11 43
12 2
12 4
12 17
12 45
13 18
14 5
14 13
14 45
15 8
15 11
15 35
15 39
15 53
16 37
16 49
17 8
17 10
17 12
17 44
17 50
18 12
18 16
18 20
18 37
18 41
18 51
19 23
19 26
19 40
19 45
19 46
19 48
20 12
20 18
20 23
20 24
20 40
20 49
20 50
21 3
21 11
21 25
21 34
21 40
21 41
21 44
21 48
22 5
22 8
22 25
22 39
22 41
23 11
23 18
23 31
23 41
24 25
24 44
25 4
25 12
25 31
25 49
26 3
26 41
26 43
26 48
26 49
27 1
27 17
27 41
27 48
28 4
28 29
28 34
28 53
29 8
29 31
29 33
30 8
30 11
30 25
30 27
30 38
30 49
30 51
31 1
31 5
31 14
31 15
31 26
31 36
31 43
31 52
32 2
32 4
32 7
32 44
32 51
33 3
33 13
33 22
33 32
33 40
33 50
34 5
34 44
34 53
35 1
35 3
35 27
35 39
36 20
36 32
36 41
36 46
37 8
37 13
37 14
37 18
37 23
37 40
37 52
38 1
38 12
38 14
38 16
38 23
38 24
38 25
38 31
38 49
39 2
39 16
39 24
39 45
39 46
40 8
40 13
40 23
40 34
40 38
41 1
41 36
41 37
41 50
41 51
42 11
42 14
42 25
42 29
42 34
42 45
43 20
43 35
43 45
43 52
44 2
44 4
44 14
44 34
44 35
44 38
45 1
45 2
45 7
45 23
45 28
46 5
46 6
46 11
46 19
46 36
47 5
47 12
47 15
47 17
47 36
48 4
48 17
48 20
48 37
49 5
49 14
49 24
49 47
50 15
50 17
50 27
50 40
50 48
51 17
51 23
51 26
51 29
51 50
51 52
52 2
52 11
52 16
52 17
52 18
52 27
52 33
52 37
52 49
53 2
53 10
53 26
53 27
53 35
Loss 0 0 0 0 0 0 0 42 0 0 0 0 0 14 0 0 23 0 0 0 31 0 0 0 0 91 83 0 0 0 47 76 0 0 97 85 0 0 5 0 28 0 0 98 0 54 0 0 0 85 0 0 0 
