52 <--# of nodes, 265 edges
1 25
1 26
1 36
1 42
1 47
2 9
2 15
2 40
2 41
3 5
3 13
3 19
3 49
4 10
4 11
4 15
4 30
4 44
4 45
5 12
5 15
5 20
5 21
5 25
6 2
6 10
6 13
6 22
6 28
6 37
6 44
7 14
7 27
7 47
7 50
8 1
8 6
8 7
8 15
8 24
8 27
8 42
8 49
9 18
9 24
9 25
9 27
10 26
10 36
10 43
11 16
11 21
11 23
11 27
12 4
12 38
12 45
13 16
13 35
13 52
14 1
14 12
14 16
14 22
14 29
15 6
15 16
15 17
15 50
16 4
16 6
16 7
16 35
16 44
17 12
17 13
17 20
17 29
17 34
17 37
17 43
17 51
18 11
18 16
18 28
18 44
19 6
19 17
19 23
19 37
20 4
20 22
20 26
20 34
21 2
21 4
21 5
21 42
21 45
22 3
22 4
22 18
22 29
22 32
22 35
22 38
22 42
22 46
22 49
23 7
23 16
23 18
23 21
23 22
23 28
23 35
24 16
24 28
24 30
25 7
25 30
25 44
26 4
26 5
26 7
26 10
26 15
26 42
27 1
27 9
27 23
27 45
27 49
28 6
28 22
28 29
28 33
28 41
28 43
29 13
29 43
30 4
30 42
31 1
31 8
31 12
31 24
31 30
31 48
32 15
32 38
32 44
32 45
32 48
33 12
33 14
33 17
33 21
33 42
34 10
34 22
35 26
35 29
35 40
35 41
35 51
36 10
36 16
36 21
36 23
36 32
36 37
36 49
37 1
37 19
37 21
37 23
37 27
37 35
37 39
37 50
38 10
38 29
38 35
38 42
38 45
38 48
39 4
39 19
39 25
39 27
39 43
39 44
39 46
40 7
40 9
40 10
40 29
40 31
40 36
40 39
41 10
41 11
41 14
41 25
41 31
41 32
41 42
41 44
41 47
42 1
42 6
42 8
42 13
42 16
42 17
42 19
42 27
42 52
43 20
43 36
43 39
43 47
43 48
43 50
44 14
44 42
45 10
45 12
45 21
45 30
45 32
45 36
46 15
46 20
46 25
46 30
46 33
46 44
47 5
47 20
47 22
47 38
48 12
48 23
48 34
49 17
49 44
49 48
50 10
50 12
50 15
50 18
50 24
50 44
51 3
51 10
51 13
51 29
52 1
52 23
52 27
52 30
52 40
52 51
Loss 0 0 0 0 57 72 58 0 0 0 0 0 0 0 0 0 0 0 0 0 0 0 0 0 63 0 10 23 29 79 40 0 40 0 0 0 57 0 0 17 0 0 0 0 0 0 0 0 58 0 0 0 
