51 <--# of nodes, 261 edges
1 8
1 10
1 40
1 42
1 45
2 19
2 45
2 46
2 48
3 4
3 14
3 15
3 34
4 3
4 6
4 10
4 11
4 22
4 25
4 36
4 46
5 7
5 11
5 18
5 37
5 39
5 46
6 4
6 49
7 1
7 16
7 27
7 40
7 43
7 49
8 7
8 9
8 11
8 15
8 42
9 7
9 11
9 51
10 28
10 32
11 14
11 18
11 20
11 22
11 25
11 35
11 50
11 51
12 14
12 23
12 46
12 51
13 21
13 29
13 47
14 20
14 21
14 35
14 43
15 2
15 12
15 13
15 21
15 46
15 47
16 10
16 11
16 12
16 23
16 24
16 47
17 1
17 5
17 18
17 29
17 34
17 48
18 1
18 4
18 35
18 50
19 12
19 15
19 24
19 26
20 1
20 29
20 51
21 19
22 1
22 7
22 8
22 17
22 21
22 27
22 29
22 35
22 38
23 6
23 19
23 28
23 36
23 51
24 4
24 5
24 38
24 51
25 11
25 20
25 26
25 29
25 31
25 33
25 38
25 42
25 43
26 17
26 20
26 21
26 25
26 37
26 40
27 20
27 28
27 30
27 33
27 42
27 50
28 10
28 16
28 19
28 20
28 24
28 51
29 2
29 18
29 24
29 33
29 47
30 13
30 22
30 39
30 41
31 7
31 20
31 22
31 34
31 40
31 43
31 45
31 46
32 4
32 17
32 33
32 38
32 41
33 13
33 18
33 30
33 40
33 45
34 6
34 13
34 22
34 29
34 43
34 50
35 10
35 21
35 29
35 39
35 43
35 51
36 8
36 17
36 25
36 34
36 35
37 5
37 20
37 24
37 27
37 38
37 47
38 33
38 37
39 18
39 31
40 4
40 6
40 27
41 4
41 10
41 11
41 24
41 28
41 31
41 39
41 51
42 2
42 8
42 13
42 15
42 16
42 25
42 35
43 1
43 4
43 9
43 25
43 29
43 39
43 51
44 20
44 41
44 43
44 50
45 2
45 4
45 5
45 15
45 20
45 23
45 36
45 44
46 2
46 13
46 40
47 16
47 26
47 28
48 8
48 12
48 19
48 39
48 42
49 4
49 10
49 23
49 26
49 39
49 47
50 14
50 15
50 18
50 33
50 38
50 39
50 41
50 47
51 4
51 9
51 20
51 24
51 31
51 50
Loss 0 0 0 0 0 0 0 0 0 0 0 0 0 0 0 93 0 0 0 0 35 0 0 0 0 67 0 0 0 0 0 0 0 0 0 0 0 0 11 4 0 0 0 0 0 0 0 0 0 0 0 
