59 <--# of nodes, 347 edges
1 48
1 50
2 3
2 39
2 40
3 13
3 14
3 55
3 57
3 59
4 9
4 13
4 25
4 30
4 40
4 43
4 51
4 58
5 8
5 13
5 14
5 23
5 30
5 33
5 36
5 44
6 14
6 15
6 22
6 28
7 6
7 13
7 14
7 16
7 20
7 33
7 41
7 49
7 59
8 3
8 7
8 11
8 12
8 13
8 14
8 30
9 13
9 18
9 21
9 25
9 37
10 20
10 26
10 30
10 31
10 36
10 38
10 46
10 49
11 27
11 30
11 38
11 48
12 3
12 4
12 8
12 19
12 32
12 34
13 17
13 24
13 28
13 31
13 35
13 40
13 41
13 42
13 56
13 59
14 2
14 5
14 17
14 21
14 22
14 28
14 31
15 16
15 21
15 51
15 52
15 57
16 2
16 17
16 21
16 54
17 5
17 7
17 11
17 12
17 27
17 33
17 34
17 41
18 27
18 37
18 39
18 41
18 47
18 51
18 52
18 55
18 57
19 5
19 21
19 37
19 52
20 36
20 48
20 56
21 1
21 3
21 6
21 16
21 27
21 36
21 41
21 57
21 58
22 2
22 13
23 18
23 39
23 52
24 10
24 19
24 21
24 22
24 42
24 46
24 52
25 16
25 18
26 5
26 8
26 9
26 24
26 46
26 50
26 56
27 11
27 17
27 23
28 4
28 16
28 25
28 32
28 39
28 49
28 51
28 54
29 3
29 8
29 16
29 58
30 8
30 23
30 25
30 27
30 40
30 44
30 56
31 18
31 43
32 12
32 21
32 22
32 25
32 29
32 33
32 39
32 53
33 18
33 24
33 30
33 44
33 51
33 58
34 4
34 10
34 39
34 54
35 4
35 23
35 29
35 30
35 45
36 8
36 9
36 11
36 18
36 19
36 32
36 58
37 30
37 57
38 3
38 15
38 30
38 32
38 49
38 56
39 9
39 13
39 26
39 36
39 53
40 27
40 34
40 45
41 12
41 15
41 23
41 34
41 38
41 48
42 10
42 12
42 21
42 26
42 37
42 45
42 49
43 2
43 14
43 16
44 4
44 5
44 12
44 13
44 16
44 20
44 40
44 48
44 51
44 56
44 57
44 58
45 4
45 10
45 39
45 41
46 3
46 12
46 21
46 25
46 43
46 47
46 56
47 10
47 17
47 21
47 22
47 24
47 25
47 27
47 29
47 31
47 49
47 50
47 51
47 54
47 57
48 9
48 11
48 14
48 43
48 51
48 57
48 58
49 8
49 10
49 14
49 22
49 33
50 5
50 9
50 29
50 30
50 43
50 45
50 57
51 28
51 29
51 35
51 37
51 54
52 1
52 10
52 18
52 29
52 36
52 51
53 13
53 14
53 18
53 19
53 23
53 24
53 28
53 34
53 40
53 44
53 48
53 52
54 16
54 31
54 32
54 48
54 53
55 19
55 28
55 29
55 35
55 39
55 43
56 9
56 14
56 28
56 32
57 35
57 36
57 37
58 1
58 11
58 16
58 21
58 23
58 31
58 45
58 50
58 51
59 16
59 21
59 28
59 29
59 54
59 57
Loss 0 0 0 70 0 0 0 0 0 0 0 17 82 0 60 0 75 0 0 69 0 0 0 0 0 0 0 0 80 0 0 0 93 0 0 0 0 0 0 0 0 0 0 0 0 0 50 0 0 65 0 90 0 96 68 22 0 1 77 
