57 <--# of nodes, 317 edges
1 11
1 17
1 28
2 1
2 11
2 35
2 36
3 4
3 16
3 24
3 52
4 27
5 2
5 28
5 32
5 51
5 56
6 7
6 10
6 11
6 17
6 24
6 29
6 41
6 44
6 52
7 3
7 5
7 21
7 22
7 36
7 40
7 45
7 50
7 55
7 57
8 16
8 25
9 3
9 28
9 40
9 46
10 17
10 20
10 38
10 44
10 47
10 57
11 35
11 37
11 51
11 52
12 19
12 26
12 42
13 5
13 28
13 33
13 41
13 44
13 52
13 53
14 3
14 6
14 9
14 30
14 44
14 49
15 7
15 12
15 20
15 22
15 24
15 36
15 44
16 4
16 11
16 34
16 55
17 5
17 7
17 8
17 30
17 31
18 1
18 32
18 39
18 44
18 54
19 5
19 9
19 10
19 22
19 24
19 35
19 51
20 7
20 19
20 23
20 34
20 40
20 43
20 45
20 53
21 2
21 6
21 11
21 32
21 53
22 6
22 10
22 12
22 27
22 28
22 46
22 53
23 4
23 9
23 14
23 53
24 4
24 10
24 11
24 19
24 25
24 31
25 42
25 46
26 3
26 20
26 24
26 48
27 7
27 14
27 23
27 41
27 53
28 12
28 15
28 31
28 44
28 47
28 48
29 2
29 11
29 25
29 37
29 39
29 49
30 10
30 11
30 13
30 22
30 27
30 29
30 38
30 41
30 55
31 9
31 33
31 38
31 42
31 53
32 4
32 10
32 11
32 26
32 27
32 30
32 34
32 47
32 49
32 55
33 7
33 14
33 15
33 20
33 22
33 28
33 54
34 15
34 50
35 9
35 18
35 38
36 39
36 49
36 55
37 7
37 16
37 17
37 30
37 31
37 42
37 52
38 3
38 10
38 15
38 17
38 27
38 44
38 48
38 49
38 51
38 54
39 17
39 43
40 1
40 4
40 9
40 13
40 19
40 20
40 33
40 46
40 54
41 5
41 9
41 13
41 36
41 40
41 46
42 1
42 14
42 28
43 9
43 14
43 46
43 47
44 2
44 26
44 29
44 57
45 11
45 14
45 41
45 48
45 52
46 19
46 25
46 32
46 34
46 35
46 53
47 1
47 22
47 30
47 34
47 38
47 41
47 53
47 57
48 2
48 6
48 32
48 36
48 43
48 51
48 56
49 10
49 18
49 22
49 29
49 32
49 40
49 51
49 54
50 24
50 40
50 51
51 7
51 10
51 11
51 22
51 28
51 31
51 48
52 1
52 5
52 21
52 47
52 48
52 51
53 3
53 23
53 30
53 36
53 40
53 49
54 2
54 5
54 8
54 26
54 30
54 37
54 40
54 43
54 45
54 46
54 50
54 51
55 7
55 11
55 29
55 32
55 35
55 50
56 6
56 8
56 10
56 12
56 14
56 25
56 26
56 36
56 55
57 29
Loss 0 0 0 0 83 82 0 0 0 0 0 96 0 0 0 0 0 0 0 0 0 0 0 0 0 0 0 0 31 0 0 25 0 0 0 0 97 0 0 0 0 0 0 9 0 0 0 0 0 0 91 0 0 0 0 69 0 
