47 <--# of nodes, 201 edges
1 2
1 12
1 23
1 24
1 38
1 39
1 43
2 20
2 23
2 24
2 27
2 32
2 34
2 41
2 47
3 2
3 8
3 22
3 39
3 43
4 2
4 30
4 37
5 7
5 17
5 20
5 23
5 24
5 32
6 22
6 31
6 42
7 10
7 36
7 38
7 40
8 11
8 38
8 40
9 14
9 21
9 24
9 36
9 37
10 24
10 31
10 38
11 33
12 9
12 15
12 18
12 27
12 31
12 37
12 44
13 5
13 30
13 38
14 4
14 46
15 7
15 23
15 28
16 4
16 15
16 17
16 25
16 36
16 37
17 2
17 24
17 28
17 33
17 38
17 46
18 6
18 10
18 13
18 17
18 38
18 40
18 47
19 3
19 9
19 11
19 42
20 13
20 21
20 22
20 28
20 43
21 2
21 5
21 7
21 18
21 22
21 30
21 31
21 35
21 37
22 6
22 10
22 13
22 30
23 2
23 10
23 14
23 24
23 40
24 33
24 35
24 37
25 18
25 23
25 26
25 38
26 3
26 7
26 9
26 28
26 47
27 4
27 13
27 30
27 33
27 34
27 42
28 2
28 11
28 17
28 29
29 4
29 32
31 8
31 20
31 41
32 39
32 41
32 43
33 2
33 40
33 47
34 23
34 33
35 1
35 32
35 37
36 14
36 19
36 21
36 37
36 40
36 47
37 8
37 15
37 39
37 46
38 3
38 22
38 36
38 40
39 4
39 7
39 13
39 17
39 26
39 27
39 35
39 38
40 15
40 41
41 6
41 10
41 38
41 47
42 28
42 30
42 39
43 1
43 34
43 37
44 2
44 18
44 43
45 8
45 32
45 36
46 2
46 6
46 12
46 19
46 25
46 37
46 43
47 11
47 12
47 24
47 29
47 32
47 37
47 42
Loss 0 0 0 0 91 40 0 0 0 0 37 0 0 0 52 0 0 0 0 51 26 10 0 0 0 59 0 0 0 0 0 0 19 0 0 41 0 57 0 0 0 0 0 0 0 0 6 
