54 <--# of nodes, 302 edges
1 21
1 24
1 31
1 33
1 43
1 52
2 4
2 12
2 30
2 32
2 39
2 40
2 46
3 5
3 14
3 24
3 27
3 32
3 42
4 8
4 16
4 22
4 29
4 37
4 42
5 30
5 36
5 49
5 50
5 54
6 9
6 41
6 43
6 50
7 14
7 19
7 30
7 32
8 24
8 26
8 39
8 42
8 53
9 6
9 12
9 19
9 20
9 35
9 42
9 46
9 47
9 50
9 54
10 34
10 44
11 2
11 5
11 6
11 21
11 22
11 29
11 39
11 46
12 4
12 32
12 36
12 49
13 15
13 17
13 23
13 29
13 33
13 34
13 51
14 15
14 25
14 26
14 50
14 51
14 53
15 24
16 11
16 19
16 24
16 48
17 6
17 10
17 23
17 25
17 26
18 28
18 35
18 43
18 44
19 2
19 3
19 12
19 15
19 18
19 26
19 38
20 6
20 11
20 12
20 19
20 31
20 37
20 47
20 50
20 52
21 13
21 18
21 23
21 46
22 4
22 6
22 9
22 13
22 23
22 27
22 31
22 40
22 44
23 1
23 11
23 19
24 3
24 15
24 17
24 23
24 45
25 7
25 15
25 16
25 23
25 29
25 31
26 12
26 25
26 35
26 36
26 39
26 47
26 48
26 49
27 13
27 32
27 37
27 38
27 40
27 45
28 20
28 21
28 23
28 40
28 49
28 53
29 4
29 7
29 20
29 41
29 50
29 51
29 53
30 3
30 24
30 25
30 31
30 37
30 41
31 20
31 36
31 37
31 38
31 45
31 50
31 54
32 2
32 18
32 20
32 22
32 24
33 1
33 11
33 21
33 25
34 9
34 29
34 30
34 35
35 1
35 15
35 18
35 31
35 43
36 4
36 46
36 49
36 50
36 51
37 2
37 13
37 28
37 38
37 41
37 48
37 52
38 17
38 18
38 20
38 21
38 27
38 34
38 51
38 53
39 8
39 19
39 21
39 22
39 28
39 33
39 46
39 48
39 53
40 11
40 15
40 35
40 48
40 52
41 9
41 10
41 13
41 34
41 38
41 42
41 47
42 18
42 19
42 21
42 33
42 41
42 44
42 49
42 50
43 14
43 22
43 30
43 48
44 3
44 7
44 10
44 21
44 22
45 51
46 8
46 11
46 18
46 27
46 28
46 38
46 41
46 42
46 45
47 16
47 23
47 32
47 39
47 41
47 49
48 11
48 15
48 35
48 37
48 39
49 19
49 29
49 45
49 52
50 15
50 18
50 19
50 32
50 33
50 43
51 37
51 39
51 43
51 50
52 13
52 15
52 23
52 27
52 29
53 10
53 12
53 19
53 20
53 30
53 47
53 48
53 49
54 10
Loss 0 0 0 0 0 0 0 0 0 0 0 0 0 0 49 0 0 0 0 90 0 0 95 0 87 0 0 0 0 0 0 0 0 0 5 0 0 0 0 0 0 0 0 0 3 0 10 0 0 0 0 0 81 0 
