30 <--# of nodes, 83 edges
1 2
2 7
2 13
2 30
3 9
3 15
3 22
4 1
4 15
4 16
6 10
6 26
6 30
7 6
7 10
7 16
7 30
8 4
9 11
9 28
10 2
10 23
10 24
10 27
11 4
11 19
11 22
12 5
12 7
12 15
12 24
13 1
13 11
13 20
14 29
15 11
15 13
15 26
15 29
16 4
17 2
17 10
17 14
18 4
18 5
18 21
18 24
19 2
19 4
20 5
21 24
21 26
21 30
22 4
22 5
22 16
22 17
23 1
23 2
23 18
23 20
23 30
24 1
24 5
24 7
24 15
24 16
24 23
25 8
25 29
26 1
26 21
26 25
26 27
26 30
27 6
27 9
28 2
28 7
28 22
28 30
30 3
30 22
Loss 0 0 0 0 0 0 34 0 0 30 0 0 0 57 0 0 0 0 0 0 0 0 0 0 0 0 0 0 0 0 
