57 <--# of nodes, 305 edges
1 13
1 26
1 47
1 54
2 13
2 14
2 16
2 18
2 23
2 24
2 41
2 46
2 50
3 10
3 18
3 28
3 33
3 55
4 21
4 29
4 33
4 36
4 43
4 51
4 56
5 8
5 16
5 22
5 41
5 42
5 46
5 54
6 33
6 39
6 41
6 48
7 1
7 13
7 17
7 32
7 34
7 39
7 46
7 56
8 5
8 24
8 33
8 42
8 46
8 47
8 52
9 10
9 18
9 30
9 32
9 36
9 55
10 24
10 29
10 36
10 45
10 49
11 18
11 22
11 47
11 48
12 1
12 6
12 7
12 17
12 32
12 37
12 41
12 48
12 56
13 21
13 26
13 44
13 56
14 7
14 20
14 27
14 38
14 40
14 43
14 52
15 10
15 14
15 24
15 26
15 42
15 48
15 51
16 10
16 31
16 37
16 47
17 36
17 41
17 45
17 50
17 52
18 14
18 20
18 43
18 54
19 6
19 10
19 12
19 29
19 31
19 46
19 52
19 57
20 18
20 54
21 25
21 39
21 49
21 56
22 14
23 15
23 18
23 31
23 32
23 35
24 12
24 30
24 34
24 37
24 38
24 41
25 6
25 13
25 42
25 48
26 1
26 11
26 16
26 17
26 39
27 5
27 21
27 31
28 1
28 30
28 46
28 47
28 48
29 2
29 21
29 31
29 35
29 36
29 41
29 44
29 46
29 49
30 2
30 19
31 13
31 18
31 20
31 24
31 26
31 48
32 4
32 9
32 33
32 34
32 41
32 46
32 50
32 54
33 1
33 7
33 36
35 36
35 53
36 5
36 8
36 12
36 26
36 34
36 35
36 55
37 16
37 19
37 39
38 12
38 43
38 49
38 53
38 54
38 55
39 17
39 20
39 50
40 13
40 18
40 20
40 28
40 30
40 32
40 54
41 2
41 18
41 31
41 39
41 50
41 51
42 1
42 3
42 5
42 10
42 21
42 24
42 29
42 30
42 47
43 5
43 15
43 35
43 39
43 40
43 50
43 53
44 31
44 33
44 43
44 54
45 5
45 15
45 17
45 22
45 28
45 39
45 43
45 48
45 56
46 5
46 9
46 11
47 3
47 6
47 17
47 23
47 39
47 42
47 50
47 51
48 22
48 30
48 36
48 57
49 7
49 19
49 25
49 30
49 40
50 8
50 15
50 20
50 29
50 41
50 49
51 16
51 21
51 25
51 55
52 9
52 15
52 30
52 46
52 53
53 7
53 22
53 45
54 1
54 5
54 9
54 14
54 25
54 33
55 3
55 28
55 35
55 38
55 41
55 42
56 10
56 14
56 25
56 31
56 41
56 43
56 47
56 53
56 55
57 1
57 11
57 21
57 26
57 35
57 44
Loss 0 0 0 52 0 0 0 35 0 0 0 0 0 0 0 22 0 0 0 0 0 0 0 0 0 0 0 0 0 0 0 0 0 0 0 0 0 34 0 0 0 0 69 0 0 0 0 0 0 75 0 0 0 0 0 0 0 
