43 <--# of nodes, 202 edges
1 15
1 25
2 9
2 17
2 25
2 32
2 35
3 4
3 27
3 28
3 37
4 10
4 15
4 19
4 21
5 32
5 35
6 5
6 9
7 8
7 12
7 15
7 20
7 31
7 35
7 39
8 12
8 18
8 21
8 22
8 23
8 31
8 32
8 41
9 18
9 19
9 21
9 32
9 34
10 7
10 9
10 17
10 20
10 29
10 30
10 33
11 2
11 12
11 17
11 34
11 37
11 41
12 17
12 18
12 21
12 27
12 31
13 2
13 37
14 12
14 19
14 30
15 2
15 19
15 43
16 8
16 23
16 28
16 33
16 35
17 1
17 27
17 29
17 35
17 37
17 42
18 10
18 20
18 26
18 29
18 33
19 1
19 16
19 25
19 32
20 15
20 28
20 29
21 1
21 11
21 19
21 22
21 23
21 31
21 38
22 11
22 43
23 12
23 13
23 18
23 40
24 8
24 14
24 21
24 23
24 31
24 42
25 5
25 18
25 20
25 21
25 43
26 23
26 27
26 42
27 7
27 12
27 20
27 25
27 28
27 38
28 4
28 9
29 5
29 11
29 34
29 40
29 42
30 2
30 8
30 18
30 27
30 28
30 36
30 38
30 43
31 7
31 9
31 19
31 22
31 33
31 42
32 2
32 12
32 13
32 42
33 8
33 24
33 26
33 27
33 32
33 34
34 2
34 8
34 16
34 18
34 23
34 29
34 41
35 28
36 4
36 15
36 20
36 26
36 29
36 37
37 5
37 33
37 34
37 41
38 1
38 15
38 17
38 20
38 28
38 36
39 2
39 4
39 13
40 10
40 16
40 23
40 29
40 38
41 1
41 35
42 1
42 9
42 19
42 20
42 24
42 27
42 31
42 36
43 4
43 8
43 12
43 17
43 29
43 34
43 37
43 38
Loss 0 0 43 0 0 89 0 0 31 0 0 0 0 0 30 0 0 0 0 0 0 0 0 0 0 36 0 0 0 0 0 0 0 38 0 0 0 0 0 0 0 0 0 
