66 <--# of nodes, 416 edges
1 24
1 35
1 37
1 48
1 53
1 61
1 66
2 5
2 18
2 22
2 30
2 34
2 48
3 11
3 13
3 14
3 20
3 21
3 37
3 53
4 16
4 22
4 23
4 27
4 36
4 40
4 44
4 55
4 60
5 33
5 37
5 38
5 41
6 3
6 10
6 16
6 28
6 34
6 38
6 55
6 64
7 29
7 31
7 40
7 51
7 59
7 60
7 61
7 63
8 18
8 38
8 39
8 52
8 54
8 64
9 19
9 28
9 29
9 34
9 44
9 46
9 47
9 62
10 18
10 23
10 37
10 45
10 46
10 60
11 4
11 5
11 29
11 33
11 40
11 52
11 56
12 3
12 6
12 19
12 20
12 52
12 63
13 12
13 40
13 44
13 47
13 48
14 1
14 2
14 3
14 37
14 43
14 50
15 11
15 25
15 40
15 44
15 66
16 15
16 33
16 47
17 10
17 18
17 21
17 24
17 28
17 42
17 47
17 57
17 58
17 63
18 12
18 13
18 20
18 24
18 59
19 17
19 36
19 47
19 61
20 5
20 36
20 37
20 52
20 65
20 66
21 10
21 13
21 14
21 17
21 27
21 43
21 52
21 53
22 6
22 21
22 30
22 36
22 55
22 61
23 2
23 5
23 21
23 29
23 33
23 51
23 58
23 59
24 2
24 36
24 50
25 10
25 12
25 23
25 43
25 63
26 29
26 35
26 42
26 53
27 9
27 12
27 29
27 35
27 45
27 59
27 66
28 24
28 30
28 39
28 64
29 3
29 4
29 6
29 52
30 18
30 38
30 45
30 56
31 15
31 23
31 46
31 47
31 64
32 9
32 10
32 19
32 27
32 28
32 34
33 5
33 10
33 15
33 28
33 38
33 52
33 59
33 60
34 4
34 10
34 14
34 39
34 55
35 2
35 11
35 23
35 34
35 41
35 43
35 45
35 48
35 51
36 2
36 8
36 34
36 53
36 63
37 1
37 14
37 24
37 35
38 7
38 8
38 10
38 15
38 16
38 21
38 30
38 35
38 46
38 48
39 24
39 35
39 41
39 44
39 51
39 59
39 61
40 30
40 31
40 34
40 45
40 53
41 9
41 45
41 47
41 49
41 51
42 20
42 30
42 50
42 60
43 1
43 12
43 15
43 17
43 22
43 23
43 34
43 36
44 9
44 10
44 27
44 29
44 31
44 66
45 19
45 20
45 62
46 8
46 9
46 10
46 12
46 25
46 29
46 37
46 42
46 44
47 5
47 9
47 18
47 36
47 41
47 51
47 55
47 59
48 3
48 8
48 13
48 31
48 42
48 50
48 52
48 61
49 4
49 11
49 15
49 16
49 20
49 34
49 38
49 56
50 10
50 21
50 28
50 37
50 39
50 53
51 9
51 13
51 14
51 16
51 20
51 41
52 19
52 34
52 40
52 47
52 60
52 65
53 26
53 32
53 39
53 42
53 50
54 1
54 5
54 11
54 20
54 22
54 38
54 39
54 40
54 47
54 56
54 59
55 14
55 17
55 26
55 57
56 6
56 8
56 10
56 14
56 15
56 26
56 31
56 55
56 58
56 66
57 2
57 30
57 32
57 43
57 56
57 64
58 2
58 16
58 23
58 24
58 36
58 38
58 61
59 1
59 6
59 22
59 37
59 48
59 57
60 21
60 27
60 38
61 30
61 39
61 42
61 45
62 14
62 16
62 18
62 19
62 20
62 30
62 31
62 33
62 40
62 41
62 50
62 51
62 55
62 60
63 15
63 16
63 38
63 45
64 11
64 15
64 17
64 19
64 20
64 41
64 55
65 3
65 6
65 12
65 14
65 24
65 36
65 53
65 62
66 4
66 7
66 15
66 23
66 36
66 53
66 58
Loss 0 78 85 0 0 0 0 0 0 0 0 0 0 0 52 0 0 0 0 0 0 0 0 0 0 61 0 0 0 0 49 0 0 0 0 0 0 93 0 0 32 0 0 0 72 0 7 0 0 10 0 0 0 0 0 0 0 0 32 39 0 0 65 24 0 0 
