28 <--# of nodes, 71 edges
1 6
1 7
1 13
1 15
1 16
1 23
2 1
2 7
2 13
2 23
3 19
3 24
5 3
5 11
5 14
5 20
5 27
6 12
6 23
7 2
7 18
8 23
9 5
9 27
10 20
10 26
10 27
11 9
11 21
12 2
12 4
12 6
12 14
13 2
13 5
13 12
13 25
14 17
14 28
15 3
15 20
15 26
16 9
16 12
16 15
16 28
18 17
19 8
19 24
21 4
21 6
22 9
22 16
22 20
23 8
23 9
23 19
24 28
25 6
25 9
25 13
26 4
26 15
26 18
27 15
27 18
27 28
28 4
28 19
28 21
28 26
Loss 0 0 18 0 0 0 0 28 0 82 0 0 0 0 0 0 0 98 0 0 0 0 0 70 0 0 0 0 
