65 <--# of nodes, 426 edges
1 10
1 31
1 33
1 38
1 45
1 46
1 48
2 5
2 8
2 20
2 29
2 46
2 62
3 12
3 34
3 36
3 41
3 58
3 62
4 8
4 12
4 13
4 18
4 30
4 37
4 45
4 47
4 61
5 29
5 30
5 42
5 51
6 7
6 10
6 13
6 16
6 19
6 32
6 60
7 10
7 33
7 36
7 38
7 41
7 45
8 1
8 3
8 21
8 22
8 23
8 29
8 31
8 59
8 65
9 8
9 12
9 14
9 18
9 32
9 39
9 50
9 53
9 54
9 59
10 15
10 42
10 52
11 13
11 14
11 17
11 64
12 9
12 20
12 46
12 51
13 6
13 12
13 18
13 21
13 33
13 40
13 63
14 7
14 12
14 17
14 24
14 26
14 31
14 39
14 50
14 54
14 55
15 9
15 11
15 13
15 19
15 27
15 28
15 30
15 33
15 41
15 63
15 65
16 3
16 5
16 6
16 41
16 47
16 49
17 32
17 44
17 54
17 60
17 61
18 25
18 40
18 46
18 50
18 57
19 25
19 41
19 65
20 2
20 3
20 4
20 44
20 45
20 48
20 52
20 59
20 64
21 18
21 26
21 29
21 30
21 40
21 51
21 61
21 64
22 4
22 15
22 32
22 48
22 56
23 2
23 4
23 10
23 20
23 31
23 32
23 38
23 47
23 56
23 58
23 62
24 38
24 42
24 53
24 58
25 10
25 15
25 17
25 19
25 29
25 37
25 40
25 51
26 15
26 25
26 38
26 48
26 50
27 3
27 16
27 19
27 31
27 36
27 42
27 43
27 47
27 57
28 3
29 4
29 12
29 16
29 28
29 47
29 58
29 61
29 63
29 65
30 1
30 6
30 10
30 25
30 27
30 49
30 60
30 61
31 2
31 4
31 23
32 5
32 15
32 48
32 52
32 60
33 23
33 34
33 37
33 42
33 58
33 63
34 8
34 38
34 44
34 45
34 47
35 16
35 59
35 60
35 65
36 4
36 9
36 28
36 53
37 7
37 13
37 22
37 24
37 29
37 34
37 36
37 40
37 43
37 48
37 63
38 1
38 4
38 15
38 27
38 36
39 11
39 29
39 40
39 47
39 63
40 29
40 35
40 39
40 51
40 55
41 4
41 6
41 7
41 13
41 22
41 35
41 40
41 45
41 46
41 56
42 2
42 6
42 26
42 33
42 35
42 45
42 58
42 65
43 14
43 45
43 57
44 17
44 31
44 36
44 61
45 6
45 15
45 41
46 2
46 28
46 40
46 62
46 64
47 8
47 9
47 13
47 29
47 39
47 51
47 53
47 62
47 65
48 1
48 2
48 13
48 25
48 37
48 45
48 46
48 47
48 50
48 53
48 58
49 9
49 13
49 22
49 24
49 25
49 30
49 38
49 44
49 45
50 7
50 11
50 12
50 22
50 30
50 35
50 51
51 4
51 6
51 23
51 39
51 42
51 55
51 60
51 61
52 8
52 15
52 22
52 34
52 39
52 54
52 58
52 61
52 64
53 6
53 28
53 39
53 46
53 51
53 54
54 2
54 4
54 5
54 10
54 11
54 14
54 16
54 24
54 30
54 35
54 45
54 51
55 17
55 21
55 22
55 24
55 46
55 62
56 15
56 43
56 44
56 52
56 57
56 64
57 24
57 27
57 36
57 46
57 56
57 61
58 14
58 19
58 23
58 33
58 38
58 55
59 1
59 15
59 27
59 54
60 10
60 22
60 25
60 37
60 42
60 55
61 1
61 2
61 8
61 10
61 11
61 15
61 37
61 39
61 41
61 44
61 49
61 53
61 57
62 5
62 6
62 22
62 24
62 25
62 46
62 47
63 22
63 24
63 33
63 46
63 61
64 2
64 8
64 17
64 18
64 19
64 30
64 47
65 7
65 10
65 14
65 39
Loss 0 0 47 0 0 0 0 0 0 0 0 14 0 0 0 0 0 86 0 0 0 0 4 50 0 60 0 0 0 0 0 0 0 0 0 0 0 24 0 0 17 0 0 0 0 67 0 0 0 0 0 0 0 0 0 0 0 0 0 0 0 0 0 0 0 
