57 <--# of nodes, 345 edges
1 25
1 42
1 45
1 50
2 17
2 30
2 44
3 10
3 18
3 31
3 35
3 36
3 40
3 42
3 44
3 57
4 1
4 3
4 14
4 24
4 31
4 40
4 42
4 46
4 53
5 2
5 29
5 38
5 55
6 16
6 21
6 31
6 54
6 55
7 11
7 22
7 27
7 28
7 33
7 39
7 44
7 57
8 6
8 27
8 30
8 36
8 40
9 4
9 13
9 43
9 45
9 50
9 55
10 33
10 44
10 49
11 5
11 31
11 34
12 25
12 33
12 46
13 8
13 15
13 16
13 19
13 20
13 33
13 36
13 48
13 49
14 7
14 15
14 34
14 45
14 52
15 20
15 23
15 26
15 34
15 36
15 37
15 50
15 54
16 8
16 13
16 15
16 29
16 33
16 38
16 55
17 6
17 13
17 22
17 24
17 37
17 42
17 55
18 14
18 30
18 31
18 37
18 39
18 49
18 57
19 10
19 20
19 31
19 32
19 37
19 38
19 45
19 55
19 56
20 1
20 3
20 4
20 9
20 19
20 23
20 29
20 33
20 37
20 38
20 39
20 44
20 50
20 56
21 2
21 11
21 14
21 27
21 43
21 49
21 50
21 55
22 3
22 11
22 13
22 18
22 34
22 41
23 4
23 5
23 8
23 16
24 2
24 4
24 7
24 18
24 20
24 29
24 39
24 40
24 43
24 49
24 52
25 3
25 5
25 9
25 10
25 13
25 19
25 32
25 37
25 55
25 56
26 9
26 11
26 21
26 41
26 45
26 48
26 50
26 53
27 36
28 25
28 26
28 29
28 42
28 47
29 32
29 35
29 43
29 47
30 3
30 6
30 33
30 41
30 49
30 53
31 4
31 8
31 17
31 19
31 24
31 36
31 43
31 56
31 57
32 13
32 29
32 30
32 40
32 47
33 5
33 7
33 9
33 38
33 47
33 51
33 55
33 56
34 6
34 35
34 37
34 49
35 7
35 57
36 12
36 20
36 34
37 10
37 11
37 12
37 15
37 30
37 32
37 41
37 47
37 48
38 5
38 33
38 35
38 48
39 11
39 23
39 40
39 52
40 8
40 29
40 35
40 42
41 8
41 17
41 18
41 22
41 27
41 33
41 51
42 4
42 19
42 36
42 47
42 51
42 56
43 7
43 14
43 18
43 26
43 27
43 31
43 38
43 50
43 53
44 45
44 53
45 3
45 16
45 42
45 46
46 5
46 14
46 15
46 23
46 30
46 43
46 45
47 1
47 8
47 10
47 17
47 18
47 22
47 23
47 29
47 32
47 43
47 57
48 7
48 12
48 43
48 45
48 49
48 50
48 56
49 12
49 22
49 26
49 50
49 52
49 53
50 15
50 21
50 31
50 32
50 34
50 35
50 39
50 44
50 52
51 9
51 22
51 29
51 30
51 33
51 44
52 9
52 10
52 12
52 32
52 40
52 45
53 5
53 10
53 12
53 18
53 21
53 39
53 47
53 50
53 56
54 36
55 10
55 16
55 22
55 26
55 32
55 38
56 18
56 29
56 31
56 38
57 18
57 35
Loss 0 0 0 0 0 0 0 0 0 85 0 0 0 38 0 0 0 0 0 67 0 0 98 0 0 0 0 0 0 0 0 18 0 0 0 0 0 0 0 55 0 0 0 0 0 0 0 75 0 0 45 0 0 0 85 0 0 
