48 <--# of nodes, 244 edges
1 8
1 12
1 18
1 25
1 31
2 13
2 21
2 26
2 30
2 41
2 45
3 19
3 41
3 43
4 2
4 6
4 8
4 23
5 3
5 6
5 9
5 14
5 26
5 28
5 29
5 41
5 47
6 4
6 8
6 13
6 17
6 24
6 29
6 44
6 47
7 1
7 2
7 3
7 4
7 25
7 32
7 37
7 45
8 42
8 46
9 10
9 14
9 18
9 25
9 35
9 40
10 2
10 6
10 11
10 23
10 33
10 38
10 41
11 27
11 30
11 37
11 38
12 23
13 14
13 15
13 16
13 28
13 43
14 10
14 21
14 32
15 1
15 7
15 8
15 18
15 20
15 25
15 26
15 39
15 42
16 30
16 36
17 18
17 22
17 23
17 24
17 44
18 5
18 12
18 19
18 34
18 42
18 43
19 11
20 16
20 23
20 45
21 3
21 12
21 25
21 30
21 32
21 39
21 43
21 44
21 45
22 3
22 44
23 3
23 5
23 12
23 19
23 27
23 38
23 42
23 45
23 48
24 14
24 32
24 33
24 35
24 39
24 44
25 18
25 24
25 40
26 6
26 13
26 36
26 45
27 19
27 32
27 47
28 8
28 15
28 22
28 24
28 34
28 36
28 37
28 40
28 41
30 1
30 17
30 18
30 38
31 3
31 13
31 17
32 18
32 36
32 43
33 2
33 8
33 11
33 15
33 17
33 18
33 26
33 36
33 48
34 16
34 29
34 33
34 35
35 12
35 24
35 25
35 29
36 1
36 7
36 11
36 17
36 22
36 30
36 31
36 35
36 40
36 48
37 4
37 21
37 31
37 32
37 34
37 40
38 3
38 7
38 8
38 13
38 17
38 30
38 37
38 46
39 15
39 16
39 30
39 42
40 9
40 11
40 14
40 20
40 21
40 48
41 6
41 24
41 28
42 13
42 20
42 38
42 39
43 5
43 42
44 11
44 12
44 24
44 25
44 33
44 36
44 41
45 2
45 13
45 29
45 32
45 42
45 44
46 1
46 8
46 11
46 16
46 26
46 30
46 32
46 44
47 5
47 19
47 25
47 29
47 33
47 46
48 17
48 22
48 27
48 30
48 46
Loss 0 0 62 0 0 0 46 0 0 0 0 0 0 58 0 0 0 0 0 0 0 0 53 0 0 0 0 0 0 0 0 0 71 0 0 0 45 0 0 0 0 0 0 0 0 0 0 0 
