45 <--# of nodes, 175 edges
1 5
1 18
2 6
2 19
2 20
2 28
2 31
2 37
2 42
3 14
3 15
3 26
3 29
4 2
4 11
4 12
4 14
4 25
4 32
4 36
4 37
5 1
5 7
6 14
6 19
6 31
6 41
6 44
7 13
7 25
7 26
7 43
8 28
8 44
9 16
10 16
10 31
10 37
10 43
10 44
11 1
11 8
12 9
12 23
12 24
12 28
12 36
12 38
13 21
13 26
14 23
14 25
14 30
14 40
15 1
15 8
16 1
16 5
16 34
17 14
17 15
17 29
18 15
18 28
19 8
19 9
19 13
19 14
19 20
19 40
20 17
20 29
20 35
20 42
21 2
21 27
21 28
23 16
23 17
23 30
23 37
23 38
24 12
25 3
25 29
25 30
26 6
26 13
27 30
28 12
28 15
28 19
28 30
28 34
28 38
28 39
28 43
29 2
29 16
29 27
29 28
29 33
29 38
29 42
30 3
30 7
30 41
30 42
30 44
31 23
31 24
31 30
32 7
32 11
32 23
32 26
32 28
32 39
33 37
33 45
34 5
34 21
34 30
34 43
35 5
35 10
35 15
35 24
35 32
36 1
36 2
36 30
36 31
36 44
37 1
37 3
37 7
37 30
37 34
38 1
38 20
38 27
38 44
39 9
39 14
39 22
39 36
39 41
40 17
40 21
40 26
40 30
40 35
41 10
41 16
41 19
41 25
41 33
42 5
42 35
42 39
43 2
43 9
43 15
43 21
43 25
43 28
43 35
44 2
44 8
44 18
44 32
45 18
45 30
45 37
Loss 0 0 0 38 56 20 0 0 0 0 0 0 0 0 0 0 46 0 0 0 0 0 0 0 0 0 0 0 0 0 0 0 0 0 0 0 0 0 0 0 60 0 79 0 0 
