44 <--# of nodes, 191 edges
1 10
1 21
1 22
2 3
2 13
2 20
2 29
2 35
2 36
3 4
3 5
3 22
3 23
3 31
3 33
3 36
4 14
4 18
5 8
5 12
5 13
5 34
5 39
6 4
6 24
7 3
7 13
7 16
8 29
8 40
9 6
9 13
9 24
9 32
9 34
9 41
10 23
10 29
11 3
11 4
11 12
11 14
11 17
11 22
11 29
11 34
11 42
12 1
12 4
12 6
12 15
12 25
12 31
13 12
13 20
13 22
13 23
13 27
14 1
14 20
14 22
14 34
14 35
14 39
14 40
15 6
15 9
15 33
16 1
16 6
16 11
16 15
16 22
16 37
17 2
17 9
17 11
17 29
17 31
17 44
18 3
18 15
18 29
19 9
19 15
19 27
20 6
20 12
20 18
20 23
20 38
20 41
21 10
21 30
21 31
21 38
21 42
22 35
22 36
22 37
22 40
23 14
23 20
23 22
23 36
23 44
24 1
24 3
25 2
25 11
25 33
25 39
25 41
25 42
26 27
26 28
27 5
27 6
27 8
27 31
27 33
27 36
27 37
27 41
28 4
28 25
28 31
29 28
29 38
30 1
30 7
30 8
30 18
30 28
30 43
31 2
31 13
31 15
31 20
31 24
31 30
31 40
32 9
32 16
33 5
33 6
33 8
33 9
33 10
34 14
34 17
34 31
34 39
35 16
35 17
35 22
35 30
35 38
35 42
36 38
36 41
37 3
37 22
37 41
37 43
38 32
38 43
39 4
39 19
39 23
39 35
40 4
40 15
40 17
40 27
40 30
40 43
40 44
41 1
41 2
41 16
42 1
42 12
42 16
42 22
42 37
43 29
43 31
43 36
43 37
44 23
Loss 0 0 0 60 0 0 0 0 0 0 0 0 81 0 53 0 0 0 0 0 0 0 68 0 0 0 0 0 0 0 0 0 0 82 0 0 82 0 0 40 0 0 0 60 
