45 <--# of nodes, 192 edges
1 25
1 26
2 1
2 9
2 17
2 30
2 45
3 8
3 10
3 12
3 22
3 23
3 29
3 32
3 33
3 39
4 40
5 2
5 8
5 10
5 24
5 31
5 40
6 4
6 11
6 18
6 34
6 35
6 40
6 44
7 2
7 44
8 22
8 25
8 30
8 31
8 40
8 42
9 1
9 5
9 22
9 39
9 44
9 45
10 27
10 29
10 31
10 32
10 45
11 1
11 3
11 26
11 37
11 38
11 41
11 45
12 17
12 44
13 1
13 34
14 3
14 13
14 28
15 2
15 7
15 32
16 1
16 2
16 5
16 8
16 37
16 45
17 3
17 6
17 7
17 9
17 10
17 15
17 19
17 26
17 40
17 42
18 1
18 12
18 37
18 39
18 43
19 1
19 25
20 32
20 42
21 13
21 22
21 31
21 33
22 3
22 16
22 17
22 32
23 27
23 28
23 37
24 5
24 14
24 21
24 34
24 44
25 4
25 17
25 21
26 11
26 19
26 22
26 24
26 37
26 41
26 42
26 45
27 8
27 29
27 41
28 12
29 8
29 17
29 34
29 38
29 43
30 10
30 13
30 37
31 6
31 16
31 21
31 28
31 40
31 41
32 8
32 11
32 15
33 6
33 9
33 25
33 34
34 18
34 28
35 1
35 5
35 29
35 33
36 1
36 27
36 30
36 33
37 10
37 16
37 27
37 38
38 14
39 8
39 12
39 41
39 42
40 1
40 2
40 22
40 24
40 26
40 27
40 29
40 31
40 42
41 15
41 22
42 14
42 17
43 3
43 33
43 44
44 1
44 2
44 18
44 33
44 38
44 39
44 43
45 6
45 7
45 10
45 27
45 28
45 40
45 42
Loss 0 0 0 0 71 0 0 0 0 0 0 0 0 0 0 0 0 0 0 0 0 0 0 0 30 0 98 0 0 0 0 0 0 0 0 0 0 0 0 0 0 0 0 71 0 
