70 <--# of nodes, 505 edges
1 5
1 12
1 19
1 26
1 44
1 48
1 58
2 1
2 11
2 19
2 31
2 41
3 2
3 14
3 16
3 24
3 26
3 48
3 49
3 52
3 54
3 66
3 67
4 6
4 39
4 49
4 56
4 60
5 17
5 28
5 31
5 46
6 25
6 31
6 32
6 36
6 64
7 12
7 20
7 23
7 34
7 53
7 54
7 62
7 64
7 70
8 10
8 22
8 28
8 32
8 36
8 39
8 41
8 64
8 68
9 4
9 6
9 19
9 31
9 46
9 50
9 65
9 68
10 31
10 43
10 46
10 57
10 63
11 19
11 26
11 39
11 44
11 52
11 60
11 64
12 2
12 4
12 31
12 44
12 45
12 66
13 26
13 28
13 29
13 30
13 42
13 44
13 59
14 1
14 39
14 55
15 1
15 5
15 8
15 10
15 13
15 14
15 21
15 45
15 57
15 58
16 18
16 29
16 32
16 36
16 52
17 12
17 20
17 22
17 23
17 28
17 58
17 65
17 69
18 7
18 14
18 16
18 27
19 11
19 17
19 34
19 42
19 45
19 49
19 68
20 1
20 2
20 6
20 10
20 11
20 31
20 32
20 33
20 46
20 48
20 50
21 4
21 7
21 19
21 26
21 31
21 48
21 60
21 66
21 69
22 2
22 8
22 20
22 47
22 58
22 69
23 4
23 63
24 18
24 29
24 41
24 45
24 69
25 3
25 9
25 10
25 24
25 32
25 35
25 37
25 55
25 62
25 68
26 18
26 21
26 23
26 24
26 37
26 46
26 52
26 69
27 13
27 14
27 19
27 67
27 70
28 1
28 4
28 13
28 22
28 29
28 39
28 62
29 3
29 9
29 20
29 26
29 55
29 56
30 5
30 8
30 34
30 35
30 45
30 65
30 69
31 13
31 33
31 59
32 3
32 8
32 11
32 16
32 19
32 45
32 47
32 63
33 1
33 2
33 8
33 10
33 15
33 21
33 27
33 28
33 34
33 36
33 37
33 68
34 2
34 9
34 18
34 24
34 47
34 60
34 61
34 68
34 69
34 70
35 14
35 26
35 33
35 46
35 50
35 51
35 52
35 66
36 3
36 12
36 26
36 45
36 53
36 59
36 63
37 5
37 12
37 26
37 32
37 54
37 55
37 59
37 70
38 4
38 23
38 25
38 30
38 41
38 46
38 58
39 16
39 17
39 18
39 19
39 21
39 29
39 31
39 40
39 45
39 48
39 59
39 61
39 63
40 10
40 38
40 52
41 3
41 13
41 18
41 20
41 30
41 40
41 49
41 51
41 55
41 60
41 67
41 69
42 7
42 13
42 14
42 29
42 33
42 34
42 37
42 44
42 45
43 2
43 9
43 31
43 37
44 5
44 8
44 11
44 16
44 18
44 19
44 30
44 35
44 38
44 41
44 57
44 63
45 3
45 13
45 22
45 30
45 31
45 34
45 67
46 4
46 17
46 24
46 25
46 28
46 51
46 52
46 54
47 2
47 4
47 14
47 34
47 57
48 8
48 25
48 29
48 31
48 52
48 68
49 8
49 9
49 10
49 45
49 53
49 57
49 60
50 16
50 24
50 42
50 69
51 7
51 10
51 15
51 21
51 24
51 43
51 46
51 47
51 56
51 59
51 64
51 67
52 22
52 26
52 27
52 28
52 45
52 50
52 54
52 59
53 5
53 6
53 27
53 29
53 35
53 36
54 7
54 17
54 20
54 22
54 24
54 28
54 46
54 58
54 59
55 14
55 33
55 38
55 39
56 4
56 12
56 16
56 18
56 30
56 33
56 36
56 57
57 2
57 4
57 7
57 9
57 20
57 25
57 30
57 40
57 45
57 66
58 10
58 41
58 43
58 44
58 53
58 60
58 63
59 18
59 20
59 28
59 32
59 42
59 48
59 54
59 57
59 58
59 61
59 64
60 2
60 26
60 32
60 54
60 57
61 1
61 46
61 52
61 56
61 57
61 69
62 36
62 37
62 43
62 58
63 12
63 22
63 26
63 29
63 30
63 31
63 47
63 65
64 8
64 10
64 11
64 21
64 28
64 49
64 70
65 11
65 12
65 48
65 59
65 63
65 66
65 67
65 68
65 69
65 70
66 1
66 3
66 17
66 21
66 27
66 46
66 67
66 70
67 5
67 8
67 9
67 14
67 21
67 32
67 39
67 41
67 47
67 48
67 63
68 6
68 8
68 15
68 39
68 46
68 57
68 63
69 5
69 22
69 42
69 48
69 58
70 9
70 47
70 55
70 62
70 66
Loss 0 0 0 0 0 0 0 0 0 0 87 0 0 0 0 0 0 0 0 0 0 0 0 0 0 0 0 0 0 69 0 51 0 0 0 91 0 0 0 0 0 0 60 0 0 0 0 0 0 0 0 85 0 0 0 17 30 0 0 0 3 0 0 96 43 0 0 63 0 0 
