29 <--# of nodes, 91 edges
1 3
1 11
1 19
1 24
2 4
2 22
2 26
3 9
3 15
3 26
4 8
4 12
4 28
5 12
6 21
6 23
6 27
7 8
7 10
7 18
7 28
8 5
8 17
8 25
9 1
9 5
9 8
9 10
10 3
10 20
11 2
11 12
11 23
11 27
12 18
12 23
13 3
13 4
13 26
14 4
14 12
14 21
15 1
15 23
15 24
15 28
16 2
16 14
16 19
17 21
18 4
18 21
18 22
19 2
19 15
20 6
20 19
20 22
20 23
21 17
21 28
21 29
22 8
22 12
22 18
22 19
23 3
23 8
23 25
24 4
24 9
24 17
25 7
25 10
25 13
25 23
25 24
26 8
26 11
26 19
26 25
27 2
27 16
27 18
27 20
28 2
28 6
29 2
29 7
29 16
29 19
Loss 0 0 0 0 0 0 0 95 0 48 0 0 0 0 0 0 0 0 26 0 0 2 0 0 0 0 0 97 0 
