40 <--# of nodes, 139 edges
1 21
1 23
1 33
2 8
2 25
2 26
3 1
4 3
4 9
4 25
4 27
5 2
5 25
5 26
6 1
6 3
6 13
6 25
6 34
7 8
7 20
7 30
7 38
8 24
8 31
9 26
10 3
10 5
10 26
11 28
12 5
12 8
12 31
12 36
13 1
13 25
14 2
14 10
14 21
14 25
14 30
16 34
17 8
17 11
17 29
17 30
17 37
18 14
18 15
18 17
18 31
18 38
19 3
19 23
19 28
19 33
19 37
20 3
20 4
20 16
21 6
21 8
22 13
22 20
22 24
22 35
22 38
23 5
23 11
23 20
23 36
23 40
24 2
24 4
24 9
24 21
25 11
25 20
26 24
26 40
27 8
27 18
27 40
28 6
28 9
28 13
28 23
29 9
29 22
29 24
29 36
30 4
30 11
30 15
30 28
30 33
31 12
31 13
31 39
32 3
32 34
32 36
33 7
33 12
33 14
33 25
33 39
34 11
34 14
34 27
34 37
35 5
35 32
35 34
36 4
36 9
36 18
36 32
36 39
36 40
37 10
37 23
37 29
37 30
38 3
38 5
38 14
38 17
39 1
39 10
39 21
40 2
40 3
40 7
40 15
40 19
40 21
40 25
40 39
Loss 0 0 0 0 0 0 0 0 0 0 0 0 0 0 0 0 0 0 0 0 72 46 0 85 0 0 0 0 75 0 0 0 0 0 0 0 87 0 0 0 
