29 <--# of nodes, 75 edges
1 11
1 21
2 7
2 8
2 17
2 29
3 14
3 18
4 6
4 10
4 14
4 17
4 18
4 21
5 1
6 7
6 8
7 2
7 5
7 9
7 10
8 1
8 12
8 13
8 21
8 24
9 14
9 22
9 25
9 27
10 2
10 7
10 11
11 5
12 4
12 7
13 10
13 16
13 18
14 16
15 6
15 7
15 11
15 28
16 21
17 24
17 27
18 5
18 13
18 21
19 8
19 14
20 2
20 7
22 24
23 2
23 9
23 16
23 29
24 4
25 10
25 24
25 29
26 1
26 5
26 12
27 7
27 12
27 19
28 11
28 17
28 23
28 25
28 27
29 19
Loss 0 0 0 0 0 0 0 0 0 80 0 51 0 0 0 0 0 0 0 0 0 0 0 0 0 99 93 0 0 
