64 <--# of nodes, 385 edges
1 4
1 46
1 52
2 1
2 11
2 14
2 40
2 43
2 53
2 55
2 58
3 1
3 13
3 29
3 34
3 38
3 41
4 17
4 25
4 30
4 35
4 59
5 6
5 13
5 18
5 30
5 36
5 62
6 41
6 48
6 57
7 11
7 20
7 21
7 53
8 9
8 10
8 16
8 29
8 51
9 11
9 16
9 18
9 40
9 51
9 62
10 2
10 12
10 14
10 16
10 19
10 47
10 54
11 1
11 6
11 37
11 39
11 44
11 45
11 57
11 60
11 63
11 64
12 9
12 20
12 34
12 64
13 2
13 11
13 16
13 37
13 44
13 53
14 10
14 16
14 32
14 37
14 40
14 41
14 60
15 6
15 29
15 49
15 64
16 8
16 21
16 23
16 45
16 50
16 51
16 59
17 15
17 58
17 64
18 1
18 4
18 55
18 56
19 1
19 9
19 10
19 25
19 50
19 56
19 61
20 7
20 9
20 14
20 17
20 27
20 39
21 2
21 5
21 11
21 12
21 48
21 53
22 2
22 7
22 8
22 21
22 28
22 35
22 45
22 55
22 60
23 2
23 14
23 27
23 28
23 35
23 43
23 50
23 52
24 5
24 20
24 31
24 42
24 45
24 55
25 17
25 23
25 42
25 56
26 1
26 4
26 16
26 20
26 22
26 25
26 32
26 47
26 52
27 1
27 15
27 18
27 35
28 26
28 27
28 45
28 57
29 4
29 9
29 18
29 20
29 36
29 40
29 49
29 50
29 55
29 61
30 6
30 27
30 61
31 2
31 7
31 15
31 21
31 24
31 41
31 48
31 56
31 61
31 64
32 17
32 19
32 21
32 43
32 60
33 4
33 13
33 24
33 44
33 49
33 51
35 3
35 12
35 21
35 29
35 31
35 36
35 59
35 62
36 41
36 55
36 60
37 12
37 16
37 28
37 30
37 35
37 42
37 46
37 58
37 59
38 6
38 57
39 1
39 10
39 12
39 21
39 26
39 31
39 56
40 27
40 44
40 45
41 10
41 19
41 25
41 28
41 46
41 49
41 55
42 2
42 16
42 35
42 44
42 54
42 57
42 60
42 61
42 64
43 8
43 13
43 23
43 27
43 30
43 48
43 60
44 10
44 13
44 36
44 38
44 51
44 59
45 5
45 10
45 35
45 46
45 47
45 53
45 54
45 55
45 63
46 3
46 11
46 12
46 16
46 19
46 24
46 30
46 61
46 63
47 5
47 16
47 36
47 42
47 43
47 50
47 54
48 8
48 9
48 15
48 37
49 4
49 5
49 39
49 41
49 64
50 8
50 31
50 39
50 51
50 57
50 58
50 59
51 5
51 10
51 13
51 20
51 23
51 33
51 47
52 8
52 12
52 23
52 36
52 38
52 45
52 49
52 51
52 61
53 6
53 12
53 20
53 28
53 40
53 52
53 58
53 59
54 3
54 6
54 12
54 14
54 27
54 46
54 47
54 48
55 11
55 31
55 43
55 57
56 4
56 44
56 55
57 10
57 22
57 37
57 48
58 2
58 13
58 15
58 18
58 19
58 24
58 29
58 43
58 50
58 60
59 21
59 22
59 36
59 37
60 13
60 20
60 23
60 36
60 37
60 49
60 52
61 5
61 11
61 18
61 24
61 39
61 47
61 48
61 52
61 56
62 14
62 27
62 37
62 42
63 7
63 15
63 16
63 18
64 1
64 11
64 20
64 23
64 48
64 54
64 56
Loss 0 65 0 49 0 0 0 0 0 0 0 0 0 0 0 0 0 0 0 0 0 0 0 0 0 0 88 0 0 0 0 0 0 67 0 0 62 0 24 0 0 0 0 0 0 0 38 0 42 0 0 0 0 0 0 0 43 14 16 70 0 0 0 96 
