59 <--# of nodes, 317 edges
1 16
1 54
1 55
2 3
2 17
2 27
2 29
2 30
2 40
2 41
2 49
3 30
3 31
3 32
3 33
3 48
4 27
4 54
5 12
5 39
5 44
6 9
6 15
6 18
6 24
6 32
6 45
6 46
7 2
7 36
7 38
8 1
8 17
8 26
8 27
8 32
8 39
8 49
9 22
9 28
9 52
9 53
10 4
10 12
10 21
10 28
10 35
10 37
10 41
10 45
10 46
10 47
11 3
11 39
11 55
12 38
12 40
12 41
12 47
13 28
13 37
13 49
14 20
14 34
14 40
14 47
14 52
14 55
15 7
15 16
15 23
15 25
15 26
15 31
15 36
15 38
15 44
15 58
15 59
16 3
16 4
16 21
16 46
17 5
17 23
17 52
17 58
18 7
18 13
18 21
18 26
18 27
18 32
18 43
18 50
18 57
19 2
19 5
19 10
19 15
19 23
19 46
20 13
20 32
20 48
21 1
21 16
21 45
21 51
21 54
22 2
22 10
22 26
22 34
23 14
23 17
23 27
24 18
24 25
24 30
24 33
24 39
24 46
25 21
25 35
25 40
26 10
26 14
26 23
26 27
26 37
26 39
26 44
26 45
26 46
26 52
27 5
27 6
27 13
27 47
27 50
27 56
27 59
28 3
28 4
28 12
28 38
28 39
28 42
28 44
29 4
29 16
29 20
29 21
29 36
29 54
29 55
30 3
30 4
30 21
30 48
30 50
30 58
31 5
31 13
31 24
31 29
31 35
31 42
31 49
31 52
31 57
32 1
32 13
32 16
32 19
32 26
32 38
32 43
32 46
32 52
33 6
33 39
33 40
33 42
33 45
33 53
34 16
34 35
34 46
34 53
35 3
35 7
35 17
35 19
35 20
35 26
35 29
35 41
36 1
36 42
36 43
36 57
37 7
37 18
37 48
37 52
37 53
38 3
38 16
38 26
38 28
38 34
39 14
39 25
39 32
39 37
39 42
39 58
40 1
40 9
40 21
40 23
40 29
40 39
40 49
40 52
40 55
41 1
41 28
41 42
41 43
41 44
42 5
42 17
42 29
42 33
42 40
42 41
43 41
43 47
43 49
43 55
44 17
44 18
44 42
44 49
45 15
45 20
45 31
45 49
45 52
46 2
46 53
47 40
47 59
48 11
48 17
48 18
48 36
48 53
49 1
49 16
49 55
50 15
51 7
51 14
51 18
51 21
51 54
51 55
51 59
52 1
52 23
52 34
52 38
53 5
53 20
53 28
53 47
53 48
53 50
54 2
54 27
54 30
54 34
54 37
54 41
54 48
54 52
54 55
55 7
55 8
55 22
55 41
55 43
55 45
55 50
55 52
56 4
56 7
56 17
56 26
57 17
57 21
57 22
57 35
57 48
58 15
58 26
58 40
58 49
58 55
59 7
59 9
59 24
59 28
Loss 0 78 0 0 81 0 0 0 0 0 0 0 0 0 0 0 0 0 0 87 0 0 0 0 87 0 0 0 0 0 0 47 0 0 0 0 0 0 0 49 0 89 0 0 0 0 0 0 0 0 0 0 52 32 0 0 82 0 12 
