56 <--# of nodes, 325 edges
1 7
1 17
1 39
1 43
2 14
2 15
2 32
2 40
2 45
3 5
3 23
3 28
3 30
3 46
3 51
4 23
4 29
4 33
4 41
4 45
4 52
5 1
5 16
5 21
5 32
5 35
5 38
5 44
5 52
6 1
6 10
6 44
6 48
6 55
7 35
7 40
7 41
8 2
8 25
8 29
9 3
9 15
9 18
9 29
9 33
9 45
9 46
9 52
10 1
10 2
10 11
10 15
10 25
10 31
10 43
10 44
11 1
11 27
11 37
11 45
11 47
11 51
11 55
12 8
12 19
12 48
12 53
13 18
13 20
13 21
13 39
13 45
13 51
14 1
14 12
14 28
14 49
14 51
15 16
15 18
15 22
15 28
15 41
15 44
15 51
16 1
16 4
16 7
16 9
16 12
16 19
16 21
16 24
16 27
17 4
17 7
17 9
17 22
17 25
17 27
17 47
17 48
17 55
18 11
18 16
18 23
18 29
18 39
19 5
19 9
19 20
19 39
19 42
19 52
19 55
20 8
20 22
20 38
20 39
20 41
20 53
20 56
21 3
21 19
21 28
21 38
21 50
22 19
22 25
23 10
23 15
24 13
24 14
24 17
24 36
24 48
25 6
25 10
25 14
25 24
25 42
25 49
25 51
25 53
25 55
26 13
27 13
27 18
27 30
27 37
28 27
28 33
28 39
28 54
29 10
29 17
29 27
29 28
29 37
29 38
29 48
29 56
30 4
30 37
30 41
30 42
30 44
30 55
31 1
31 15
31 17
31 19
31 36
31 45
31 52
32 2
32 12
32 20
32 36
32 44
33 1
33 3
33 28
33 43
33 54
34 7
34 8
34 10
34 11
34 12
34 18
34 36
34 37
34 43
34 51
35 3
35 5
35 6
35 10
35 55
36 5
36 24
36 31
36 34
36 35
36 48
37 8
37 12
37 21
37 24
37 45
38 5
38 24
38 34
38 41
39 1
39 6
39 9
40 3
40 31
40 36
40 39
40 42
41 4
41 5
41 8
41 11
41 18
41 23
42 15
42 16
42 29
42 34
42 39
42 51
43 35
43 44
43 51
44 2
44 9
44 11
44 16
44 18
44 28
44 31
44 33
45 7
45 13
45 22
45 33
46 7
46 23
46 24
46 34
46 42
47 9
47 29
47 30
47 40
47 45
47 49
47 51
47 55
47 56
48 2
48 5
48 9
48 37
48 46
48 55
49 5
49 14
49 27
49 42
50 1
50 6
50 9
50 12
50 18
50 23
50 46
51 2
51 11
51 13
51 22
51 23
51 25
51 34
51 36
51 37
51 41
51 45
51 47
51 50
52 2
52 7
52 27
52 36
53 7
53 18
53 20
53 21
53 24
53 29
53 37
53 44
53 50
53 56
54 13
54 16
54 29
54 33
54 36
54 47
55 7
55 21
55 36
55 44
55 52
56 9
56 11
56 15
56 18
56 37
56 53
Loss 0 86 0 0 0 2 0 86 74 0 0 0 0 0 0 0 0 0 0 0 66 0 0 59 0 0 0 0 0 0 0 0 0 0 30 0 0 4 0 0 0 0 0 26 0 0 0 0 48 0 0 0 0 0 0 0 
