52 <--# of nodes, 259 edges
1 5
1 9
1 32
1 42
2 19
2 28
2 29
2 40
2 49
3 10
3 11
3 27
3 33
3 39
3 45
4 1
4 9
4 16
4 44
4 48
5 1
5 13
5 49
6 1
6 30
6 31
7 28
7 30
7 51
8 3
8 27
8 34
8 44
8 52
9 11
9 12
9 14
9 28
9 33
9 38
9 42
9 45
10 2
10 14
10 18
10 25
10 27
10 31
10 32
11 3
11 13
11 25
11 26
11 31
11 39
11 44
12 7
12 9
12 27
12 33
12 35
12 48
13 15
13 23
13 32
13 44
14 1
14 2
14 4
14 13
14 25
14 39
14 41
14 48
15 9
15 12
15 28
15 37
16 27
17 18
17 30
17 33
17 34
17 41
18 23
18 46
19 11
20 2
20 4
20 11
20 12
20 19
20 22
20 25
20 30
20 39
20 44
20 50
20 52
21 9
21 10
21 26
21 44
21 50
22 9
22 24
23 2
23 27
23 36
23 47
24 1
24 3
24 5
24 9
24 14
24 15
24 26
24 28
24 39
24 49
25 4
25 20
25 22
25 51
26 19
26 24
26 51
26 52
27 11
27 25
28 10
28 20
28 24
28 36
28 43
28 52
29 2
29 10
29 15
29 20
29 35
29 38
30 11
30 17
30 38
31 3
31 13
31 27
31 29
31 50
32 4
32 16
32 18
32 27
32 37
32 43
33 6
33 7
33 12
33 16
33 17
33 37
34 1
34 8
34 11
34 20
34 27
34 32
34 36
34 38
34 50
34 52
35 52
36 15
36 21
36 29
36 47
37 4
37 20
37 38
37 41
38 4
38 13
38 16
38 29
38 31
38 48
38 52
39 37
39 42
40 6
40 22
40 36
40 38
40 50
41 1
41 8
41 45
41 47
41 50
42 10
42 19
42 22
42 33
43 2
43 6
43 9
43 13
43 17
43 20
43 22
43 44
43 48
44 20
44 28
44 31
45 2
45 16
45 18
45 23
45 46
45 52
46 19
46 27
46 39
46 43
47 15
47 20
47 23
47 37
47 48
48 1
48 14
48 20
48 23
48 30
48 31
48 35
48 46
48 49
49 7
49 9
49 10
49 38
49 47
49 51
50 21
50 26
50 29
50 40
50 44
51 12
51 47
52 6
52 7
52 26
52 32
52 46
52 51
Loss 0 55 0 0 0 0 0 0 0 35 32 0 0 0 31 0 0 0 0 0 0 0 0 0 0 16 0 0 0 0 0 0 38 0 0 0 0 0 0 86 0 0 0 0 0 88 0 21 62 0 0 0 
