39 <--# of nodes, 128 edges
1 5
1 14
1 16
1 18
2 1
3 2
3 5
3 35
4 3
4 8
4 12
4 20
4 26
5 1
5 15
5 24
5 34
6 4
6 9
6 12
6 18
6 29
7 6
7 16
8 10
8 37
9 2
9 7
10 2
10 17
10 34
11 2
11 5
11 15
11 23
11 36
12 6
12 14
12 24
13 2
14 10
14 21
14 24
14 31
15 1
15 5
15 7
15 17
15 20
15 32
16 18
17 10
17 12
17 26
17 29
17 37
18 2
18 4
18 8
18 12
18 38
19 2
19 9
20 9
20 26
20 31
20 38
21 1
21 29
21 31
21 34
22 18
22 20
22 23
22 26
22 39
23 3
23 19
23 20
24 25
24 27
24 30
24 34
24 39
26 33
27 12
27 19
27 23
28 12
28 35
29 9
29 27
29 36
31 2
31 9
31 15
31 28
31 35
32 12
32 18
32 23
32 24
32 25
34 14
34 15
34 21
34 23
34 35
34 39
35 5
35 8
35 19
35 20
35 39
36 10
36 26
36 30
36 35
37 3
37 9
38 2
38 4
38 15
38 23
38 29
39 10
39 21
39 27
Loss 0 0 0 0 0 0 55 0 0 1 0 0 0 0 12 0 0 0 0 0 0 0 0 42 88 0 0 0 0 0 0 46 0 0 0 0 0 0 0 
