65 <--# of nodes, 404 edges
1 18
1 26
1 27
1 29
1 39
1 65
2 4
2 25
2 27
2 28
2 35
2 60
3 14
3 32
3 36
3 58
4 6
4 8
4 9
4 16
4 19
4 23
4 53
4 54
4 65
5 4
5 17
5 26
5 30
5 32
5 38
5 51
5 57
5 63
6 1
6 2
6 7
6 11
6 16
6 31
6 33
6 36
6 44
6 46
6 57
7 3
7 5
7 15
7 29
7 33
7 34
7 39
7 43
7 52
7 55
8 7
8 14
8 26
8 33
8 34
8 36
8 57
8 62
9 5
9 30
9 31
9 43
9 49
9 55
9 56
10 4
10 6
10 11
10 12
10 21
10 24
10 30
10 42
10 54
11 25
11 41
11 53
11 64
12 1
12 9
12 17
12 34
12 40
12 50
12 57
12 59
12 64
13 26
13 57
14 9
14 29
14 39
14 51
15 29
16 10
16 20
16 23
16 38
16 55
16 56
16 58
16 63
16 65
17 20
17 29
17 32
17 34
17 40
17 55
17 56
18 6
18 23
18 39
18 54
18 60
18 63
19 14
19 29
19 33
19 41
19 50
20 12
20 18
20 23
20 28
20 32
20 36
20 37
20 42
20 57
21 6
21 8
21 9
21 44
21 48
21 53
22 1
22 12
22 29
22 37
22 39
22 44
23 11
23 31
23 48
23 49
23 55
23 60
24 10
24 12
24 13
24 29
24 38
24 40
24 46
25 17
25 35
25 39
25 52
25 65
26 5
26 17
26 33
26 36
26 41
26 49
26 51
26 53
26 56
27 2
27 15
27 21
27 26
27 36
28 11
28 16
28 39
28 41
28 52
28 58
29 1
29 2
29 37
29 56
29 57
30 3
30 11
30 37
30 60
31 23
31 51
32 46
32 58
33 3
33 11
33 51
33 62
34 16
34 24
34 39
34 40
34 44
34 60
35 9
35 12
35 24
35 47
35 59
36 13
36 46
36 49
36 52
36 53
36 60
37 5
37 20
37 31
37 34
37 36
37 57
38 2
38 32
39 10
39 11
39 17
39 20
39 31
39 40
39 42
39 64
40 8
40 25
40 33
40 37
40 38
40 39
40 42
40 49
40 57
41 7
41 9
41 12
41 19
41 21
41 27
41 35
41 39
41 47
41 49
41 53
41 65
42 2
42 3
42 4
42 18
42 25
42 40
42 45
43 4
43 18
43 19
43 26
43 34
43 37
43 39
43 63
44 2
44 3
44 5
44 16
44 18
44 20
44 34
44 47
44 65
45 8
45 16
45 29
45 30
45 54
45 65
46 5
47 17
47 51
47 56
47 58
48 3
48 19
48 35
48 47
48 50
49 25
49 32
49 40
49 51
49 53
49 56
49 61
50 17
50 21
50 23
50 28
50 31
50 40
50 48
50 51
51 10
51 21
51 22
51 56
51 62
51 65
52 21
52 48
53 2
53 17
53 18
53 22
53 36
53 39
53 45
53 49
53 58
54 1
54 18
54 23
54 45
54 46
54 47
54 60
55 13
55 17
55 18
55 28
55 29
55 35
55 38
55 57
56 11
56 15
56 17
56 18
56 45
56 63
57 7
57 44
58 2
58 5
58 12
58 13
58 19
58 22
58 31
58 35
58 36
58 41
58 50
58 60
58 61
58 62
58 64
59 17
59 18
59 35
59 46
59 50
59 53
60 11
60 14
60 19
60 52
61 21
61 32
61 50
62 19
62 27
62 31
63 3
63 8
63 10
63 11
63 40
63 45
63 56
63 62
63 64
64 16
64 22
64 45
64 54
64 56
64 58
64 61
65 6
65 13
65 15
65 26
65 61
65 64
Loss 0 0 0 0 0 0 2 0 0 0 0 0 0 26 0 50 0 0 0 25 43 0 0 0 0 0 0 0 18 0 27 0 0 0 0 0 0 19 0 0 0 0 0 13 17 0 3 0 0 0 0 0 97 0 11 6 0 0 0 0 0 0 0 0 0 
