27 <--# of nodes, 74 edges
1 5
1 15
2 1
2 3
2 10
2 26
3 2
3 13
3 21
4 6
4 10
4 24
5 9
6 2
6 5
7 9
7 11
7 16
8 18
8 27
9 5
9 27
10 4
10 7
10 19
11 17
12 21
12 23
13 3
13 15
14 2
14 8
14 24
15 9
15 10
15 11
15 12
15 13
15 19
15 21
15 25
16 3
16 4
16 6
16 24
18 2
19 1
19 6
19 10
19 17
20 6
20 9
20 19
20 22
20 23
21 5
21 8
22 4
22 5
22 9
23 4
23 13
23 18
23 24
24 2
24 16
25 1
25 19
26 7
26 25
27 4
27 5
27 18
27 24
Loss 0 23 0 0 43 0 0 0 0 0 52 0 0 0 0 0 43 0 16 0 0 0 0 9 0 62 0 
