47 <--# of nodes, 203 edges
1 12
1 23
1 37
2 7
2 8
2 10
2 21
2 27
2 29
2 36
3 5
3 17
3 22
3 41
4 9
4 36
4 39
4 43
5 12
5 43
6 4
6 17
6 35
6 40
7 11
7 27
8 24
8 26
8 47
9 1
9 31
9 38
10 9
10 14
10 15
10 21
10 33
11 7
11 13
11 15
11 22
11 30
11 33
11 37
12 21
12 27
12 39
13 40
14 21
14 37
14 46
15 2
15 4
15 5
15 7
15 9
15 20
15 25
16 4
16 7
16 8
16 23
16 30
16 32
16 47
17 20
17 21
17 25
17 44
17 46
18 6
18 9
18 37
19 11
19 20
19 27
20 6
20 28
20 34
21 18
21 45
22 5
22 14
22 21
22 24
22 32
22 45
23 4
23 22
23 27
23 29
24 14
24 37
25 3
25 8
25 9
25 16
25 18
25 39
25 45
25 47
26 9
26 12
26 18
26 19
26 32
26 43
26 44
27 3
27 5
27 13
27 16
27 18
27 33
27 44
27 46
27 47
28 19
28 23
28 35
28 37
29 12
29 14
29 20
29 40
29 43
30 7
30 8
30 12
30 19
30 20
30 29
30 32
30 40
30 43
31 42
31 45
32 17
32 42
33 8
33 10
33 12
33 13
33 17
33 25
33 38
33 41
34 7
34 11
34 26
34 45
35 5
35 12
35 13
35 25
35 38
36 5
36 10
36 23
37 27
37 33
38 6
38 11
38 17
38 26
38 43
39 20
39 27
39 32
39 35
39 41
40 1
41 36
41 43
42 5
42 14
42 46
43 18
43 38
44 7
44 8
44 10
44 13
44 42
45 19
45 29
45 40
45 41
46 5
46 6
46 8
46 12
46 16
46 17
46 25
46 34
46 42
47 2
47 4
47 8
47 12
47 18
47 46
Loss 0 0 95 0 0 0 48 18 50 0 0 0 0 40 51 0 0 0 49 0 72 0 0 0 0 15 0 0 0 0 0 0 0 0 0 48 0 0 0 0 15 0 0 0 0 0 0 
