63 <--# of nodes, 369 edges
1 3
1 10
1 28
1 44
1 55
1 62
2 5
2 11
2 17
2 39
2 45
2 47
2 63
3 4
3 19
3 29
3 36
3 37
3 38
3 63
4 13
4 23
4 45
4 50
4 63
5 2
5 16
5 35
5 38
5 44
5 48
6 28
6 42
6 45
6 49
6 51
6 52
7 11
7 35
7 41
7 43
7 54
8 29
8 41
8 46
9 1
9 6
9 7
9 16
9 20
9 25
10 1
10 24
10 27
10 47
10 58
11 29
11 31
11 42
11 57
11 58
11 63
12 20
12 42
12 52
12 60
12 62
13 18
13 36
13 51
13 56
13 58
14 1
14 4
14 8
14 10
14 16
14 20
14 23
14 24
14 41
14 50
14 53
15 4
15 22
15 30
15 62
16 3
16 13
16 35
17 6
17 32
17 38
17 48
17 58
18 24
18 33
18 44
18 48
18 49
18 51
19 23
19 25
19 41
20 1
20 22
20 40
20 42
21 8
21 10
21 17
21 20
21 24
21 27
21 58
21 62
22 5
22 10
22 14
22 18
22 24
23 5
24 3
24 27
24 29
24 43
24 50
25 1
25 12
25 15
25 17
25 43
25 44
25 46
25 59
25 62
26 4
26 6
26 29
26 33
26 39
26 46
26 50
27 12
27 16
27 19
27 25
27 26
27 36
27 40
28 9
28 17
28 25
28 35
28 40
28 57
29 11
29 13
29 18
29 25
29 36
29 38
29 46
29 55
29 57
30 7
30 14
30 24
30 33
30 56
31 12
31 16
31 20
32 24
32 52
33 12
33 17
33 29
33 37
33 39
33 48
33 52
33 54
33 62
34 6
34 9
34 30
34 39
34 42
34 50
35 16
35 27
35 29
35 47
35 63
36 5
36 13
36 21
36 50
36 52
37 2
37 20
37 35
37 42
37 43
38 29
38 40
38 48
39 4
39 9
39 20
39 24
39 26
39 28
39 30
39 42
39 46
39 59
40 48
40 62
41 1
41 26
41 45
41 48
41 54
41 60
42 18
42 20
42 24
42 26
42 27
42 29
42 48
42 59
43 2
43 8
43 10
43 14
43 20
43 24
43 28
43 31
43 60
43 61
44 3
44 5
44 19
44 33
44 37
44 39
44 56
44 61
45 5
45 12
45 22
45 35
45 42
45 50
45 61
46 9
46 18
46 36
46 39
46 49
47 1
47 16
47 23
47 32
47 36
47 43
47 52
48 16
48 20
48 23
48 38
48 46
48 51
48 62
49 2
49 8
49 15
49 29
49 43
49 44
49 48
49 51
49 52
50 12
50 13
50 32
50 39
50 43
51 13
51 36
51 39
51 42
51 48
52 3
52 48
52 57
53 45
53 48
54 34
54 39
54 48
54 49
55 8
55 12
55 13
55 16
55 21
55 23
55 25
55 32
55 46
55 60
56 4
56 24
56 33
56 58
56 62
57 30
57 32
57 44
57 52
57 59
58 19
58 43
58 44
58 48
59 1
59 9
59 16
59 17
59 20
59 22
59 25
59 28
59 45
59 46
59 47
59 48
59 56
59 57
59 62
60 5
60 33
60 52
61 1
61 2
61 5
61 11
61 24
61 33
61 40
61 53
61 55
62 35
62 42
62 46
62 58
63 3
63 13
63 22
63 26
63 45
63 46
63 55
63 59
Loss 0 16 0 0 0 0 0 0 0 0 0 0 67 0 0 0 0 0 0 0 0 0 25 91 50 0 0 0 0 38 0 0 0 0 0 0 0 0 87 14 0 0 0 0 0 0 10 0 0 0 0 0 0 0 0 80 29 0 58 0 0 0 0 
