48 <--# of nodes, 223 edges
1 14
1 16
1 25
1 35
2 48
3 5
3 13
3 16
3 17
3 25
3 40
3 44
3 46
4 21
4 27
4 42
4 43
5 4
5 21
5 25
5 40
6 7
6 11
6 25
6 26
6 46
7 2
7 15
7 23
7 46
8 23
8 27
8 28
8 35
8 37
8 40
8 41
9 12
9 14
9 15
9 26
9 29
9 39
10 1
10 4
10 35
11 9
11 27
11 33
11 38
11 41
12 15
12 31
12 35
12 39
12 46
13 1
13 15
13 18
13 19
13 39
13 42
14 10
14 11
14 12
14 22
14 24
14 26
14 34
14 36
15 3
15 44
16 13
16 25
16 30
17 18
17 34
17 40
18 15
18 30
18 31
18 34
19 14
19 23
19 34
19 42
20 2
20 8
20 15
20 40
20 46
21 12
21 16
21 19
21 25
22 24
22 26
22 42
22 43
23 22
23 35
24 1
24 28
24 46
24 48
25 15
25 19
25 34
25 38
25 47
26 7
26 28
26 29
26 40
27 21
27 29
27 46
28 3
28 5
28 9
28 11
28 24
28 26
28 29
28 38
29 4
29 20
29 25
29 30
29 31
29 35
29 46
30 5
30 33
30 38
30 40
30 45
31 5
31 13
31 15
31 28
31 32
31 41
31 43
32 1
32 7
32 28
32 35
32 38
33 3
33 19
33 22
33 32
33 39
33 45
34 2
34 3
34 17
34 20
34 29
34 40
34 41
34 45
35 4
35 5
35 20
35 25
35 33
35 36
36 4
36 19
36 39
37 17
37 19
37 24
38 15
38 17
38 19
38 25
38 33
38 46
39 3
39 34
39 45
40 3
40 7
40 10
40 13
40 34
41 8
41 14
41 36
42 9
42 10
42 14
42 22
43 2
43 7
43 10
43 18
43 33
44 20
44 26
44 37
45 3
45 5
45 14
45 27
45 29
45 43
46 16
46 17
46 27
46 28
46 29
46 31
47 13
48 1
48 14
48 15
48 25
48 33
48 42
Loss 0 0 0 81 0 0 0 0 0 0 0 28 43 0 0 0 0 0 45 0 0 0 31 0 0 0 0 0 0 11 15 0 0 0 91 0 0 0 48 0 23 94 0 0 0 70 40 0 
