61 <--# of nodes, 371 edges
1 14
1 23
1 48
1 52
1 53
1 56
2 7
2 22
2 29
2 37
2 45
3 53
3 57
4 3
4 7
4 12
4 19
4 36
4 43
4 49
4 50
5 23
5 27
5 36
6 8
6 10
6 32
6 38
6 42
6 51
6 52
6 56
6 57
7 2
7 5
7 14
7 15
7 40
7 56
8 11
8 13
8 21
8 24
8 27
8 44
9 14
9 20
9 34
9 36
9 44
9 45
9 58
10 6
10 9
10 13
10 14
10 20
10 40
11 15
11 18
11 19
11 30
11 44
11 58
12 10
12 19
12 24
12 25
12 35
12 43
12 45
13 5
13 9
13 12
13 28
13 41
14 9
14 22
15 9
15 27
15 29
15 43
15 56
15 58
16 1
16 18
16 35
16 36
16 47
16 58
17 7
17 9
17 13
17 25
17 27
17 28
17 32
17 36
17 46
17 48
17 58
18 5
18 6
18 22
18 25
18 26
18 30
18 34
18 36
18 49
18 50
18 52
18 54
18 60
19 5
19 20
19 27
19 28
19 30
19 34
19 40
19 55
20 6
20 41
20 46
20 58
20 61
21 11
21 23
21 30
21 39
21 49
21 53
21 56
22 36
22 43
22 56
23 5
23 13
23 16
23 26
23 35
23 55
23 56
24 14
24 18
24 25
24 26
24 36
24 37
24 41
24 47
24 57
24 59
25 34
25 51
25 55
26 1
26 2
26 9
26 12
26 27
26 30
26 56
26 61
27 10
27 48
28 9
28 33
28 44
28 50
28 52
28 56
28 58
29 8
29 14
29 24
30 5
30 29
30 54
30 56
30 58
30 59
31 28
31 30
31 35
31 42
31 44
31 45
32 15
32 18
32 20
32 35
32 46
33 5
33 12
33 23
33 36
33 48
33 52
34 28
34 38
35 6
35 8
35 11
35 16
35 41
35 55
36 13
36 21
36 28
36 52
37 20
37 32
37 46
37 59
38 13
38 31
38 36
38 37
38 50
39 11
39 15
39 16
39 17
39 32
39 38
39 41
39 45
39 52
39 54
39 58
40 29
40 54
41 4
41 8
41 12
41 15
41 23
41 35
41 44
42 4
42 26
42 48
42 49
42 60
42 61
43 12
43 15
43 28
43 30
43 42
43 54
44 19
44 23
44 30
44 34
44 39
44 59
45 9
45 10
45 18
45 24
45 30
45 51
45 57
45 61
46 5
46 14
46 22
46 50
46 56
46 57
47 3
47 8
47 12
47 39
47 50
48 13
48 15
48 18
48 19
48 27
49 5
49 10
49 11
49 15
49 25
49 36
49 40
49 41
49 44
49 45
49 47
50 7
50 10
50 13
50 21
50 41
50 43
50 54
51 4
51 14
51 27
51 35
51 39
51 40
51 61
52 6
52 8
52 10
52 12
52 21
52 24
52 32
52 53
52 55
52 61
53 1
53 28
53 30
53 31
53 36
53 54
53 55
54 11
54 13
54 14
54 17
54 22
54 23
54 24
54 26
54 28
54 44
54 51
55 12
55 50
55 53
56 15
56 28
56 29
56 45
56 61
57 15
57 45
57 59
58 2
58 3
58 11
58 43
58 51
59 1
59 8
59 9
59 15
59 20
59 22
59 38
59 58
59 60
59 61
60 24
60 41
60 44
60 54
60 58
61 7
61 8
61 12
61 16
Loss 0 0 0 0 0 0 0 0 0 0 0 0 0 0 80 52 0 0 0 67 0 94 0 0 0 0 0 41 0 0 0 0 0 0 0 0 0 20 0 0 0 0 0 44 0 0 0 55 0 58 0 1 0 0 0 0 0 0 92 0 0 
