35 <--# of nodes, 119 edges
1 2
1 3
1 9
1 16
2 3
2 20
3 13
3 35
4 3
4 8
4 17
4 34
5 6
5 22
6 1
6 22
6 32
7 2
7 5
7 20
7 25
8 16
8 31
9 1
9 3
9 6
9 10
9 27
9 32
9 33
10 15
10 16
11 5
11 14
11 22
11 33
11 35
12 5
12 9
12 25
13 2
13 35
14 17
14 20
14 33
14 35
15 1
15 4
15 14
15 16
15 24
15 25
16 2
16 24
16 32
16 34
17 16
18 11
19 26
19 34
20 5
20 8
20 14
21 33
22 6
22 19
22 21
22 29
22 31
23 15
23 17
23 25
24 3
24 7
24 15
24 33
25 8
25 13
26 18
26 32
27 16
27 18
27 19
28 1
28 32
29 7
29 21
29 27
29 32
30 1
30 5
30 7
30 12
30 14
30 21
30 33
31 1
31 2
31 4
31 14
31 20
31 28
31 30
32 6
32 14
32 15
32 16
32 23
33 6
33 9
33 22
33 30
33 34
34 4
34 10
34 14
34 21
34 23
35 11
Loss 0 0 0 93 0 0 0 0 0 0 0 0 0 0 45 0 0 0 0 0 44 96 0 0 0 5 87 0 0 88 0 97 0 0 91 
