39 <--# of nodes, 143 edges
1 15
1 17
1 23
1 30
1 33
2 4
2 18
2 19
2 31
3 1
3 7
3 25
3 39
4 8
4 14
4 17
4 37
4 38
5 17
5 31
6 3
6 31
6 37
7 2
7 12
7 15
7 17
7 22
7 25
7 28
8 1
8 9
8 15
8 20
8 26
8 29
8 33
8 34
9 23
9 25
9 28
9 34
9 38
10 12
10 20
10 23
10 32
11 26
11 28
11 34
11 37
12 4
12 22
12 32
13 1
13 6
13 18
13 34
14 1
14 31
14 34
14 38
15 13
15 18
15 26
15 39
16 1
16 23
16 26
16 39
18 8
18 10
18 33
19 13
20 6
20 27
20 31
20 34
21 20
21 30
22 12
22 14
22 28
22 30
22 33
23 7
23 24
23 25
23 38
24 13
24 21
24 32
25 9
25 16
25 37
26 6
26 7
26 24
26 25
26 33
27 21
27 28
27 35
27 38
28 20
29 1
29 28
29 32
29 35
29 37
30 3
30 24
30 29
31 8
31 24
32 5
32 15
32 28
33 14
33 24
34 19
34 23
35 12
35 16
35 18
35 22
36 4
36 14
36 22
37 7
37 16
37 18
37 34
38 19
38 24
38 31
38 33
39 6
39 17
39 22
39 25
39 26
39 35
Loss 0 0 0 0 0 51 0 0 0 0 0 0 0 0 0 0 0 0 0 93 0 0 0 18 94 0 10 0 0 0 0 0 0 0 80 0 0 0 45 
