34 <--# of nodes, 108 edges
1 21
1 23
2 3
2 12
2 18
2 24
2 28
2 31
3 22
3 30
4 7
4 28
5 4
5 6
5 8
5 18
5 29
6 30
6 33
7 20
7 30
8 15
8 16
8 27
8 30
9 4
9 29
10 2
10 9
10 14
10 19
10 24
11 1
11 2
11 14
12 6
13 8
13 28
15 5
15 9
15 13
16 20
17 10
17 18
17 24
17 34
18 1
18 23
18 26
18 31
18 33
19 4
19 8
19 10
20 1
20 2
20 18
20 25
20 27
21 32
21 33
21 34
22 1
22 20
22 27
22 31
23 18
23 30
23 31
23 32
23 33
24 8
24 15
24 22
24 25
24 30
25 3
25 5
25 7
25 17
25 29
25 30
26 5
26 10
27 5
27 13
28 1
28 9
28 14
29 7
29 10
29 14
29 33
30 5
30 22
30 32
31 1
31 6
31 27
32 3
32 5
32 7
32 13
33 11
33 13
33 15
34 13
34 32
Loss 0 0 0 0 50 2 0 0 0 5 0 0 0 0 0 30 0 42 0 47 0 0 0 0 0 73 0 0 0 0 0 0 0 0 
