45 <--# of nodes, 193 edges
1 13
1 21
1 28
1 43
1 44
1 45
2 9
2 29
3 16
3 18
3 27
3 28
4 13
4 18
4 20
4 25
4 41
4 44
5 11
5 15
5 20
5 33
5 39
6 5
6 22
6 23
6 45
7 29
7 32
7 38
8 7
8 12
8 17
8 29
9 4
9 10
9 17
9 25
9 45
10 14
10 16
10 35
10 43
11 1
11 7
11 13
11 17
11 21
11 22
11 23
11 26
11 42
12 9
12 26
13 12
13 17
13 18
13 30
13 31
13 43
14 34
14 38
14 39
15 2
15 4
15 44
16 5
16 10
16 15
16 24
16 25
16 40
17 7
17 20
17 22
17 23
18 9
18 23
19 31
20 12
20 14
20 25
20 30
20 37
20 43
21 2
22 6
22 9
22 24
22 35
22 39
22 42
23 3
23 4
23 5
23 11
23 29
23 42
24 1
24 12
24 15
24 25
24 26
24 31
24 35
25 9
25 21
25 31
25 32
25 36
25 38
26 8
26 10
26 17
26 20
27 1
27 13
27 16
27 24
27 35
27 37
27 43
27 45
28 4
28 10
28 14
29 4
29 9
29 20
29 37
30 5
30 24
30 26
31 10
31 13
31 19
32 7
32 10
33 2
33 5
33 27
33 32
33 37
33 39
33 40
34 8
34 14
34 22
34 25
34 41
34 43
35 6
35 10
36 27
36 45
37 1
37 17
37 27
37 31
37 38
37 43
38 4
38 6
38 26
39 13
39 22
39 34
39 35
39 45
40 8
40 34
41 6
41 16
41 18
41 43
42 11
42 15
42 30
42 40
43 25
43 39
44 7
44 28
44 29
44 31
44 33
44 39
44 40
45 4
45 11
45 12
45 27
45 36
Loss 0 0 0 0 0 0 0 0 0 0 0 0 0 0 0 27 0 0 37 0 0 0 0 49 25 24 0 0 72 0 0 0 0 0 67 0 0 0 0 0 0 0 30 0 0 
