27 <--# of nodes, 69 edges
1 11
1 15
1 16
1 24
1 27
2 4
3 16
3 17
3 21
4 7
5 1
5 8
5 10
5 11
6 4
6 12
6 15
6 17
6 21
7 14
7 21
7 27
8 9
9 2
9 13
9 25
10 18
10 25
10 26
11 6
11 8
11 15
12 9
12 18
12 21
13 10
13 20
14 2
14 18
15 8
15 12
15 22
16 20
16 25
17 15
18 6
18 10
18 16
18 26
19 7
19 11
19 24
20 27
21 7
21 9
21 18
21 22
21 26
21 27
23 4
25 4
25 6
25 10
25 26
26 8
26 15
27 15
27 17
27 25
Loss 0 0 0 0 0 0 0 0 0 0 0 0 0 0 0 52 0 0 0 0 64 0 29 0 0 0 0 
