63 <--# of nodes, 389 edges
1 15
1 23
1 48
2 5
2 11
2 16
2 17
2 30
2 40
2 55
2 61
3 12
3 26
3 32
3 41
3 49
3 50
3 51
3 59
4 22
4 37
4 40
4 51
4 61
5 3
5 6
5 17
5 20
5 23
5 35
5 38
5 41
5 50
5 62
6 1
6 16
6 20
6 54
6 59
6 63
7 1
7 12
7 44
8 9
8 28
8 60
8 63
9 7
9 10
9 26
9 32
9 38
9 42
9 60
10 5
10 11
10 31
10 38
10 50
11 1
11 6
11 10
11 13
11 15
11 34
11 35
11 40
11 41
11 44
11 46
11 53
12 13
12 29
12 34
12 41
12 43
12 54
12 55
12 60
13 7
13 18
13 48
13 52
13 57
13 58
13 62
14 8
14 40
14 55
14 57
15 4
15 19
15 39
16 1
16 4
16 7
16 14
16 15
16 18
16 21
16 27
16 37
16 51
16 63
17 6
17 16
17 23
17 26
17 36
17 48
17 59
17 60
18 11
18 15
18 20
18 33
18 36
18 48
18 55
19 7
19 11
19 27
19 49
19 52
19 54
20 13
20 14
20 48
20 61
20 62
21 11
21 12
21 17
21 26
21 40
21 44
21 45
21 53
21 63
22 17
22 26
22 33
22 34
22 38
22 55
23 2
23 15
23 24
23 25
23 30
23 36
23 52
24 15
24 30
24 43
25 8
25 9
25 12
25 19
25 42
25 59
26 16
26 37
26 41
26 43
26 48
26 53
27 12
27 14
27 16
27 17
27 18
27 19
27 43
27 53
27 57
27 59
27 60
28 5
28 26
28 37
28 43
28 46
28 49
28 52
28 63
29 3
29 11
29 25
29 38
29 49
29 55
29 57
30 3
30 18
31 3
31 10
31 35
31 43
31 51
31 56
31 60
32 1
32 30
32 37
32 41
32 42
32 43
32 51
33 15
33 18
33 19
33 24
33 29
33 39
33 54
33 55
33 57
34 19
34 28
34 29
34 39
34 42
34 43
34 52
35 12
35 14
35 21
35 24
35 34
35 43
35 62
36 6
36 10
36 32
36 63
37 11
37 14
37 15
37 32
37 58
38 8
38 10
38 11
38 21
38 31
38 41
38 45
38 55
39 2
39 4
39 5
39 19
39 21
39 23
39 55
39 59
40 8
40 18
40 19
40 21
40 23
40 53
40 56
40 59
41 44
41 60
42 17
42 20
42 31
42 43
42 44
42 45
42 49
43 7
43 17
43 42
43 57
44 30
44 49
44 63
45 6
45 9
45 12
45 20
45 35
45 36
45 39
45 44
45 50
45 53
45 54
46 4
46 13
46 38
47 17
47 26
47 41
47 55
48 5
48 11
48 17
48 28
48 38
48 45
48 46
49 13
49 20
49 23
49 27
49 38
50 5
50 8
50 18
50 23
50 31
50 42
50 43
51 2
51 7
51 17
51 25
51 30
51 46
52 2
52 6
52 24
52 27
52 28
52 31
52 35
52 48
53 6
53 8
53 15
53 41
54 41
54 44
54 60
55 8
55 33
55 35
55 43
56 5
56 8
56 9
56 13
56 40
56 51
56 59
57 3
57 7
57 20
57 34
57 46
58 19
58 42
59 2
59 7
59 16
59 28
59 35
59 54
59 57
59 63
60 6
60 8
60 47
61 5
61 6
61 10
61 11
61 12
61 15
61 16
61 21
61 33
62 5
62 9
62 43
62 54
62 60
63 2
63 8
63 19
63 23
63 25
63 47
63 60
Loss 0 0 0 0 0 74 0 0 0 0 0 0 0 0 0 0 0 0 0 0 0 0 0 0 0 0 0 0 0 35 0 0 0 0 29 8 0 0 0 0 0 72 1 29 0 0 0 0 4 0 0 0 0 0 0 0 72 54 0 0 0 0 0 
