65 <--# of nodes, 401 edges
1 7
1 12
1 24
1 28
1 29
1 53
1 56
1 59
1 64
2 17
2 31
2 32
2 54
2 57
2 62
2 63
3 15
3 20
3 40
3 42
3 49
3 50
3 53
3 58
4 10
4 22
4 25
4 37
5 6
5 16
5 46
5 47
5 48
5 54
6 2
6 11
6 13
6 16
6 60
7 39
7 43
7 57
7 62
8 13
8 20
8 26
8 27
8 36
8 42
8 45
8 48
9 8
9 15
9 26
9 29
9 38
9 46
10 29
10 40
10 49
10 61
10 62
11 5
11 6
11 27
11 28
11 39
11 42
11 47
11 49
11 52
11 53
11 61
12 34
12 35
12 38
12 44
13 12
13 15
13 19
13 30
13 31
13 33
13 34
13 43
13 53
13 55
13 56
13 57
14 5
14 11
14 27
14 29
14 35
14 36
14 46
14 53
15 20
15 47
16 7
16 12
16 19
16 27
16 59
17 3
17 22
17 38
18 14
18 20
18 21
18 37
18 51
18 57
18 61
18 63
19 6
19 14
19 16
19 24
19 51
19 59
20 11
20 28
20 37
20 49
20 62
21 46
21 55
22 4
22 24
22 46
22 48
22 57
22 64
23 11
23 29
23 34
23 53
23 65
24 6
24 32
24 42
24 43
24 44
24 56
24 58
25 16
25 20
25 23
25 50
25 59
25 63
26 6
26 27
26 41
26 52
26 63
27 12
27 16
27 17
27 22
27 34
27 45
27 53
27 64
28 3
28 5
28 42
28 58
28 64
29 22
29 45
29 50
30 10
30 17
30 47
30 50
30 51
30 63
31 1
31 11
31 13
31 23
31 24
31 32
31 49
31 62
32 12
32 13
32 20
32 30
32 40
32 46
32 54
32 57
33 3
33 26
33 29
33 37
33 51
33 61
33 62
34 32
34 33
34 49
34 50
34 59
35 5
35 15
35 23
35 25
35 32
35 38
35 51
35 55
36 10
36 20
36 39
36 45
37 3
37 18
37 20
37 33
37 38
37 42
37 45
37 62
38 1
38 9
38 11
38 12
38 16
38 18
38 25
38 42
38 47
38 52
38 54
38 65
39 1
39 3
39 15
39 16
39 20
39 28
39 41
39 48
40 50
40 53
41 12
41 13
41 14
41 22
41 26
41 37
41 63
42 2
42 16
42 49
42 53
42 57
42 59
43 10
43 29
43 41
44 9
44 24
44 48
44 62
45 5
45 15
45 37
45 42
45 61
45 62
45 65
46 3
46 7
46 15
46 25
46 35
46 38
46 45
46 53
47 24
47 34
47 39
47 58
47 61
48 13
48 14
48 16
48 36
48 37
48 41
48 46
48 47
48 50
48 56
49 1
49 2
49 14
49 39
49 47
49 48
49 61
49 63
50 3
50 7
50 8
50 16
50 18
50 21
50 27
50 47
50 51
50 52
50 53
51 9
51 14
51 54
51 56
52 15
52 23
52 45
52 49
52 64
53 9
53 21
53 25
53 41
53 42
53 46
53 51
53 61
53 63
53 65
54 2
54 9
54 28
54 30
54 35
54 38
54 47
54 53
54 64
55 14
55 20
55 64
56 17
56 32
58 14
58 15
58 20
58 33
58 59
59 5
59 10
59 12
59 23
59 36
59 43
59 49
60 16
60 18
60 19
60 22
60 37
60 39
60 44
60 46
60 63
61 1
61 9
61 20
61 31
61 34
61 37
61 45
61 63
61 65
62 14
62 36
62 43
62 46
62 55
63 20
63 23
63 37
64 38
64 51
64 61
65 9
65 16
65 26
65 37
65 44
65 45
65 50
65 51
65 64
Loss 0 0 0 0 11 0 0 81 0 36 0 0 0 0 0 0 43 0 0 0 43 0 0 25 0 0 0 0 0 0 0 0 0 0 0 0 0 0 0 0 0 0 0 34 0 0 0 0 0 65 59 0 0 0 0 33 0 20 0 13 74 0 0 0 0 
