27 <--# of nodes, 65 edges
1 25
2 25
3 12
3 24
4 9
5 11
5 25
5 26
6 8
6 12
8 2
8 16
9 2
9 10
9 14
9 17
9 23
10 3
10 7
10 13
11 1
12 1
12 8
13 8
13 14
13 22
14 2
14 16
14 19
14 24
15 1
15 3
16 6
16 23
17 4
17 5
17 7
17 14
17 25
18 10
18 13
19 14
19 25
20 8
20 25
20 26
21 12
21 24
23 1
23 3
23 14
24 13
24 19
24 21
24 23
24 27
25 4
25 8
25 12
25 14
26 3
26 6
26 24
27 21
27 22
Loss 0 0 0 0 0 0 0 0 0 97 0 0 0 0 0 98 0 0 0 0 0 0 0 0 0 0 0 
