37 <--# of nodes, 124 edges
1 4
1 36
1 37
3 8
4 14
4 15
4 19
4 20
4 34
5 37
6 9
6 31
7 3
7 30
8 2
8 25
8 35
9 14
9 31
10 5
10 7
10 24
11 8
11 13
11 25
11 31
11 34
11 37
13 11
13 27
13 28
13 31
13 36
14 18
14 20
14 22
14 26
14 28
14 36
15 7
15 24
15 36
17 6
17 7
17 8
17 9
17 26
18 7
18 9
19 5
19 8
19 28
20 29
21 1
21 3
21 6
21 31
22 1
22 15
23 7
23 19
23 30
23 32
24 6
24 8
24 23
24 34
25 6
25 8
25 14
25 17
25 18
25 19
25 34
26 14
26 18
26 27
26 32
27 6
27 28
28 12
28 17
28 24
28 36
29 1
29 16
29 30
30 7
30 27
30 31
30 32
30 35
31 2
31 10
31 12
31 14
31 20
31 23
31 27
32 9
32 22
32 26
32 34
33 5
33 16
33 34
34 1
34 10
34 12
34 21
34 27
34 29
35 1
35 12
35 19
35 27
35 31
35 34
36 20
36 26
37 6
37 7
37 19
37 26
Loss 0 0 0 0 4 0 0 21 0 0 0 0 60 0 0 0 0 0 0 0 58 0 0 0 8 0 28 0 49 0 53 0 0 0 0 0 0 
