27 <--# of nodes, 66 edges
1 2
1 3
1 12
1 18
1 22
2 1
2 16
3 1
3 6
3 12
4 9
6 12
6 15
6 17
6 18
7 2
7 16
7 20
8 16
8 21
8 26
9 2
9 3
10 4
10 16
11 8
11 17
11 20
11 27
12 7
12 11
12 14
13 9
14 4
14 19
14 21
14 22
14 25
15 13
15 25
16 11
17 2
17 16
18 6
19 2
19 10
20 2
21 4
21 6
21 17
21 24
22 16
22 20
22 26
23 8
23 9
23 19
24 1
24 3
24 13
24 27
25 5
25 19
26 16
27 17
27 26
Loss 0 0 0 0 0 40 0 0 71 85 0 0 71 0 0 0 0 0 0 0 0 48 0 0 0 30 21 
