46 <--# of nodes, 189 edges
1 2
1 8
1 12
1 23
1 25
2 9
2 11
2 17
2 25
2 29
2 31
2 35
3 11
3 46
4 6
4 16
4 25
5 12
5 38
6 8
6 19
6 22
6 30
6 36
6 37
6 41
7 8
7 9
7 20
7 22
7 42
8 11
8 13
8 18
8 23
8 42
8 46
9 23
9 30
9 31
10 28
10 43
10 46
11 8
11 12
11 26
11 31
11 46
12 3
12 6
12 20
12 24
12 26
12 34
13 14
13 26
13 31
13 34
13 38
13 42
14 12
14 30
14 34
14 37
15 5
15 19
15 22
15 39
16 1
16 5
16 12
16 18
16 37
16 45
18 4
18 23
18 28
18 41
19 21
19 27
19 29
20 12
20 13
21 7
21 32
21 38
21 41
22 12
22 15
22 19
22 37
23 26
23 46
24 16
25 4
25 9
25 20
26 17
26 24
26 28
26 37
26 43
27 12
27 33
28 2
28 18
28 41
29 7
29 39
29 43
30 16
30 17
30 22
30 25
30 39
31 7
31 17
31 21
31 32
32 1
32 2
32 7
32 26
32 44
33 18
33 19
33 23
33 24
33 44
34 5
34 7
34 11
34 12
34 23
34 33
35 1
35 2
35 7
35 8
35 42
35 46
36 10
36 21
36 22
36 24
36 32
36 35
36 40
36 46
37 9
37 19
37 24
37 29
37 32
37 33
37 46
38 6
38 7
38 19
38 29
38 43
39 12
39 13
39 14
39 17
39 31
39 44
40 8
40 13
40 19
40 25
40 28
40 30
40 34
40 37
41 5
41 25
42 18
42 21
42 27
43 4
43 15
43 20
43 23
43 46
45 15
45 16
46 3
46 29
Loss 0 0 83 0 0 0 0 16 0 0 0 94 0 0 0 0 0 0 0 0 0 0 0 0 27 0 69 0 0 0 0 0 0 69 0 0 0 75 0 0 0 0 0 0 0 60 
