55 <--# of nodes, 274 edges
1 15
1 34
1 51
1 52
1 54
2 23
2 38
3 4
3 12
3 22
3 30
3 36
3 43
4 15
4 24
4 29
4 46
4 49
4 52
5 15
5 38
5 40
5 45
6 9
7 27
7 43
7 44
7 46
7 49
8 5
8 15
8 20
8 53
9 17
9 26
9 29
9 50
10 13
10 15
10 19
10 42
10 50
11 22
11 30
11 41
12 22
12 49
12 50
13 5
13 7
13 11
13 12
13 34
13 35
13 53
14 12
14 19
14 22
14 26
14 31
14 33
14 55
15 2
15 7
15 21
15 32
15 36
16 4
16 9
16 18
16 35
16 37
16 46
17 1
17 6
17 7
17 12
17 21
17 25
17 26
17 39
18 2
18 11
18 22
18 29
18 32
18 44
18 50
18 52
18 54
19 9
19 15
19 20
19 31
19 53
19 54
20 5
20 7
20 12
20 17
20 29
20 36
20 40
20 46
20 47
21 1
21 8
21 22
21 46
22 6
22 18
22 28
22 44
22 53
23 20
23 40
23 50
23 51
24 8
24 10
24 23
24 28
24 36
24 40
24 41
24 42
24 47
25 14
25 21
25 36
25 38
25 52
26 3
26 7
26 45
27 3
27 8
27 14
27 15
27 21
27 22
27 38
27 46
27 53
28 5
28 7
28 29
28 34
28 41
29 8
29 18
29 21
29 38
29 42
30 11
30 24
30 25
30 31
31 3
31 24
31 49
32 12
32 20
32 26
32 39
32 42
32 44
33 15
33 42
33 44
34 14
34 22
34 26
34 30
34 37
34 55
35 2
35 25
35 36
35 39
35 48
35 51
35 54
36 4
36 11
36 23
36 32
36 42
37 11
37 34
38 1
38 29
38 35
38 40
39 1
39 3
39 17
39 20
39 33
39 36
39 41
39 53
39 55
40 3
40 31
40 38
40 52
40 54
41 7
41 9
41 20
41 25
41 50
42 1
42 2
42 15
43 3
43 5
43 21
43 28
43 30
43 38
43 47
44 5
44 10
44 11
44 27
44 36
44 39
45 12
45 17
45 21
45 31
45 47
45 49
45 51
46 4
46 50
46 51
46 53
47 28
47 38
48 41
48 50
49 6
49 9
49 10
49 23
49 25
49 29
50 4
50 8
50 11
50 14
50 38
50 53
51 6
51 42
51 44
51 54
53 8
53 25
53 28
53 40
54 7
54 14
54 27
54 37
54 49
55 14
55 22
55 30
55 38
55 49
Loss 0 85 0 0 0 0 17 0 0 9 24 0 0 0 0 92 36 0 92 57 0 0 0 32 0 75 22 0 0 0 0 0 0 0 75 77 0 3 79 0 0 0 0 0 0 0 0 0 0 0 0 0 0 0 0 
