48 <--# of nodes, 246 edges
1 4
1 8
1 18
1 20
1 23
1 28
1 38
2 3
2 4
2 7
2 29
2 46
3 5
3 6
3 8
3 12
3 31
3 40
3 41
4 2
4 9
4 16
4 18
4 19
5 6
5 10
5 11
5 45
6 9
6 10
6 13
6 19
6 22
6 34
6 36
6 42
7 23
7 27
7 33
7 41
7 46
8 3
8 9
8 31
8 37
9 7
9 14
9 16
9 22
9 34
9 47
10 5
10 12
10 28
10 29
10 46
11 1
11 4
11 22
11 30
11 31
11 40
11 41
12 4
12 6
12 21
12 33
12 41
12 46
13 8
13 33
13 35
13 42
13 43
13 46
14 3
14 10
14 29
15 3
15 22
15 39
15 42
15 44
16 11
16 24
16 26
16 39
16 42
16 47
17 28
17 32
17 36
18 1
18 30
18 47
19 9
19 11
19 20
19 21
19 36
19 46
19 47
20 9
20 11
20 25
20 39
21 11
21 46
22 10
22 36
22 43
22 48
23 10
23 19
23 21
23 41
24 1
24 9
24 16
24 27
24 39
25 7
25 10
25 20
25 21
25 23
25 26
25 31
25 36
26 4
26 5
26 9
26 10
26 25
26 39
26 41
27 10
27 15
27 22
27 23
27 24
27 29
27 36
28 14
28 15
28 19
28 41
29 3
29 8
29 22
29 28
29 31
29 32
29 35
30 14
30 20
30 23
30 28
30 39
30 44
30 47
31 2
31 7
31 23
31 26
31 27
31 29
31 43
31 48
32 1
32 41
33 7
33 8
33 23
33 39
33 41
34 6
34 8
34 27
34 33
34 41
35 11
35 22
35 36
35 45
36 7
36 19
36 20
36 24
36 30
36 42
36 45
37 16
37 19
37 26
37 29
37 31
38 10
38 13
38 21
38 46
39 14
39 17
39 25
39 29
39 43
39 45
40 2
40 3
40 21
40 24
40 32
40 38
40 41
41 19
41 24
41 46
42 5
42 8
42 19
42 31
43 1
43 2
43 12
43 16
43 17
44 20
44 25
44 26
44 33
44 37
44 38
45 6
45 9
45 21
45 28
45 29
45 46
46 14
46 32
46 45
47 20
47 23
47 45
48 19
48 46
Loss 0 0 0 57 0 0 98 8 0 0 0 0 0 0 0 0 0 0 79 0 0 0 0 0 0 0 0 0 0 0 0 0 0 31 0 90 0 0 0 0 0 0 0 0 0 0 0 33 
