32 <--# of nodes, 105 edges
1 3
1 7
1 24
1 28
3 7
3 32
4 6
4 8
4 12
4 25
5 8
5 24
5 28
5 32
6 13
7 6
7 25
8 15
8 16
8 21
9 3
9 6
9 13
9 17
9 28
9 32
10 3
10 13
10 17
10 20
10 23
11 20
12 6
12 7
12 9
12 11
12 14
12 20
12 24
12 26
12 29
13 1
13 11
13 19
13 24
13 25
13 26
13 32
14 2
14 19
14 29
15 24
15 27
15 29
16 1
16 12
17 25
18 5
18 10
19 6
19 26
20 2
20 27
21 5
22 5
22 31
23 3
23 5
23 10
23 13
23 17
23 25
24 16
24 28
25 15
25 18
25 22
25 29
25 31
26 1
27 6
27 12
27 21
27 32
28 2
28 4
28 5
28 19
28 32
29 27
30 4
30 10
30 20
30 25
30 29
31 11
31 13
31 17
31 19
31 23
31 24
32 4
32 8
32 21
32 25
Loss 0 0 55 0 0 70 0 0 75 0 0 26 0 0 33 0 0 14 0 0 0 45 0 44 0 0 60 0 0 77 0 09
