37 <--# of nodes, 134 edges
1 9
1 10
1 28
1 30
1 36
2 4
2 6
2 12
2 28
3 16
3 20
3 25
4 6
4 26
4 27
4 33
4 34
5 4
5 6
5 7
5 17
5 33
6 18
6 19
6 21
6 24
7 16
7 22
7 37
8 15
9 29
11 4
11 13
11 17
11 20
11 22
11 28
11 36
12 2
12 3
12 7
12 23
12 27
12 34
12 36
13 24
14 13
15 5
15 8
15 37
16 5
16 9
16 27
16 28
17 4
17 10
17 18
17 24
17 30
18 25
18 33
18 37
19 3
19 15
19 21
19 28
19 37
20 13
20 23
21 1
21 24
22 13
22 24
22 27
23 4
23 18
23 24
23 25
23 33
23 34
23 36
24 5
24 7
24 11
24 20
25 3
25 14
26 16
26 17
26 27
27 11
27 22
28 9
28 11
28 20
28 24
29 1
29 5
29 35
30 5
30 8
30 9
30 12
30 15
30 21
31 9
31 16
31 26
31 30
32 3
32 28
32 29
32 34
33 6
33 24
33 26
33 34
34 4
34 13
34 14
34 15
34 22
34 29
35 12
35 33
35 37
36 3
36 11
36 15
36 21
36 28
37 7
37 12
37 36
Loss 0 60 0 0 0 0 0 0 0 0 81 0 0 0 10 0 0 0 0 0 0 0 24 0 0 74 0 0 0 0 0 0 0 87 0 0 64 
