59 <--# of nodes, 350 edges
1 7
1 17
1 51
1 58
2 1
2 6
2 14
2 23
2 29
2 48
2 52
2 55
3 11
3 24
3 40
3 53
4 9
4 14
4 23
4 37
4 56
5 9
5 17
5 24
5 25
5 54
5 56
5 57
6 4
6 10
6 20
6 28
6 45
6 52
6 54
6 58
7 14
7 18
7 22
7 30
7 37
7 43
7 52
7 57
8 1
8 9
8 15
8 22
8 55
9 2
9 8
9 18
9 29
9 31
9 52
10 27
10 32
10 39
10 45
10 50
11 8
11 19
11 21
11 26
11 48
12 5
12 11
12 24
12 29
12 33
12 38
13 4
13 40
13 42
13 45
14 35
14 37
14 43
14 52
14 55
14 57
15 16
15 23
15 29
15 53
15 55
15 57
16 5
16 11
16 13
16 32
16 41
16 42
16 51
16 52
17 2
17 45
17 46
17 52
18 17
18 31
18 44
19 5
19 10
19 27
19 40
19 45
19 50
19 53
20 28
20 35
21 3
21 22
21 25
21 28
21 29
21 36
21 39
21 50
21 55
22 4
22 7
22 9
22 11
22 17
22 27
22 30
22 31
22 36
22 41
22 45
22 53
22 54
22 58
23 14
23 40
23 51
24 11
24 15
24 16
24 21
24 23
24 33
24 39
24 50
24 58
25 26
25 52
26 11
26 56
27 7
27 13
27 20
27 23
27 24
27 33
27 34
27 45
27 49
27 54
28 10
28 16
28 20
29 19
29 37
29 47
29 50
30 8
30 14
30 20
30 31
30 50
30 56
30 57
30 58
31 3
31 4
31 5
31 10
31 14
31 18
31 32
31 38
31 49
32 2
32 19
32 24
32 29
32 48
33 4
33 16
33 17
33 28
33 38
33 59
34 7
34 23
34 25
34 29
34 39
34 45
34 53
35 7
35 18
35 24
35 43
35 49
35 51
36 8
36 41
36 43
36 44
36 48
36 58
37 4
37 15
37 23
37 28
37 31
37 41
37 47
37 58
38 24
38 31
38 39
39 18
39 35
39 36
39 43
39 49
39 57
40 5
40 15
40 16
40 18
40 32
41 2
41 9
41 11
41 51
42 9
42 12
42 13
42 16
42 21
42 22
42 29
42 32
42 40
42 44
42 45
42 47
42 52
42 53
42 56
43 5
43 31
44 12
44 17
44 29
44 43
44 50
44 56
44 59
45 12
45 22
45 25
45 46
46 15
46 27
46 43
47 4
47 13
47 36
47 44
47 54
47 55
47 57
48 4
48 5
48 8
48 18
48 26
48 28
48 59
49 4
49 6
49 9
49 19
49 28
49 38
49 42
50 5
50 20
50 39
51 25
51 35
51 37
51 40
51 47
51 48
51 49
51 53
51 56
52 7
52 43
52 45
52 46
53 14
53 23
53 25
53 43
53 47
53 48
53 57
54 13
54 16
54 34
54 35
54 41
54 44
54 45
54 46
55 10
55 14
55 19
56 3
56 5
56 25
56 51
57 8
57 16
57 22
57 36
57 37
57 40
58 9
58 15
58 22
58 23
58 41
58 42
58 46
59 9
59 13
59 16
59 20
59 21
59 37
59 39
Loss 0 82 0 0 0 0 0 93 47 60 0 0 0 0 0 0 0 88 0 0 0 0 0 0 0 0 0 0 0 0 0 0 0 0 0 0 0 45 0 4 0 0 0 0 0 0 0 0 0 0 42 22 0 8 0 0 90 0 46 
