40 <--# of nodes, 147 edges
1 27
1 40
2 5
2 15
2 16
2 28
3 11
3 14
4 1
4 13
5 14
5 29
6 9
6 21
6 27
6 30
6 34
6 37
7 12
7 33
8 16
8 20
8 25
8 31
8 32
9 1
9 5
9 27
9 36
10 12
10 21
10 23
10 25
11 6
11 18
11 19
11 25
11 31
12 10
12 14
12 29
12 32
12 35
12 40
13 2
13 8
13 16
13 29
14 13
14 27
14 31
14 38
15 17
15 28
16 6
16 17
17 2
18 13
18 23
18 38
18 40
19 34
19 39
19 40
20 2
20 26
20 34
21 1
21 6
21 7
21 32
21 36
21 37
22 11
22 13
23 19
23 40
24 5
24 8
24 15
24 17
24 38
25 1
25 31
25 37
26 2
26 38
27 20
27 21
27 28
27 32
27 35
27 39
28 9
29 33
30 2
30 8
30 24
30 38
30 40
31 16
31 30
31 33
31 38
32 12
32 29
32 31
32 38
33 2
33 5
33 7
33 19
33 26
33 27
34 25
34 39
34 40
35 23
35 29
36 12
36 16
36 22
36 23
36 28
36 30
36 34
36 35
37 7
37 9
37 10
37 12
37 33
38 29
38 37
39 2
39 4
39 13
39 19
39 23
39 30
39 35
39 37
40 10
40 20
40 24
40 34
40 38
Loss 0 0 0 0 0 0 0 0 0 0 0 0 88 0 0 50 0 0 0 0 0 0 0 0 0 0 0 7 0 0 0 21 0 0 0 72 0 0 0 0 
