58 <--# of nodes, 341 edges
1 4
1 12
1 18
1 45
1 54
2 7
2 14
2 35
2 47
2 49
2 52
2 55
3 11
3 20
3 25
3 30
3 41
3 45
3 52
3 57
4 8
4 13
4 32
4 36
4 45
4 53
5 1
5 20
5 22
5 30
5 34
5 36
5 42
5 50
6 15
6 35
6 40
6 52
6 53
7 2
7 6
7 19
7 20
7 47
7 49
8 14
8 23
8 43
8 48
8 54
9 6
9 12
9 17
9 21
9 23
9 35
9 40
9 47
10 2
10 13
10 15
10 27
10 35
10 40
10 53
11 8
11 14
11 16
11 20
11 24
11 30
11 51
12 6
12 8
12 16
12 19
12 25
12 32
12 41
12 44
12 52
12 55
13 3
13 5
13 35
13 42
13 43
14 9
14 10
14 12
14 23
14 25
14 27
14 31
14 33
14 46
14 49
15 33
15 34
15 41
15 46
15 56
16 7
16 12
16 29
16 37
16 55
16 58
17 12
17 33
17 39
17 54
17 56
18 29
18 32
18 41
18 55
19 3
19 4
19 8
19 18
19 22
19 23
19 26
19 36
20 18
20 23
20 41
20 42
21 1
21 5
21 13
21 17
21 28
21 45
21 46
22 16
22 18
22 50
23 7
23 8
23 18
23 20
23 27
23 46
24 9
24 10
24 26
24 33
24 37
24 50
25 19
25 26
25 36
25 37
25 44
25 47
26 25
26 47
26 49
26 55
27 9
27 17
27 18
27 25
28 1
28 41
28 43
28 48
28 56
29 5
29 8
29 9
29 17
29 25
29 42
29 43
29 48
30 6
30 10
30 17
30 23
30 45
30 53
31 4
31 12
31 15
31 18
31 26
31 29
31 32
31 47
31 58
32 11
32 25
32 27
32 30
32 31
32 53
32 55
33 8
33 9
33 12
33 30
33 52
33 54
34 2
34 6
34 43
34 46
34 52
35 9
35 12
35 21
35 24
35 29
35 40
35 42
35 55
35 57
36 1
36 11
36 18
36 21
36 29
36 49
37 26
37 33
37 36
37 45
37 56
38 2
38 4
38 9
38 13
38 29
38 44
38 55
39 14
39 17
39 48
40 2
40 7
40 21
40 22
40 37
40 43
40 48
40 57
41 46
42 18
42 24
42 46
42 57
43 2
43 34
43 36
43 37
43 41
43 44
43 48
44 35
44 40
44 52
44 55
45 5
45 9
45 21
45 30
45 37
45 39
45 55
46 25
46 38
46 39
47 6
47 7
47 16
47 33
47 35
47 38
47 44
47 51
47 55
47 58
48 17
48 23
48 42
49 8
49 9
49 12
49 19
49 28
49 48
49 55
50 14
50 21
50 28
50 29
51 7
51 14
51 16
51 21
51 53
51 56
52 2
52 13
52 33
52 36
52 40
52 41
52 48
52 51
53 41
53 52
54 22
54 35
54 47
54 53
55 4
55 16
55 20
55 24
55 33
55 36
55 40
55 54
56 7
56 17
56 22
56 40
56 51
57 2
57 14
57 23
57 24
57 54
58 8
58 20
58 31
58 37
Loss 0 53 0 0 0 0 0 0 0 14 53 0 0 0 0 75 0 77 0 0 0 0 0 0 0 0 0 0 62 0 0 0 90 0 0 0 0 5 0 0 0 0 0 91 0 0 0 38 0 0 0 0 0 0 0 0 0 0 
