31 <--# of nodes, 95 edges
1 6
1 9
1 16
1 20
1 26
2 17
2 18
2 20
2 26
3 5
3 25
4 1
4 16
5 21
6 9
6 10
6 19
7 16
7 23
8 13
9 12
9 13
9 18
9 20
9 24
9 29
9 31
10 2
10 22
10 28
11 8
11 10
11 13
11 20
12 13
12 19
12 23
12 24
13 5
13 16
13 21
14 2
14 11
15 1
15 2
15 11
15 19
15 28
16 6
16 12
16 17
16 20
16 30
16 31
17 2
17 11
17 15
17 18
17 28
18 3
18 9
19 11
21 9
21 10
21 23
21 29
22 23
22 31
23 13
23 22
23 24
23 31
24 4
24 14
25 23
25 24
26 14
26 22
26 30
27 1
27 2
27 8
27 11
28 8
28 9
28 23
29 15
30 16
30 20
30 23
30 31
31 13
31 14
31 19
31 30
Loss 0 0 0 77 0 0 0 0 0 0 0 49 0 0 0 0 0 0 0 0 0 95 0 0 0 15 0 0 0 0 0 
