28 <--# of nodes, 71 edges
1 9
1 22
2 1
2 7
2 9
2 11
2 25
3 9
3 13
3 19
3 22
5 1
5 15
6 9
6 12
6 24
7 9
7 18
8 9
9 17
10 6
10 11
11 2
11 7
12 4
12 7
12 8
12 16
12 23
13 25
13 27
13 28
14 1
14 11
14 12
14 21
15 6
15 14
15 20
16 4
16 8
17 19
18 14
18 22
19 4
19 24
19 27
19 28
20 9
20 15
20 19
21 2
21 6
21 28
22 6
22 8
23 18
24 8
24 15
24 17
25 1
25 10
25 18
25 28
26 18
26 20
27 25
28 2
28 5
28 9
28 13
Loss 0 0 0 0 14 0 0 33 0 0 0 0 0 0 0 0 0 0 0 0 0 0 40 0 0 0 0 0 
