48 <--# of nodes, 245 edges
1 6
1 13
1 18
1 39
1 40
2 1
2 5
2 16
2 25
2 36
3 15
3 16
3 32
3 46
4 47
5 3
5 24
5 30
5 31
5 37
6 3
6 45
7 2
7 5
7 8
7 27
7 37
7 42
7 45
7 48
8 5
8 24
8 26
8 28
8 42
8 45
8 46
9 46
10 3
10 16
10 18
10 26
10 31
11 1
11 2
11 15
11 31
12 14
12 21
12 28
12 37
12 38
13 3
13 18
13 19
13 29
13 30
13 39
14 29
14 34
14 40
14 42
14 44
15 1
15 12
15 18
15 32
15 42
15 47
15 48
16 4
16 5
16 12
16 15
16 19
16 25
16 30
16 40
17 12
17 26
17 42
17 43
17 47
18 10
18 48
19 3
19 28
19 32
19 47
20 23
20 27
20 37
20 43
20 44
21 2
21 7
21 8
21 33
21 42
22 41
23 17
23 22
23 24
23 26
23 29
23 38
23 43
23 48
24 7
24 14
24 18
24 22
24 30
24 33
25 1
25 4
25 8
25 19
25 33
25 34
26 18
26 43
26 46
27 6
27 12
27 20
27 21
27 22
27 26
27 46
27 47
28 23
28 24
28 27
28 31
29 6
29 12
29 13
29 22
29 28
29 31
30 9
30 12
30 14
30 16
30 20
30 28
30 35
30 48
31 18
31 22
31 28
31 43
31 44
32 3
32 10
32 25
32 27
32 38
33 17
33 28
33 43
34 5
34 9
34 19
34 36
35 2
35 14
35 30
36 14
36 20
36 21
36 30
36 37
36 45
37 8
37 16
37 17
37 25
37 32
38 19
38 25
38 34
38 40
39 11
39 14
39 15
39 16
39 22
39 25
39 33
39 38
40 4
40 8
40 12
40 15
40 22
40 23
41 15
41 17
41 23
41 31
41 40
42 4
42 7
42 15
42 22
42 28
43 4
43 8
43 17
43 33
43 39
43 46
44 2
44 28
44 34
44 42
44 45
44 46
44 47
45 10
45 24
45 27
45 30
45 39
45 41
45 46
46 1
46 7
46 12
46 16
46 20
46 39
46 43
47 16
47 20
47 25
47 29
47 33
47 42
48 3
48 13
48 26
48 30
Loss 0 0 32 0 0 3 55 0 0 0 0 0 0 0 68 0 53 55 0 0 0 0 0 0 0 0 0 0 79 0 0 0 0 0 20 0 80 0 0 0 55 0 0 0 0 0 0 75 
