63 <--# of nodes, 367 edges
1 2
1 32
1 47
1 50
1 54
1 55
2 16
2 21
2 32
2 34
2 35
2 45
2 61
3 6
3 12
3 23
3 27
3 37
3 45
3 46
3 52
3 58
4 7
4 16
4 18
4 33
4 38
4 39
4 43
4 45
5 8
5 36
5 57
6 2
6 3
6 20
6 24
6 48
6 58
7 3
7 13
7 15
7 17
7 22
7 32
7 46
8 11
8 33
8 40
8 49
9 11
9 22
9 27
9 34
9 48
9 57
9 63
10 2
10 38
11 3
11 6
11 22
11 29
11 36
11 41
11 52
12 8
12 53
12 62
13 9
13 16
13 21
13 23
13 24
13 37
13 40
14 4
14 6
14 12
14 40
14 52
14 54
14 58
15 32
15 46
16 11
16 22
16 48
16 51
16 59
17 4
17 5
17 50
18 5
18 19
18 22
18 24
18 41
18 42
18 44
18 47
18 62
19 1
19 11
19 17
19 21
19 25
19 26
19 30
19 36
19 52
19 53
20 2
20 5
20 17
20 23
20 31
20 33
20 38
20 54
20 60
21 27
21 31
21 34
21 36
21 45
21 47
21 53
22 11
22 15
22 25
22 45
22 52
22 56
23 16
23 30
23 31
23 34
23 36
23 53
23 58
24 7
24 15
24 26
24 27
24 30
24 31
24 45
24 52
24 61
25 3
25 7
25 18
25 20
25 26
25 60
25 63
26 44
26 46
26 62
27 12
27 16
27 46
27 55
27 57
28 29
28 39
28 54
29 12
29 14
29 25
29 36
29 41
29 54
29 57
29 62
30 5
30 19
30 20
30 27
30 28
30 31
30 33
30 48
30 49
30 55
31 1
31 9
31 12
31 38
31 54
32 7
32 16
32 20
32 34
32 39
32 44
32 45
32 56
32 63
33 5
33 8
33 20
33 25
33 30
33 34
33 44
33 47
33 51
34 1
34 5
34 14
34 15
34 31
34 35
34 48
34 51
34 62
35 4
35 7
35 11
35 24
35 28
35 34
35 38
35 44
35 49
36 2
36 16
36 17
36 35
37 21
37 25
37 36
37 40
37 50
37 60
38 27
38 44
38 51
39 5
39 17
39 24
39 27
39 29
39 59
40 14
40 22
40 52
40 56
40 58
41 10
41 25
41 30
41 31
41 48
42 8
42 9
42 12
42 43
42 47
43 10
43 13
43 32
43 37
43 38
43 46
44 6
44 18
44 26
44 57
45 16
45 35
45 36
45 54
45 59
46 20
46 27
46 31
46 34
46 39
46 47
46 57
47 37
47 43
47 44
47 61
48 2
48 5
48 15
48 20
48 33
48 42
48 51
49 6
49 13
49 29
49 48
49 54
50 36
50 45
50 47
50 63
51 19
51 22
51 60
52 18
52 22
52 28
52 45
52 53
52 61
53 2
53 15
53 21
53 43
53 49
54 8
54 22
54 29
54 39
54 55
55 6
55 17
55 22
55 31
55 33
55 51
55 57
56 10
56 12
56 41
56 55
57 13
57 17
57 24
57 34
57 45
58 1
58 3
58 11
58 17
58 31
58 35
59 8
59 9
59 12
59 33
59 43
60 7
60 52
60 62
61 1
61 14
61 27
61 29
62 30
62 37
62 52
62 54
62 63
63 31
63 33
63 44
63 52
63 53
63 59
Loss 0 0 0 0 0 0 0 0 0 0 0 0 0 0 0 0 61 0 0 0 0 0 0 0 11 53 0 0 0 40 0 69 0 0 0 0 0 25 0 0 0 0 0 55 30 47 0 86 37 0 0 0 0 0 0 0 0 0 0 0 0 0 0 
