42 <--# of nodes, 167 edges
1 19
1 36
1 40
2 30
2 39
3 21
4 22
4 26
4 29
4 37
5 1
5 36
5 37
6 33
7 1
7 16
7 41
7 42
8 1
8 11
8 14
8 16
8 29
8 33
8 35
9 1
9 7
9 13
9 26
9 28
9 37
9 41
10 6
10 12
10 22
10 29
10 35
10 36
11 25
11 29
12 9
12 15
12 21
13 5
13 21
13 22
14 22
14 23
14 40
15 3
15 9
15 24
15 32
15 33
15 37
15 39
16 25
17 4
17 5
17 21
17 29
18 9
18 12
18 16
18 17
18 25
18 37
19 2
19 5
20 14
20 29
21 2
21 18
21 33
21 34
22 2
22 4
22 16
22 23
22 24
23 1
23 28
23 35
24 15
24 18
24 22
24 25
24 33
24 39
25 4
25 22
25 27
25 30
26 6
26 14
26 17
26 30
27 4
27 8
27 21
27 30
27 33
28 13
28 15
28 19
28 31
28 40
28 41
29 6
30 3
30 5
30 9
30 11
30 14
30 17
30 22
30 33
30 36
31 9
31 33
31 40
32 15
32 22
32 29
32 36
32 41
32 42
33 8
33 22
33 31
33 32
33 42
34 7
34 17
34 20
34 32
35 12
35 20
35 41
36 11
36 20
36 34
36 37
37 14
37 15
37 17
37 18
37 19
37 30
37 32
38 6
38 8
38 17
38 27
39 5
39 15
39 36
39 38
40 8
40 12
40 24
40 29
40 42
41 10
41 40
42 25
42 32
Loss 0 62 0 0 0 0 18 0 0 0 0 0 0 0 70 0 0 0 0 0 0 0 0 0 0 0 0 0 32 0 0 0 0 17 0 58 0 0 0 0 51 0 
