48 <--# of nodes, 234 edges
1 6
1 10
1 25
1 43
1 46
1 47
2 7
2 23
2 35
2 46
3 11
3 13
3 22
4 3
4 6
4 11
4 30
4 32
4 47
5 4
5 17
5 21
5 24
5 38
5 40
5 47
6 4
6 35
6 36
7 9
7 14
7 33
7 48
8 4
8 7
8 17
8 31
8 40
8 47
9 2
9 10
9 29
9 47
10 5
10 23
10 27
10 32
10 40
10 42
10 44
11 6
11 13
11 37
11 47
12 4
12 8
12 17
12 25
12 43
12 47
12 48
13 1
13 11
13 42
13 43
13 45
14 1
14 4
14 7
14 18
14 24
14 33
14 34
14 42
15 8
16 18
16 19
16 24
16 27
16 39
17 5
17 8
17 21
17 25
17 39
17 45
17 46
18 1
18 25
18 36
18 43
18 44
19 24
19 37
19 38
19 45
20 2
20 12
20 19
20 30
20 36
21 5
21 8
21 14
21 20
21 24
21 41
21 43
22 4
22 8
22 9
22 23
22 25
22 28
22 37
22 48
23 2
23 4
23 9
23 13
23 24
24 4
24 15
24 17
24 18
24 44
24 45
25 7
25 8
25 15
25 38
26 12
26 17
26 24
26 31
27 16
27 24
27 30
27 39
27 44
28 6
28 11
28 12
28 14
28 24
28 45
29 11
29 38
30 2
30 5
30 27
30 43
31 2
31 9
31 10
31 21
31 28
31 36
31 48
32 15
32 18
32 30
32 42
33 9
33 31
33 38
33 40
33 41
33 48
34 2
34 14
34 16
34 25
34 44
35 5
35 31
35 34
35 39
36 4
36 7
36 17
36 24
36 48
37 1
37 11
37 13
37 16
37 30
37 42
38 9
38 14
38 18
38 20
38 47
39 9
39 32
39 44
40 4
40 7
40 8
40 18
40 30
41 17
41 33
41 37
42 4
42 23
42 28
42 29
42 34
42 37
42 39
43 12
43 13
43 17
43 25
43 48
44 5
44 21
45 24
45 30
45 33
45 34
46 2
46 48
47 1
47 8
47 15
47 33
47 34
47 37
48 14
48 35
48 38
Loss 0 0 0 0 0 61 0 81 0 0 0 0 0 0 0 0 0 0 72 23 44 0 0 0 0 3 0 0 0 0 0 0 0 0 0 0 0 0 41 0 0 0 0 0 0 3 0 0 
