65 <--# of nodes, 446 edges
1 23
1 31
1 37
1 42
1 43
1 45
2 6
2 25
2 34
2 38
2 44
2 65
3 13
3 15
3 18
3 20
3 21
3 33
3 42
3 65
4 11
4 14
4 32
4 33
5 33
5 38
5 55
6 7
6 39
6 48
6 50
6 65
7 2
7 3
7 8
7 15
7 21
7 25
7 39
7 41
7 44
7 53
8 31
8 38
8 49
9 20
9 27
9 35
9 39
9 61
9 64
10 25
10 34
10 40
10 44
11 6
11 9
11 13
11 16
11 18
11 50
11 63
11 64
12 4
12 10
12 11
12 16
12 31
12 32
12 37
12 42
12 44
12 54
13 20
13 23
13 36
13 62
13 65
14 8
14 11
14 12
14 17
14 34
14 35
14 41
14 52
14 53
14 64
15 18
15 25
15 33
15 36
15 38
15 64
16 8
16 14
16 17
16 18
16 22
16 33
16 60
17 1
17 7
17 16
17 19
17 48
17 54
17 60
17 61
18 12
18 13
18 22
18 48
18 50
18 58
18 60
18 62
19 3
19 12
19 23
19 26
19 41
19 58
19 61
20 1
20 21
20 22
20 28
20 48
20 61
21 6
21 14
21 27
21 31
21 40
21 45
21 47
21 50
21 51
21 60
22 25
22 40
22 45
23 5
23 7
23 34
23 35
23 41
23 59
24 14
24 18
24 32
24 45
24 46
24 49
24 50
24 57
25 15
25 16
25 30
25 48
25 51
25 56
26 11
26 12
26 22
26 41
26 47
26 48
26 62
27 28
27 34
27 36
27 38
27 53
28 14
28 22
28 40
28 44
28 48
29 10
29 18
29 33
29 41
29 45
29 58
29 60
30 1
30 5
30 13
30 18
30 28
30 42
30 52
30 61
30 62
30 64
31 2
31 8
31 9
31 16
31 37
31 51
31 52
32 3
32 6
32 15
32 16
32 45
32 62
32 65
33 3
33 15
33 51
33 57
33 62
34 15
34 17
34 25
34 27
34 28
34 35
34 40
34 47
34 54
34 62
34 63
35 9
35 42
35 45
35 53
36 7
36 11
36 16
36 30
36 38
36 44
36 45
36 51
37 1
37 3
37 6
37 7
37 16
37 22
37 25
37 32
37 38
37 45
37 48
37 60
37 63
38 7
38 23
38 30
38 32
38 33
38 48
38 58
39 9
39 27
39 32
39 51
39 59
39 60
40 9
40 11
40 15
40 17
40 21
40 25
40 30
40 56
40 58
41 8
41 17
41 21
41 39
41 49
41 53
41 57
41 61
41 64
42 12
42 15
42 24
42 25
42 35
42 53
43 5
43 20
43 30
43 33
43 42
43 44
43 46
43 54
44 7
44 9
44 16
44 20
44 25
44 26
44 45
44 50
44 54
44 59
45 10
45 46
45 51
45 61
46 4
46 29
46 51
46 57
47 16
47 20
47 25
47 32
47 39
47 45
47 48
47 49
47 51
47 54
48 4
48 6
48 10
48 12
48 24
48 43
48 63
49 4
49 9
49 30
49 32
49 43
50 21
50 28
50 31
50 36
50 42
50 56
50 60
50 63
51 11
51 15
51 26
51 28
51 29
51 30
51 33
51 49
52 4
52 6
52 15
52 22
52 41
52 55
52 60
53 2
53 4
53 9
53 40
53 41
53 43
53 46
53 56
53 60
54 21
54 35
54 42
54 60
55 2
55 23
55 27
55 40
55 45
56 15
56 29
56 36
56 53
57 13
57 15
57 21
57 25
57 28
57 35
57 43
57 45
57 46
57 48
57 56
57 58
57 63
57 64
58 1
58 10
58 19
58 34
58 46
58 57
59 9
59 10
59 13
59 20
59 26
59 52
59 60
60 11
60 24
60 37
60 43
60 44
60 51
61 1
61 21
61 36
61 47
61 51
61 56
61 62
62 7
62 10
62 25
62 40
62 53
62 54
62 59
63 21
63 28
63 39
64 7
64 14
64 25
64 28
64 30
64 48
64 50
65 1
65 8
65 18
65 21
65 27
65 29
65 43
Loss 0 75 0 0 0 0 37 23 0 93 0 0 0 0 0 0 0 0 0 0 0 0 0 16 0 0 0 0 0 0 0 25 0 0 0 33 0 0 0 0 0 0 0 0 45 0 27 0 0 94 0 0 0 5 0 0 37 0 0 0 0 0 0 0 0 
