68 <--# of nodes, 451 edges
1 2
1 4
1 8
1 9
1 10
1 16
1 20
1 26
1 28
1 37
1 54
1 59
2 3
2 17
2 19
2 23
2 39
2 68
3 16
3 28
3 32
3 43
3 46
3 68
4 22
4 25
4 27
4 36
4 50
4 52
5 6
5 23
5 24
5 32
5 35
5 42
5 45
5 48
5 54
5 57
5 64
5 66
5 67
6 17
6 20
6 33
6 39
6 43
6 63
6 68
7 16
7 21
7 27
7 33
7 44
7 52
7 56
7 62
7 65
8 3
8 4
8 7
8 12
8 13
8 17
8 59
9 1
9 3
9 23
9 30
9 40
9 55
10 7
10 8
10 23
10 28
10 39
10 45
11 3
11 14
11 16
11 43
11 46
11 47
11 51
11 56
12 19
12 20
12 25
12 28
13 8
13 12
13 28
13 30
13 31
13 35
13 38
13 42
13 45
14 1
14 7
14 12
14 21
14 23
14 42
15 3
15 6
15 22
15 23
15 40
15 48
15 49
15 51
15 60
16 5
16 11
16 18
16 23
16 24
16 46
16 48
16 55
16 58
17 24
17 29
17 32
17 37
17 41
17 68
18 27
18 31
18 53
18 62
19 7
19 10
19 27
19 41
20 2
20 24
20 31
20 32
20 55
20 58
20 61
21 8
21 61
21 63
22 4
22 7
22 29
22 59
23 14
23 28
23 31
23 35
23 46
23 52
23 55
23 58
24 8
24 10
24 27
24 28
24 41
24 51
24 57
25 21
25 34
26 7
26 14
26 20
26 36
26 37
26 42
26 56
26 59
27 20
27 21
27 22
27 45
28 9
28 24
28 27
28 30
28 36
29 8
29 43
30 2
30 7
30 10
30 21
30 27
30 41
30 64
31 4
31 12
31 16
31 24
31 33
31 55
32 3
32 6
32 21
32 23
32 26
32 33
32 37
32 45
32 46
32 47
32 50
32 67
33 2
33 12
33 19
33 30
33 36
33 49
33 67
34 2
34 5
34 8
34 14
34 56
34 60
34 67
35 2
35 4
35 5
35 36
35 44
35 45
35 54
35 68
36 17
36 37
36 43
36 48
36 52
36 54
36 68
37 22
37 30
37 33
37 49
37 54
37 58
37 68
38 9
38 15
39 10
39 14
39 18
39 26
39 51
40 26
40 27
40 29
40 55
40 68
41 16
41 23
41 30
41 36
41 58
42 8
42 12
42 17
42 22
42 51
42 56
42 60
43 1
43 3
43 5
43 6
43 9
43 13
43 37
43 46
43 50
44 8
44 13
44 26
44 33
44 41
44 46
44 59
45 4
45 7
45 8
45 37
45 47
45 48
45 49
45 55
46 1
46 2
46 10
46 34
46 36
46 49
46 60
47 10
47 30
47 38
47 60
47 67
48 46
48 52
48 53
48 57
48 58
48 65
49 5
49 19
49 26
49 31
49 36
49 55
49 60
49 63
49 68
50 11
50 22
50 33
50 44
50 45
50 52
51 8
51 11
51 25
51 31
51 36
51 49
51 57
51 61
52 1
52 4
52 20
52 23
52 31
52 40
52 51
52 67
53 13
53 17
53 24
53 34
53 35
53 39
53 43
53 44
53 48
53 60
53 61
53 62
53 65
54 10
54 16
54 17
54 18
54 29
54 52
55 10
55 16
55 34
55 37
55 38
56 17
56 19
56 23
56 35
56 39
56 57
56 67
57 8
57 23
57 42
57 48
57 58
57 60
58 13
58 14
58 31
58 41
58 59
59 1
59 16
59 28
59 30
59 46
60 3
60 5
60 15
60 41
60 43
60 50
61 21
61 25
61 26
61 31
61 32
61 44
61 68
62 18
62 36
62 39
63 9
63 13
63 25
63 27
63 57
63 58
63 59
64 13
64 14
64 19
64 27
64 37
64 59
64 66
65 41
65 42
65 49
65 52
66 5
66 6
66 8
66 16
66 18
66 21
66 34
66 48
66 65
67 7
67 15
67 30
67 35
67 49
67 59
67 68
68 6
68 17
68 18
68 28
68 29
68 30
68 40
68 63
68 65
Loss 0 0 0 64 0 0 0 0 0 92 0 92 0 0 0 21 95 0 0 11 0 0 0 0 0 0 0 54 0 37 0 0 0 0 0 0 0 0 37 0 92 0 0 41 0 16 0 0 0 0 51 0 0 40 40 0 0 0 0 34 0 0 0 0 0 0 0 0 
