48 <--# of nodes, 222 edges
1 11
1 12
1 13
1 21
1 24
1 25
1 41
1 48
2 32
2 42
2 43
3 10
3 22
3 34
3 41
4 6
4 7
4 10
4 27
4 31
4 45
4 48
5 13
5 23
5 25
5 44
6 12
7 4
7 9
7 14
7 15
7 36
7 41
8 4
8 13
8 15
8 25
8 28
8 38
8 40
8 42
9 2
9 7
9 26
9 31
9 32
9 33
9 37
9 43
9 44
10 4
10 11
10 26
11 8
11 26
11 34
11 48
12 3
12 20
12 31
12 47
13 2
13 4
13 30
13 32
13 35
14 3
14 4
14 13
14 31
15 1
15 8
15 31
15 37
16 7
16 15
16 20
16 32
16 36
16 46
17 30
18 3
18 13
18 15
18 37
18 42
19 35
19 41
20 16
20 32
20 44
21 3
21 4
21 6
21 7
21 11
21 26
21 39
21 41
22 6
22 7
22 16
22 24
22 37
23 22
23 43
24 7
24 35
24 37
25 9
25 29
25 33
26 7
26 15
26 28
27 3
27 5
27 18
27 20
27 38
27 40
27 43
27 47
28 33
28 44
29 3
29 16
29 25
30 10
30 14
30 21
31 2
31 11
31 22
31 25
31 34
32 5
32 18
32 19
32 21
32 22
32 25
32 31
33 13
33 15
33 20
33 29
33 35
34 8
34 12
34 18
34 28
35 22
35 31
35 34
35 41
36 9
36 32
37 2
37 6
37 11
37 12
38 17
38 26
38 29
38 37
38 42
38 46
39 12
39 21
39 22
39 30
39 32
39 36
39 37
39 41
40 6
40 19
40 20
40 23
40 38
40 41
41 34
42 12
42 18
42 22
42 24
42 27
43 11
43 18
43 23
43 27
43 28
43 34
43 47
44 15
44 19
44 21
44 28
44 31
44 40
44 47
45 8
45 17
45 19
45 28
45 35
45 48
46 16
46 17
46 43
47 1
47 3
47 4
47 9
47 21
47 39
48 11
48 21
48 22
48 34
48 45
Loss 0 0 0 3 0 0 0 0 0 0 0 0 0 0 44 0 0 0 0 0 0 0 34 0 0 0 0 78 10 0 0 0 0 0 0 0 0 0 0 0 0 0 0 0 0 0 0 0 
