45 <--# of nodes, 195 edges
1 25
1 39
1 43
2 9
2 12
2 14
2 19
2 21
2 28
2 31
2 43
3 1
3 7
3 8
3 11
3 13
3 14
3 19
3 30
3 32
4 7
4 14
4 42
5 24
5 25
5 42
6 1
6 19
6 23
6 25
6 30
6 34
7 27
7 30
7 43
7 45
8 13
8 20
8 24
8 29
9 6
9 8
9 11
9 21
9 35
10 2
10 18
11 6
11 29
11 32
12 19
13 36
14 15
14 17
14 27
14 40
15 20
15 24
16 23
16 40
16 44
17 10
17 23
17 24
17 36
18 2
18 7
18 12
18 21
18 25
18 26
18 34
19 14
19 15
19 17
19 21
19 23
19 24
19 41
19 43
20 34
20 36
20 38
21 6
21 8
21 17
21 20
21 34
21 37
21 38
22 4
22 5
22 13
22 16
22 30
22 33
22 42
23 2
23 15
23 33
23 45
24 10
24 17
24 32
24 34
24 36
25 12
25 28
25 40
26 12
26 13
26 23
26 27
26 32
26 44
27 1
27 10
27 31
27 38
28 5
28 8
29 7
29 15
29 20
29 30
30 13
30 20
30 38
30 39
31 6
31 12
31 22
31 33
31 41
31 45
32 7
32 8
32 26
32 34
32 45
33 1
33 2
33 9
33 23
33 26
33 41
33 44
34 5
34 15
34 17
34 24
34 29
34 31
34 36
34 37
35 18
35 36
35 39
36 13
36 18
36 23
36 43
37 6
37 14
37 25
38 14
38 24
38 40
38 42
39 7
39 30
39 38
39 41
40 13
40 22
41 11
41 14
41 27
41 40
42 5
42 22
42 32
42 40
43 13
43 17
43 30
44 21
44 25
44 40
45 8
45 23
45 24
45 25
45 28
45 29
Loss 0 69 0 0 0 0 0 0 35 0 15 0 0 0 0 0 0 0 0 50 32 0 89 0 0 92 0 0 0 0 55 0 0 0 0 0 0 0 57 0 0 0 0 0 69 
