69 <--# of nodes, 493 edges
1 2
1 7
1 29
1 43
1 47
1 61
1 69
2 5
2 6
2 25
2 28
2 30
3 7
3 13
3 17
3 18
3 19
3 23
3 26
3 30
3 34
3 40
3 44
3 53
3 65
4 5
4 6
4 12
4 20
4 26
4 28
4 35
4 66
5 13
5 17
5 35
5 36
5 38
5 51
5 56
6 15
6 24
6 27
6 30
6 42
6 43
6 53
6 59
6 60
7 24
7 40
7 51
7 64
8 9
8 25
8 59
8 68
9 5
9 6
9 8
9 26
9 37
9 45
9 46
9 57
9 66
10 36
10 50
10 54
10 67
11 18
11 25
11 32
11 46
11 54
11 58
12 3
12 37
12 60
12 61
13 26
13 29
13 59
13 61
13 65
14 18
14 21
14 34
14 37
14 40
14 46
14 50
14 51
14 60
15 1
15 38
15 40
15 53
16 6
16 11
16 14
16 15
16 18
16 29
16 36
16 41
16 49
17 7
17 22
17 23
17 26
17 30
17 32
17 34
17 45
17 46
17 53
17 60
18 13
18 23
18 31
18 40
18 44
18 57
18 66
19 18
19 23
19 46
19 50
19 59
20 4
20 23
20 25
20 34
20 38
20 46
20 48
20 58
20 68
21 7
21 13
21 14
21 28
21 31
21 37
21 58
21 62
22 14
22 15
22 18
22 26
22 27
22 58
23 14
23 20
23 24
23 27
23 32
23 44
23 53
23 58
24 12
24 27
24 29
24 35
24 59
25 6
25 15
25 16
25 32
25 49
25 64
25 68
26 22
26 24
26 34
26 39
26 43
26 55
27 38
27 49
27 53
28 3
28 26
28 34
28 35
28 41
28 48
29 2
29 9
29 25
29 27
29 36
29 40
29 48
29 53
30 17
30 20
30 26
30 36
30 59
31 1
31 9
31 11
31 19
31 26
31 27
31 37
31 47
31 53
32 2
32 14
32 47
32 58
32 67
33 6
33 7
33 14
33 29
33 31
33 35
33 42
34 3
34 13
34 24
34 27
34 35
34 44
35 18
35 28
35 30
35 34
35 39
35 45
35 46
35 51
35 58
36 4
36 7
36 17
36 19
36 37
36 47
36 52
36 58
37 5
37 6
37 19
37 20
37 21
37 28
37 40
37 43
37 45
37 67
38 7
38 8
38 16
38 41
38 44
38 51
38 55
38 56
38 64
39 1
39 7
39 16
39 17
39 32
39 49
39 51
39 54
39 68
40 13
40 14
40 23
40 32
40 37
40 39
40 50
40 56
40 65
41 11
41 21
41 31
41 39
41 50
42 2
42 4
42 11
42 13
42 16
42 24
42 35
42 37
42 45
42 47
43 9
43 16
43 22
43 28
43 29
43 49
43 53
44 13
44 16
44 50
44 52
44 56
44 58
45 5
45 17
45 30
45 32
45 37
45 39
45 47
45 61
46 3
46 12
46 13
46 16
46 18
46 19
46 47
46 54
47 2
47 4
47 5
47 6
47 8
47 31
47 62
48 5
48 15
48 42
48 47
48 57
48 58
49 15
49 22
49 30
49 32
49 43
49 45
49 53
49 61
50 1
50 6
50 7
50 8
50 9
50 17
50 28
50 54
50 69
51 54
51 56
51 58
51 66
52 10
52 29
52 31
52 36
52 37
52 39
52 61
53 3
53 21
53 23
53 25
53 27
53 38
53 45
53 54
53 55
53 58
53 63
54 25
54 26
54 30
54 39
54 44
54 48
54 61
54 63
54 64
55 10
55 17
55 21
55 23
55 28
55 34
56 11
56 30
56 51
56 57
56 60
56 62
56 69
57 12
57 13
57 17
57 19
57 23
57 31
57 38
57 44
57 59
57 60
58 12
58 23
58 35
58 41
58 57
58 60
58 66
58 69
59 6
59 12
59 17
59 37
59 41
59 47
60 6
60 10
60 16
60 29
60 49
61 11
61 12
61 45
61 49
61 54
62 2
62 10
62 11
62 12
62 18
62 37
62 41
62 48
62 54
62 59
62 64
62 67
63 8
63 11
63 12
63 45
63 51
63 59
63 60
64 63
64 66
64 67
65 12
65 13
65 18
65 21
65 32
65 34
65 47
65 69
66 1
66 8
66 10
66 14
66 33
66 39
66 40
66 46
66 49
66 51
67 3
67 11
67 13
67 30
67 32
67 50
67 58
67 60
68 9
68 17
68 23
68 32
68 43
68 44
68 46
68 60
69 12
69 34
69 57
Loss 0 0 0 98 35 0 69 0 0 0 84 0 0 0 0 75 0 0 0 0 0 0 9 0 15 85 0 0 0 61 0 0 0 0 0 0 0 0 66 21 0 0 34 0 50 63 0 0 0 0 0 0 0 0 0 0 0 0 0 0 0 0 0 0 95 0 0 0 0 
