46 <--# of nodes, 203 edges
1 28
2 6
2 7
2 9
2 25
2 28
2 37
3 5
3 9
3 27
3 32
3 36
3 38
3 45
5 11
5 31
5 34
5 36
6 28
6 37
6 44
7 8
7 20
7 26
7 28
7 30
7 33
8 1
8 4
8 7
8 9
8 45
9 1
9 10
9 32
9 33
10 7
10 11
10 35
10 39
11 1
11 2
11 5
11 14
11 23
11 27
11 28
11 30
11 35
11 36
11 40
11 45
11 46
12 6
12 7
12 10
12 17
12 18
12 34
12 46
13 19
13 28
13 34
14 12
14 18
14 21
14 40
15 4
15 10
16 1
16 21
16 31
16 33
17 8
17 15
17 19
17 21
17 30
17 45
18 11
18 14
18 32
18 40
18 41
18 43
18 44
19 8
19 39
20 3
20 27
20 32
20 39
21 4
21 9
21 35
21 38
21 41
22 15
22 23
23 1
23 5
23 16
23 17
23 29
23 43
24 9
24 11
24 21
24 27
24 44
25 1
25 10
25 26
26 5
26 13
26 24
27 6
27 8
27 10
27 23
27 42
27 45
29 1
29 11
29 15
29 17
29 22
29 28
29 38
30 2
30 8
30 10
30 21
30 22
30 26
31 6
31 44
32 17
32 18
32 19
32 22
32 28
32 40
33 8
33 31
34 5
34 23
34 42
35 5
35 6
35 27
35 37
35 40
36 3
36 20
36 29
36 42
37 3
37 22
37 26
38 1
38 7
38 18
38 20
38 45
39 3
39 9
39 19
39 25
40 9
40 17
40 33
40 38
40 44
40 46
41 5
41 16
41 17
41 18
41 19
42 6
42 9
42 18
42 19
43 11
43 23
43 24
43 37
44 13
44 14
44 23
44 26
44 37
45 2
45 7
45 9
45 23
45 26
46 10
46 18
46 29
46 37
46 40
Loss 0 50 0 0 77 0 0 0 0 0 23 0 0 4 0 0 0 29 0 0 0 0 0 0 0 10 0 25 0 0 0 0 0 0 0 0 0 0 0 0 0 0 0 0 0 0 
