38 <--# of nodes, 126 edges
1 33
1 35
2 7
2 9
2 11
2 26
2 31
2 37
2 38
3 15
3 27
3 31
4 7
4 18
4 34
5 4
5 7
5 26
6 2
6 18
7 22
7 23
7 28
8 20
8 24
8 26
9 11
9 12
9 15
9 17
9 29
9 31
10 9
10 19
10 22
10 26
10 33
11 3
11 5
11 7
11 13
11 27
12 17
12 22
12 34
13 15
13 22
13 30
14 6
14 23
14 25
14 33
14 35
15 14
16 4
16 7
16 21
16 22
16 25
16 27
17 7
17 32
17 33
18 6
18 10
18 11
18 24
18 34
19 17
19 24
19 30
20 3
20 21
20 23
20 24
21 1
21 12
21 33
22 6
22 17
22 34
23 3
23 7
23 28
23 36
24 11
24 21
25 14
25 19
25 30
26 21
26 23
27 22
27 32
28 8
28 15
28 24
29 3
29 11
29 34
30 3
30 5
30 8
30 9
30 17
30 18
31 4
31 27
31 30
32 18
32 19
33 1
33 15
33 35
34 24
34 25
35 3
35 7
35 8
35 14
35 20
36 13
36 18
36 37
37 4
37 28
Loss 0 62 0 0 0 50 0 0 74 0 46 0 0 0 37 0 0 0 0 0 0 0 0 0 0 0 0 0 0 47 0 0 70 0 62 0 0 0 
