62 <--# of nodes, 382 edges
1 7
1 29
1 30
1 32
1 33
1 38
2 21
2 27
2 32
2 40
2 52
2 61
3 1
3 6
3 10
3 27
3 37
3 56
4 9
4 14
4 23
4 24
4 29
4 39
4 41
4 42
4 55
5 11
5 14
5 18
5 39
5 57
6 14
6 50
6 52
7 12
7 16
7 19
7 33
7 34
7 44
7 49
7 51
7 62
8 9
8 16
8 18
8 24
8 31
8 35
8 50
9 4
9 13
9 25
9 51
10 20
10 29
10 42
10 46
10 53
10 55
11 5
11 9
11 13
11 15
11 20
11 40
11 51
11 56
11 60
11 61
12 5
12 20
12 21
12 32
12 47
12 48
12 54
13 3
13 10
13 14
13 22
13 41
13 47
13 50
14 8
14 18
14 23
14 37
14 43
14 50
14 52
14 53
14 56
14 60
15 8
15 17
15 41
15 54
15 61
15 62
16 3
16 4
16 19
16 29
16 35
16 38
16 44
16 61
17 19
17 23
17 28
17 31
17 38
18 9
18 14
18 17
18 32
19 24
19 25
19 29
19 34
19 44
20 16
20 17
20 35
20 39
20 47
20 51
20 56
20 62
21 6
21 13
21 16
21 23
21 31
21 32
22 11
22 19
22 31
22 41
23 9
23 30
23 35
23 52
23 54
24 23
24 26
24 28
24 31
24 33
24 52
24 54
25 6
25 11
25 26
25 34
25 55
25 61
26 1
26 8
26 35
26 37
26 45
26 54
27 1
27 2
27 6
27 7
27 10
27 50
28 8
28 11
28 18
28 29
28 36
28 55
28 57
28 59
29 7
29 21
29 39
29 50
30 2
30 7
30 28
30 38
30 51
30 59
31 6
31 12
31 27
31 28
31 33
31 53
32 1
32 2
32 8
32 10
32 17
32 21
32 30
32 56
32 60
32 62
33 32
33 49
33 52
34 8
34 9
34 41
34 50
35 17
35 24
35 46
35 56
36 3
36 6
36 35
36 38
36 46
37 11
37 14
37 22
37 23
37 26
37 34
37 44
37 45
37 46
38 17
38 23
38 25
38 30
38 33
38 34
38 48
38 57
39 9
39 15
39 22
39 54
40 16
40 17
40 32
40 45
40 56
40 61
41 5
41 13
41 14
41 15
41 31
41 42
41 46
41 51
41 53
41 62
42 4
42 22
42 27
42 49
43 27
43 35
43 38
43 45
43 50
44 20
44 29
44 35
44 51
44 56
45 9
45 15
45 26
45 41
45 43
45 51
45 54
45 55
46 14
46 23
46 24
46 25
46 29
46 32
46 37
46 47
47 5
47 13
47 38
47 46
47 55
48 10
48 34
48 40
48 60
49 28
49 32
49 38
49 42
49 50
50 3
50 10
50 17
50 19
50 38
50 61
51 7
51 13
51 15
51 21
51 23
51 37
51 43
52 9
52 16
52 23
52 33
52 47
52 55
52 60
53 6
53 22
53 36
53 54
53 56
54 2
54 14
54 35
54 38
54 47
54 55
54 61
55 9
55 15
55 21
55 27
55 36
55 42
55 57
55 61
56 2
56 10
56 20
56 26
56 36
56 59
57 8
57 9
57 23
57 56
58 15
58 16
58 32
58 37
58 41
58 44
58 50
58 55
58 62
59 4
59 11
59 12
59 19
59 25
59 44
59 58
60 1
60 9
60 16
60 18
60 24
60 37
60 43
61 31
61 51
62 8
62 23
62 39
62 45
62 46
Loss 0 0 11 67 0 0 0 0 0 0 0 0 17 0 0 0 0 0 0 0 0 0 36 0 24 80 0 0 0 0 44 0 0 0 78 0 0 12 0 70 75 0 0 36 0 0 0 0 0 14 0 0 0 0 0 0 0 0 78 0 0 0 
