26 <--# of nodes, 78 edges
1 3
1 8
1 14
1 16
2 1
2 18
2 24
2 26
3 9
3 21
4 16
4 19
4 23
5 12
5 17
5 23
5 26
6 5
6 21
7 18
8 5
9 16
9 17
10 1
10 2
10 5
10 18
10 19
11 6
11 8
11 13
11 20
11 23
12 3
12 5
12 6
12 11
13 21
13 22
13 24
14 4
15 7
15 10
15 12
15 21
16 3
17 5
17 25
18 12
18 13
18 14
18 15
18 20
19 17
19 18
20 1
20 4
20 5
20 11
20 15
20 22
20 23
21 10
21 11
21 14
21 19
21 24
22 13
23 3
23 11
23 16
23 17
24 4
24 11
25 17
26 2
26 16
26 20
Loss 0 0 0 0 0 0 0 0 42 0 44 0 0 0 38 0 0 0 0 0 0 0 16 0 0 0 
