26 <--# of nodes, 67 edges
1 7
1 21
2 8
2 21
2 22
3 12
3 14
3 16
4 22
4 23
5 20
5 21
7 5
7 17
7 22
8 10
8 13
8 15
8 21
8 23
8 26
9 1
9 12
9 21
9 26
10 5
10 7
10 8
10 11
10 25
11 2
11 14
12 9
12 24
12 25
13 5
13 15
15 2
15 22
16 5
16 12
16 21
17 5
17 16
18 9
18 19
18 22
18 25
19 5
19 22
20 15
21 13
21 17
22 19
23 6
23 14
23 24
24 6
24 11
24 18
25 8
25 9
25 14
26 2
26 12
26 16
26 18
Loss 0 0 0 0 0 0 0 0 0 0 0 0 0 17 0 0 54 0 0 0 8 0 79 0 0 0 
