62 <--# of nodes, 366 edges
1 20
1 22
1 28
1 37
1 57
1 61
2 4
2 24
2 36
2 38
2 52
3 20
3 24
3 27
3 28
3 32
3 41
3 51
4 5
4 8
4 22
4 23
4 34
4 43
4 47
4 57
5 3
5 9
5 16
5 40
5 41
5 44
5 50
5 51
5 55
6 3
6 23
6 28
6 41
6 42
6 54
6 55
7 19
7 44
8 23
8 33
8 52
8 61
9 5
9 6
9 14
9 21
9 22
9 26
9 36
9 40
9 41
9 53
9 61
10 5
10 9
10 20
10 22
10 23
10 28
10 40
10 46
10 51
10 54
11 1
11 14
11 15
11 17
11 22
11 30
11 53
11 55
12 48
13 5
13 6
13 12
13 15
13 27
13 41
13 46
14 3
14 10
14 15
14 20
14 37
14 44
14 51
14 53
14 61
15 10
15 19
15 23
15 36
15 40
16 18
16 19
16 38
16 41
17 3
17 6
17 33
17 52
17 54
17 56
17 57
17 59
18 52
18 60
18 62
19 1
19 3
19 15
19 22
19 24
19 34
19 35
20 4
20 11
20 26
20 33
20 43
20 48
20 56
21 16
21 23
21 58
22 5
22 12
22 17
22 48
22 49
23 1
23 51
24 18
24 49
24 58
24 59
25 19
25 21
25 22
25 24
25 31
26 4
26 8
26 17
26 56
27 33
27 48
27 62
28 11
28 24
28 26
28 33
28 54
28 55
29 3
29 8
29 12
29 34
29 61
30 28
30 31
30 37
30 47
30 57
31 18
31 25
31 29
31 32
31 43
31 45
31 50
31 55
31 58
32 18
32 26
32 37
32 43
33 24
33 26
33 27
33 31
33 39
33 51
34 15
34 27
34 31
34 57
35 4
35 22
35 40
35 42
36 19
36 26
36 31
36 33
36 39
36 49
36 61
37 9
37 17
37 21
37 25
37 26
37 27
37 38
37 39
37 57
38 18
38 34
38 36
38 57
39 5
39 13
39 30
39 53
40 8
40 30
41 6
41 16
41 21
41 28
41 36
41 39
41 62
42 4
42 11
42 23
42 30
42 40
43 4
43 20
43 24
43 50
43 57
43 61
44 5
44 7
44 8
44 24
44 33
44 36
45 27
45 28
45 29
45 42
45 43
45 44
45 59
46 11
46 30
46 33
46 42
46 60
47 5
47 23
47 39
47 58
47 61
48 6
48 12
48 16
48 20
48 24
48 25
48 47
49 5
49 11
49 20
49 25
49 28
49 30
50 2
50 4
50 19
50 33
50 42
50 54
50 60
51 18
51 61
52 10
52 25
52 41
53 7
53 11
53 13
53 29
53 52
53 60
54 11
54 15
54 17
54 18
54 22
54 34
54 40
54 42
54 45
54 49
55 10
55 11
55 14
55 42
55 58
56 2
56 6
56 7
56 10
56 12
56 24
56 31
56 49
57 4
57 16
57 25
57 46
57 53
58 1
58 11
58 15
58 16
58 29
58 31
58 32
58 33
58 41
58 44
58 50
58 55
59 12
59 34
59 41
59 44
59 55
59 56
60 8
60 12
60 13
60 19
60 23
60 34
60 46
61 16
61 17
61 36
61 46
61 47
62 5
62 9
62 16
62 22
62 30
62 31
62 35
62 45
62 50
62 52
62 58
62 59
62 61
Loss 0 0 0 0 0 0 60 0 0 0 0 0 0 0 0 11 20 0 0 0 0 0 89 0 0 0 0 0 0 24 0 17 0 0 0 0 0 90 0 0 0 0 0 0 45 61 0 0 0 0 0 82 0 0 0 0 0 58 0 0 2 0 
