65 <--# of nodes, 378 edges
1 14
1 16
1 21
1 23
1 38
1 42
1 44
1 49
1 62
1 64
2 1
2 4
2 21
2 41
2 57
2 63
2 64
3 4
3 6
3 9
3 25
4 8
4 12
4 13
4 14
4 18
4 37
4 43
4 58
4 64
5 7
5 24
5 40
5 47
5 55
5 56
6 17
6 18
6 24
6 31
6 33
6 37
6 47
6 49
6 62
7 11
7 25
7 27
7 29
7 32
7 42
7 46
7 53
7 62
7 64
8 4
8 19
8 20
8 21
8 46
8 49
8 53
8 57
9 6
9 13
9 18
9 30
9 49
10 2
10 20
10 26
10 29
10 33
10 42
10 48
10 65
11 24
11 29
11 34
11 48
11 49
11 65
12 13
12 34
12 59
12 62
13 10
13 26
13 38
13 41
13 58
13 62
13 64
14 44
14 45
14 57
14 60
14 63
15 6
15 23
15 30
15 50
15 54
16 15
16 26
16 40
16 41
16 60
17 5
17 33
17 39
17 48
18 1
18 7
18 19
18 25
18 30
18 41
19 9
19 24
19 46
19 48
20 3
20 14
20 48
20 55
20 60
21 17
21 26
21 48
22 1
22 9
22 16
22 20
22 40
22 44
22 47
22 61
23 37
23 51
23 53
23 55
24 1
24 11
24 15
24 19
24 35
24 42
24 46
24 47
24 50
24 51
25 2
25 4
25 37
25 56
26 4
26 15
26 25
26 31
26 45
26 56
27 4
27 9
27 14
27 35
27 37
27 41
27 43
27 54
27 63
28 19
28 21
28 25
28 33
28 52
28 63
29 15
29 18
29 21
29 41
29 42
29 44
29 56
29 59
29 62
30 2
30 5
30 21
30 51
30 64
31 2
31 25
31 40
31 52
31 54
31 58
32 6
32 8
33 22
33 34
33 40
33 41
33 49
33 64
34 1
34 20
34 35
34 46
34 47
34 49
35 2
35 27
35 28
35 45
36 2
36 13
36 17
36 38
36 47
36 56
37 23
37 34
38 6
38 11
38 17
38 19
38 50
38 63
39 4
39 7
39 18
39 38
39 40
39 41
39 44
39 63
40 5
40 41
40 46
40 56
41 18
41 20
41 22
41 25
41 26
41 34
41 40
41 44
41 47
42 5
42 21
42 31
42 52
42 53
42 57
43 7
43 28
43 37
43 42
43 46
43 51
43 63
43 65
44 14
44 17
44 27
44 30
44 38
44 50
44 52
44 54
45 16
45 27
45 41
45 52
45 60
46 3
46 8
46 17
46 19
46 48
46 52
47 3
47 4
47 36
47 39
47 40
47 51
47 63
48 9
48 20
49 5
49 8
49 16
49 17
49 18
49 39
49 48
49 53
50 10
50 14
50 53
50 55
50 57
50 60
51 14
51 27
51 46
51 57
52 9
52 13
52 24
52 41
53 17
53 18
53 19
53 34
53 36
53 41
53 60
54 12
54 26
54 33
54 63
55 25
55 47
55 50
56 28
57 20
57 48
57 52
58 2
58 34
58 44
58 49
59 2
59 11
59 28
59 56
60 2
60 23
60 32
60 41
60 46
60 55
61 3
61 7
61 13
61 18
61 22
61 30
61 35
61 42
61 51
62 2
62 4
62 13
62 23
62 42
62 49
63 10
63 33
63 35
63 40
64 11
64 12
64 21
64 26
64 46
64 60
64 63
65 5
65 23
65 31
65 39
65 50
65 52
Loss 0 0 0 0 46 0 0 85 0 0 81 0 0 0 10 35 0 0 24 27 0 0 0 24 0 0 0 0 0 0 0 0 0 48 0 0 0 68 0 0 0 0 0 19 0 17 0 0 0 0 0 0 0 10 85 10 0 0 0 0 0 69 78 0 66 
