40 <--# of nodes, 169 edges
1 7
1 8
1 14
1 34
1 36
2 4
2 27
2 36
3 9
3 14
3 15
3 18
3 31
4 3
4 5
4 21
4 24
4 38
5 9
5 12
5 18
5 19
5 21
5 22
5 35
5 39
6 1
6 8
6 10
6 21
6 22
6 30
6 31
7 20
7 25
8 5
8 9
9 15
9 23
10 8
10 13
10 19
10 24
10 27
11 12
11 25
12 16
12 20
12 31
12 37
13 9
13 26
13 34
13 37
14 3
14 20
15 9
15 13
15 24
15 27
15 38
15 40
16 7
16 12
16 17
16 23
16 28
17 28
17 31
17 40
18 9
18 10
18 14
18 20
18 29
19 5
19 10
19 34
19 35
20 11
20 12
20 29
20 31
20 33
20 34
21 11
21 22
21 30
21 31
22 7
22 8
22 14
22 20
22 24
23 6
23 19
23 31
24 19
24 35
24 39
25 1
25 5
25 16
25 19
25 29
25 36
26 8
26 16
26 28
27 4
27 10
27 26
27 35
27 38
27 39
28 1
28 3
28 8
28 10
28 15
28 27
29 3
29 14
29 16
30 9
30 12
30 14
30 16
30 23
30 24
30 31
30 40
31 18
31 25
31 29
31 33
32 13
32 24
32 29
32 36
33 9
33 24
34 10
34 15
34 37
35 3
35 9
35 10
35 15
35 23
35 27
36 14
36 23
36 29
37 7
37 8
37 12
37 17
38 7
38 12
38 40
39 5
39 29
39 38
40 2
40 17
40 31
40 34
40 39
Loss 0 40 0 0 0 0 0 0 0 69 68 0 0 0 0 19 0 0 0 0 0 0 0 0 97 0 0 0 0 10 89 0 0 5 0 0 1 0 35 0 
