67 <--# of nodes, 435 edges
1 11
1 37
1 39
1 41
1 60
1 62
1 66
2 7
2 9
2 12
2 14
2 16
2 34
3 4
3 16
3 18
3 19
3 21
3 31
3 33
3 35
3 37
3 52
4 2
4 17
4 28
4 39
4 45
4 53
5 4
5 7
5 15
5 24
5 37
5 38
5 51
5 54
6 2
6 32
6 36
6 59
6 67
7 8
7 21
7 25
7 46
7 56
7 61
8 1
8 7
8 11
8 34
8 41
8 53
9 25
9 30
9 38
9 42
9 56
9 63
10 5
10 9
10 13
10 28
10 29
10 37
10 48
10 59
11 18
11 23
11 32
11 51
11 62
12 10
12 11
12 27
12 34
12 39
12 53
12 57
12 59
13 12
13 19
13 42
13 50
14 17
14 20
14 34
14 53
14 58
14 64
14 65
15 29
15 31
15 36
15 54
15 67
16 11
16 23
16 26
16 44
16 52
16 56
16 62
17 26
17 39
17 49
17 52
17 60
18 5
18 8
18 14
18 16
18 19
18 29
18 49
18 50
18 66
19 4
19 7
19 18
19 28
19 35
19 48
19 60
19 61
20 5
20 6
20 10
20 22
20 23
20 38
20 47
20 55
20 65
20 67
21 25
21 28
21 33
21 40
21 42
21 60
21 61
21 66
22 13
22 21
22 27
22 51
22 53
22 55
22 57
22 58
22 59
23 3
23 8
23 21
23 25
23 26
23 27
23 39
23 67
24 2
24 12
24 18
24 22
24 34
25 18
25 36
25 60
25 63
25 66
26 29
26 32
26 40
26 45
27 5
27 6
27 11
27 17
27 24
27 26
27 43
27 46
27 49
27 65
27 66
27 67
28 12
28 19
28 59
28 60
28 67
29 16
29 36
29 37
29 41
29 59
29 62
30 9
30 11
30 15
30 16
30 22
30 36
30 48
30 51
31 39
31 44
31 63
31 67
32 12
32 15
32 17
32 20
32 39
32 46
32 60
32 61
32 62
32 63
33 46
33 57
33 60
34 5
34 9
34 16
34 20
34 49
34 50
34 52
35 15
35 16
35 17
35 25
35 54
36 23
36 53
36 54
36 65
37 6
37 11
37 15
37 17
37 18
37 27
37 30
37 34
37 43
37 67
38 1
38 3
38 5
38 12
38 26
38 31
38 39
38 41
38 47
38 53
38 56
39 7
39 25
39 27
39 67
40 2
40 7
40 11
40 15
40 23
40 24
40 32
40 35
41 21
41 28
41 39
41 51
41 62
42 2
42 9
42 12
42 13
42 14
42 18
42 21
42 50
43 25
43 29
43 44
43 52
44 20
44 30
44 37
44 49
44 59
44 62
44 67
45 3
45 11
45 61
46 5
46 23
46 27
46 32
46 38
46 45
46 54
46 56
46 64
47 3
47 16
47 49
47 60
47 62
47 66
48 17
48 32
48 33
48 52
48 57
48 60
49 3
49 26
49 30
49 50
49 65
50 2
50 34
50 36
50 37
50 43
50 45
50 47
50 48
51 17
51 25
51 43
51 50
51 52
52 5
52 6
52 16
52 29
52 32
53 2
53 3
53 7
53 17
53 30
53 31
53 36
53 41
53 59
54 3
54 14
54 17
54 33
54 34
54 37
54 45
54 49
54 61
54 64
55 14
55 15
55 23
55 42
55 46
55 52
55 58
55 60
56 13
56 36
56 37
56 53
56 54
57 10
57 13
57 15
57 29
57 50
57 53
57 56
58 1
58 6
58 15
58 25
58 59
59 6
59 19
59 32
59 36
59 42
59 55
60 17
60 39
60 45
60 53
61 4
61 12
61 16
61 18
61 45
62 13
62 20
62 23
62 29
62 34
62 36
62 59
63 2
63 17
63 20
63 21
63 65
63 66
64 15
64 33
64 34
64 49
64 61
65 3
65 44
65 48
65 54
66 10
66 15
66 27
66 39
66 41
66 45
66 51
66 54
67 8
67 9
67 31
Loss 0 0 0 0 0 68 0 0 0 29 0 0 2 0 0 0 20 8 0 0 0 29 0 54 0 0 0 0 0 0 0 0 0 0 0 52 0 0 0 0 0 0 0 80 0 0 0 0 0 0 0 0 0 0 51 57 0 0 0 0 0 0 0 0 27 0 69 
