50 <--# of nodes, 243 edges
1 8
1 13
1 34
2 7
2 19
2 21
2 37
2 39
2 40
3 10
3 28
3 32
3 35
4 1
4 7
4 10
4 14
4 15
4 37
4 42
4 46
5 7
5 17
5 33
5 43
5 44
6 4
6 5
6 10
6 33
6 38
7 17
7 41
7 47
7 50
8 19
8 34
8 41
8 44
8 47
8 49
9 15
9 24
9 42
10 9
10 13
10 14
10 34
10 47
11 1
11 2
11 13
11 22
11 23
11 42
11 45
12 2
12 4
12 15
12 19
12 23
12 37
12 43
13 12
13 20
13 22
13 36
13 39
13 45
14 11
14 24
14 50
15 29
15 39
15 50
16 2
16 30
16 32
16 48
17 10
17 12
17 16
17 28
17 33
17 40
17 44
17 45
17 47
17 49
18 14
18 31
18 42
18 46
19 1
19 12
19 29
19 44
20 4
20 24
20 25
21 2
21 6
21 14
21 45
22 28
22 29
22 31
22 42
22 44
23 15
23 31
23 39
23 43
24 39
25 2
25 5
25 18
25 19
25 31
25 33
25 38
25 46
26 18
26 39
26 41
27 8
27 13
27 22
27 38
28 7
28 13
28 42
29 5
29 21
29 33
29 46
30 9
30 22
30 24
30 25
31 6
31 16
31 17
31 37
31 38
31 45
31 46
31 48
32 21
32 28
32 43
32 50
33 16
33 44
34 4
34 5
34 11
34 13
34 46
35 23
35 26
36 13
36 21
36 22
36 27
36 44
37 2
37 4
37 7
37 34
37 38
37 42
38 9
38 11
38 24
38 31
38 37
38 43
38 45
39 5
39 7
39 29
39 30
39 32
39 37
39 50
40 9
40 15
40 31
40 35
40 38
41 7
41 11
41 13
41 20
41 25
41 26
41 35
41 50
42 1
42 3
42 8
42 13
42 21
42 30
42 50
43 11
43 22
43 25
44 1
44 6
44 11
44 18
44 19
44 25
44 36
45 7
45 25
45 31
45 40
46 13
46 39
46 44
46 48
47 15
47 29
47 33
47 38
48 1
48 7
48 18
48 24
48 49
49 2
49 3
49 4
49 19
49 33
49 48
50 31
50 33
50 41
50 44
Loss 0 0 0 0 65 0 0 47 0 0 0 0 29 96 0 0 46 0 0 0 0 0 0 0 0 0 0 0 0 84 0 0 0 0 0 0 0 0 0 0 93 0 0 0 0 0 0 44 78 0 
