57 <--# of nodes, 334 edges
1 2
1 5
1 10
1 12
1 21
1 39
1 40
1 44
1 53
1 56
2 5
2 7
2 14
2 17
2 26
2 29
2 36
2 38
2 55
3 12
3 33
3 48
4 9
4 32
4 42
5 7
5 11
5 13
5 22
5 29
6 20
6 21
6 25
6 26
6 32
6 38
6 55
7 4
7 9
7 18
7 19
7 22
7 34
7 42
7 44
8 10
8 17
8 29
8 35
8 46
9 39
9 43
9 46
10 2
10 15
10 20
10 39
10 55
11 14
11 15
11 18
11 19
11 27
11 28
11 46
11 48
12 14
12 18
12 20
12 33
12 40
12 43
13 2
13 5
13 7
13 28
13 32
13 44
14 12
14 34
14 40
15 5
15 9
15 17
15 26
15 37
15 45
15 46
15 47
15 49
16 4
16 11
16 12
16 29
16 38
16 42
17 7
17 13
17 16
17 20
17 34
17 41
17 48
17 49
17 50
17 57
18 14
18 48
18 50
19 15
20 9
20 32
20 34
20 38
20 41
20 55
21 8
21 10
21 43
22 2
22 4
22 26
22 32
22 33
22 44
22 45
22 51
23 2
23 18
23 20
23 22
23 28
23 45
23 55
24 3
24 8
24 20
24 21
24 37
24 50
25 4
25 15
25 18
25 33
25 35
25 46
25 47
25 54
26 6
26 7
26 31
26 33
26 35
26 39
26 40
26 46
26 51
27 11
27 12
27 13
27 46
28 3
28 32
28 36
29 39
29 41
29 47
30 3
30 14
30 26
30 28
30 35
30 39
30 50
31 15
31 23
31 26
31 29
31 57
32 9
32 15
32 22
32 25
32 38
32 48
32 49
32 56
33 2
33 3
33 41
33 55
34 19
34 42
34 44
34 57
35 10
35 46
36 51
37 9
37 13
37 15
37 19
37 20
37 31
37 38
37 44
38 2
38 5
38 8
38 10
38 15
38 24
38 28
39 1
39 3
39 5
39 28
39 32
39 41
39 56
39 57
40 1
40 36
40 52
40 54
41 2
41 8
41 15
41 21
41 22
41 24
41 31
41 34
41 39
42 11
42 12
42 15
42 22
42 27
42 28
42 30
42 32
42 34
42 52
43 13
43 16
43 50
44 10
44 27
44 29
44 30
44 32
44 40
44 48
44 50
44 56
45 10
45 13
45 17
45 20
45 38
45 41
45 53
46 4
46 6
46 11
46 28
46 30
46 31
46 43
46 44
46 45
47 11
47 13
47 18
47 31
47 42
47 48
48 18
49 16
49 23
49 36
49 39
49 57
50 1
50 17
50 20
50 46
50 56
51 14
51 42
51 43
51 46
51 49
51 55
51 57
52 3
52 9
52 10
52 11
52 12
52 35
52 37
52 41
53 9
53 16
53 20
53 22
53 24
53 26
53 28
53 32
53 39
53 45
54 2
54 4
54 9
54 19
54 31
54 35
54 45
54 51
54 56
55 2
55 28
55 33
56 19
56 22
56 25
56 36
56 47
57 10
57 31
57 39
Loss 0 0 0 38 87 0 0 0 0 0 0 0 0 0 0 0 0 0 0 0 0 0 0 0 0 60 0 0 0 0 0 0 0 33 0 0 47 0 0 0 0 0 0 0 0 31 0 0 61 0 0 0 0 0 0 0 0 
