30 <--# of nodes, 95 edges
1 10
1 13
1 16
1 22
2 8
2 9
2 14
2 20
2 27
3 1
3 12
4 7
4 15
4 28
5 7
5 12
5 21
7 4
7 5
7 6
7 9
7 23
8 10
8 30
9 14
10 5
10 24
10 26
11 7
11 16
11 25
11 26
11 30
12 4
12 18
12 21
12 27
14 8
14 11
14 15
14 19
15 8
15 28
16 6
16 11
16 27
17 26
18 24
18 27
19 9
19 13
19 14
19 20
20 1
20 3
20 5
20 14
20 21
20 23
20 30
21 2
21 17
21 18
22 10
22 23
22 28
23 4
23 18
23 30
24 8
24 15
24 19
24 20
24 29
25 4
25 19
26 4
26 10
26 15
26 24
27 2
27 5
27 8
27 17
27 29
28 3
28 4
28 11
28 19
29 6
29 9
30 3
30 6
30 21
30 29
Loss 0 0 0 4 0 0 6 0 0 81 0 0 0 0 0 0 0 0 0 0 0 0 0 0 0 0 0 0 0 91 
