52 <--# of nodes, 281 edges
1 4
1 15
1 25
1 29
1 38
1 41
2 1
2 12
2 29
2 47
2 50
3 13
3 22
3 31
3 44
3 51
4 1
4 3
4 33
4 41
5 14
5 20
5 28
5 30
5 36
5 43
6 3
6 19
6 22
6 28
6 33
6 45
7 8
7 15
8 4
8 14
8 17
8 24
8 47
9 4
9 12
9 31
9 32
10 4
10 32
10 35
10 37
10 46
10 47
11 3
11 13
11 16
11 28
11 39
11 40
11 41
11 42
11 52
12 1
12 15
12 35
12 50
13 7
13 10
13 17
13 23
13 24
13 32
13 44
14 3
14 5
14 25
14 34
15 22
15 28
15 31
16 22
16 29
16 39
16 40
16 50
17 24
17 34
17 43
18 1
18 3
18 5
18 19
18 20
18 21
18 26
18 32
18 50
19 10
19 18
19 39
20 4
20 6
20 13
20 21
20 30
20 32
20 40
21 1
21 4
21 23
21 28
21 31
21 37
22 2
22 18
22 36
22 49
22 50
23 3
23 15
23 17
23 26
23 29
23 52
24 12
24 16
24 25
24 39
24 49
25 4
25 5
25 8
25 19
25 30
25 32
25 37
25 39
25 41
25 42
25 47
26 17
26 21
26 27
27 5
27 6
27 19
27 28
27 31
27 32
27 45
28 16
28 17
28 25
28 27
28 32
28 34
28 41
28 42
29 6
29 9
29 14
29 20
29 21
29 47
30 41
30 45
31 2
31 12
31 29
31 30
31 34
31 41
32 12
32 15
32 47
33 7
33 30
33 34
33 46
33 47
34 2
34 12
34 20
34 21
34 28
34 47
35 19
35 27
35 29
35 37
35 38
35 50
36 18
36 23
36 26
37 6
37 8
37 9
37 35
37 46
37 52
38 21
38 24
38 36
38 48
39 8
39 9
39 16
39 21
39 33
39 37
39 40
40 8
40 9
40 14
40 17
40 42
40 43
41 1
41 6
41 7
41 22
41 26
41 47
41 52
42 1
42 4
42 9
42 32
42 39
42 43
42 49
43 11
43 19
43 21
43 37
43 39
43 41
43 48
44 1
44 23
44 28
44 37
44 46
45 12
45 15
45 16
45 20
45 21
45 24
45 30
45 34
45 41
45 43
45 46
46 16
46 31
46 52
47 2
47 26
47 28
47 36
47 37
47 48
47 50
48 3
48 29
48 31
48 44
48 51
49 2
49 16
49 34
49 35
50 8
50 23
50 26
50 46
51 19
51 35
51 46
51 47
51 48
52 5
52 32
Loss 0 0 62 0 37 0 0 81 0 98 54 0 0 0 0 14 71 0 52 0 0 0 0 0 0 0 0 0 0 44 0 0 30 0 0 31 0 0 0 5 0 0 0 0 0 52 0 0 0 49 97 58 
