54 <--# of nodes, 259 edges
1 3
1 5
1 12
1 22
1 24
1 25
1 27
1 40
2 7
2 8
2 19
2 31
2 40
2 44
2 47
2 48
3 38
3 48
4 13
4 16
4 48
5 4
5 11
5 14
5 18
5 19
5 27
5 40
6 2
6 9
6 14
6 31
6 37
7 4
7 9
7 14
7 49
8 1
8 22
8 36
8 43
8 50
8 54
9 6
9 19
9 36
9 44
9 50
9 53
10 23
10 28
10 31
10 42
10 43
11 16
11 27
11 31
11 44
11 45
11 48
12 9
12 14
12 28
12 29
12 54
13 8
13 9
13 18
13 19
13 34
13 36
14 5
14 6
14 17
14 38
14 44
15 8
15 11
16 22
16 41
16 47
16 54
17 1
17 11
17 23
17 34
18 44
18 45
18 47
18 50
19 18
19 29
19 34
20 44
21 25
21 27
21 29
21 48
21 50
22 3
22 12
22 21
23 10
23 12
23 18
23 54
24 1
24 9
24 23
24 33
24 44
25 9
25 22
26 32
26 37
26 40
26 46
27 8
27 11
27 35
27 40
27 53
28 13
28 37
28 45
28 48
28 49
28 51
29 1
29 7
29 18
29 19
29 26
29 31
29 32
29 38
29 42
30 15
30 20
30 21
30 27
30 28
30 29
30 31
30 37
30 48
30 50
31 4
31 9
31 14
31 20
31 30
31 42
31 43
31 50
32 3
32 4
32 11
32 15
32 26
32 36
32 48
33 9
33 30
33 48
33 52
34 24
34 42
34 52
35 5
35 8
35 12
35 30
35 36
35 37
36 6
36 7
36 20
36 28
37 18
37 31
37 38
37 49
38 19
38 22
38 27
38 53
38 54
39 2
39 21
39 28
40 10
40 28
40 36
40 53
42 1
42 15
42 34
42 52
43 2
43 27
43 28
43 38
43 50
43 54
44 4
44 19
44 43
44 45
44 49
45 16
45 21
45 22
45 29
45 32
45 40
46 16
46 35
46 40
47 6
47 9
47 15
47 44
47 52
48 2
48 17
48 28
48 33
48 34
48 37
49 12
49 40
49 52
50 12
50 31
50 40
50 42
50 47
51 24
51 27
51 29
51 36
51 54
52 14
52 21
52 32
52 44
52 48
53 20
53 24
53 39
53 48
53 50
54 1
54 4
54 7
54 11
54 19
54 27
Loss 0 0 0 0 0 0 0 0 21 92 0 0 0 30 3 0 0 0 98 10 0 0 0 0 87 0 0 0 58 98 0 0 0 0 0 0 0 0 0 0 0 0 0 0 0 0 0 93 0 0 0 62 0 0 
