48 <--# of nodes, 218 edges
1 16
1 28
1 32
2 15
2 28
3 9
3 32
3 35
4 2
4 10
4 30
4 31
4 37
4 42
5 4
5 16
5 25
5 26
5 37
5 40
5 41
6 16
6 19
6 20
6 28
6 32
7 1
7 26
7 27
8 2
8 4
8 22
8 26
8 29
8 40
8 43
8 48
9 10
9 32
9 43
10 15
10 16
10 17
10 21
10 37
10 38
11 7
11 12
11 23
11 27
13 14
13 19
13 29
13 31
14 2
14 25
14 44
15 7
15 14
15 19
15 37
16 22
16 25
16 31
16 45
16 47
17 6
17 11
17 20
17 27
17 32
17 41
18 3
18 14
18 15
18 19
18 41
18 42
18 46
19 4
19 26
19 40
19 42
20 1
20 2
20 10
20 19
21 4
21 17
21 36
21 38
21 40
22 11
22 19
22 25
22 29
22 38
22 40
23 15
23 22
23 28
23 35
24 9
24 12
24 16
24 19
24 25
25 1
25 14
25 28
25 34
26 3
26 4
26 6
26 9
26 24
26 38
26 40
26 42
26 44
27 4
27 7
27 24
27 38
27 43
28 3
28 5
28 9
28 18
28 19
28 32
29 5
29 8
29 11
29 22
30 25
30 32
31 20
31 35
31 44
31 45
32 18
32 24
32 26
33 8
33 13
33 27
33 31
33 34
33 45
33 46
34 15
34 20
34 25
34 31
34 44
35 13
35 14
35 30
35 34
35 39
35 48
36 10
36 20
36 22
36 23
36 27
37 13
37 33
38 11
38 13
38 16
38 22
38 34
39 4
39 10
39 11
39 14
39 21
39 31
39 35
39 37
39 42
40 2
40 4
40 20
40 27
40 38
40 41
41 5
41 25
41 31
42 7
42 10
42 41
42 43
42 48
43 6
43 9
43 19
43 21
43 29
44 2
44 4
44 28
44 29
44 41
45 5
45 17
45 19
46 6
46 29
47 43
48 35
48 39
48 40
48 43
48 46
Loss 0 15 0 0 0 0 30 0 0 0 0 0 56 0 0 37 33 0 0 0 0 0 0 0 0 0 0 0 0 0 0 0 0 0 0 13 39 0 0 0 51 0 0 0 0 0 0 23 
