33 <--# of nodes, 102 edges
1 16
1 33
2 14
2 18
2 25
3 4
3 25
4 2
4 26
4 28
4 31
5 1
5 12
5 16
5 21
5 31
6 1
6 2
6 4
6 23
6 33
7 1
7 16
7 20
7 24
8 1
8 5
8 10
8 27
9 1
9 13
9 26
10 2
10 3
10 16
10 17
10 30
11 1
12 1
12 6
12 7
12 16
12 17
12 23
12 26
12 33
13 18
13 22
13 24
14 18
14 29
15 6
15 9
15 11
15 20
15 22
15 32
16 2
16 17
16 21
17 1
17 9
17 16
17 18
18 16
20 14
20 17
20 26
20 33
21 12
21 14
21 26
22 13
22 17
22 24
22 31
22 32
22 33
23 11
24 3
24 15
24 18
25 1
26 6
26 7
26 11
27 2
27 12
27 28
28 12
28 20
28 21
28 23
28 29
29 2
29 9
30 21
32 15
32 21
32 33
33 5
33 23
Loss 0 60 0 0 0 0 0 83 0 0 0 0 0 0 0 0 0 0 0 0 0 0 0 0 20 0 0 0 0 24 0 0 64 
