27 <--# of nodes, 71 edges
1 3
1 9
1 16
2 10
3 7
4 22
4 23
4 24
5 12
5 14
5 18
6 25
7 5
7 14
7 20
8 3
8 5
8 6
8 12
8 13
9 7
9 19
10 5
10 25
11 3
11 6
12 20
12 23
13 17
13 18
13 25
14 8
15 7
15 9
16 4
16 23
16 24
17 2
17 7
18 17
19 2
19 4
19 9
19 16
19 17
20 1
20 13
20 23
20 25
22 18
23 1
23 4
23 9
23 11
23 16
23 19
23 22
23 26
23 27
24 7
24 11
24 14
25 3
25 18
25 20
25 27
26 11
26 24
27 3
27 9
27 10
Loss 0 37 0 0 0 0 0 0 0 0 70 0 0 6 0 0 80 0 0 0 0 0 0 0 49 0 0 
