31 <--# of nodes, 84 edges
1 9
1 21
2 6
2 11
2 20
2 26
3 10
3 11
3 21
4 11
5 6
6 9
6 11
6 15
6 23
6 29
7 3
7 10
7 13
7 20
8 28
9 12
9 27
10 9
10 29
11 2
11 7
11 18
11 28
12 4
13 21
13 30
14 10
14 12
14 25
14 30
15 31
16 6
16 12
16 22
17 14
18 1
18 6
18 27
18 29
19 7
20 6
20 15
20 30
21 15
21 25
21 27
22 9
22 10
22 11
22 17
22 20
22 21
22 23
22 27
23 25
25 2
25 6
25 31
26 12
26 21
26 30
27 1
27 2
27 18
27 21
28 16
28 24
29 2
29 14
29 19
29 20
30 9
30 14
30 21
30 23
31 14
31 15
31 25
Loss 0 0 0 0 0 0 0 0 0 0 0 0 0 0 0 0 60 0 0 0 0 37 78 0 56 0 0 0 0 0 0 
