40 <--# of nodes, 153 edges
1 3
1 13
1 17
1 24
1 32
2 8
2 9
2 30
2 40
3 4
3 8
3 22
4 1
4 19
4 27
5 6
5 7
5 12
5 35
5 38
6 13
6 25
7 6
7 32
8 2
8 5
8 11
8 12
8 19
8 21
8 22
8 23
8 32
9 5
9 17
9 24
9 33
10 16
11 2
11 10
11 13
11 24
11 40
12 2
12 5
12 13
12 34
13 3
13 20
13 25
13 30
13 32
13 40
14 27
15 19
15 21
15 30
15 38
15 40
16 1
16 3
16 13
16 17
16 19
16 22
16 26
16 30
16 32
16 36
16 38
17 7
17 15
17 19
17 23
17 38
18 14
18 36
18 37
19 38
20 9
20 13
20 17
21 3
21 8
21 27
22 15
22 20
22 23
23 8
23 25
23 34
23 37
24 32
24 39
25 8
26 5
26 15
27 13
27 30
28 2
28 7
28 8
29 3
29 12
29 24
29 31
29 34
30 16
30 36
30 37
31 12
31 13
31 17
31 23
32 9
32 13
32 14
32 21
33 14
33 21
33 24
33 32
34 20
34 25
35 9
35 27
35 36
36 21
37 5
37 14
37 18
37 22
37 32
38 1
38 6
38 8
38 10
38 12
38 29
38 30
38 39
39 2
39 13
39 15
39 17
39 24
39 29
39 31
39 37
40 8
40 12
40 15
40 31
Loss 0 0 0 0 0 0 0 94 0 3 0 0 0 0 0 0 0 0 69 0 0 88 66 0 0 0 65 0 0 0 0 0 0 0 0 0 0 32 0 0 
