42 <--# of nodes, 164 edges
1 10
1 14
1 15
1 37
1 39
2 9
2 21
2 39
3 10
3 14
3 17
3 32
3 36
3 40
4 6
4 12
4 16
5 14
5 32
6 2
6 7
6 9
7 5
7 37
8 3
8 22
8 23
8 26
9 4
9 5
9 11
9 12
9 13
10 4
10 35
10 41
11 1
11 13
11 27
11 29
11 31
11 33
11 34
12 4
12 22
12 26
12 27
13 15
13 19
13 25
13 26
13 37
14 2
14 10
14 11
14 21
14 22
15 25
15 28
15 29
15 37
15 40
16 22
16 35
16 42
17 8
17 9
17 23
17 29
17 31
17 39
18 32
18 37
18 39
19 4
19 27
19 39
20 17
20 27
21 5
21 19
21 24
22 13
22 23
22 35
22 37
23 10
24 19
24 30
24 38
24 42
25 4
25 10
25 18
25 20
26 23
27 25
27 30
27 35
27 36
27 42
28 13
28 19
28 20
29 1
29 30
29 33
29 35
29 36
29 42
30 8
30 13
30 20
30 27
30 28
31 1
31 15
31 36
32 24
32 34
32 42
33 3
33 7
33 12
33 17
33 21
33 37
34 35
34 37
35 5
35 6
35 13
35 17
36 6
36 7
36 14
36 27
36 30
37 12
37 19
37 22
37 23
37 34
37 38
38 2
38 14
38 16
38 39
39 18
39 23
39 24
39 31
40 3
40 9
40 18
40 24
40 32
40 42
41 5
41 6
41 8
42 2
42 18
42 33
Loss 0 0 0 91 0 0 0 0 0 0 0 48 0 0 20 0 0 15 0 0 0 0 0 0 17 28 24 0 0 0 0 0 0 98 0 0 37 0 0 0 38 28 
