47 <--# of nodes, 232 edges
1 6
1 15
1 17
1 39
2 3
2 15
2 19
2 22
2 40
2 41
2 47
3 6
3 8
4 6
4 10
4 18
4 24
4 41
5 8
5 33
5 39
5 47
6 24
6 27
6 29
6 31
6 34
6 44
7 3
7 4
7 9
7 16
7 20
7 24
7 31
7 40
8 2
8 6
8 7
8 16
8 28
8 34
8 36
8 39
8 46
9 18
9 22
9 24
9 27
9 37
10 11
10 19
10 22
10 38
10 46
11 27
11 30
11 39
11 47
12 5
12 14
12 30
12 47
13 5
13 11
13 12
13 19
13 34
13 35
13 42
14 6
14 12
14 25
14 28
14 44
15 8
15 21
15 29
15 31
15 40
15 44
16 14
16 22
16 27
16 28
16 32
16 42
16 43
17 6
17 24
17 25
17 27
17 28
17 38
17 42
18 1
18 24
18 40
18 46
18 47
19 17
19 45
20 1
20 3
20 5
20 11
20 35
20 43
21 5
21 15
21 36
21 37
21 42
21 44
22 19
22 26
22 47
23 10
23 16
23 18
23 27
23 28
23 30
23 35
23 46
23 47
24 4
24 17
24 23
24 26
25 6
25 12
25 19
25 36
25 47
26 1
26 7
26 14
26 17
26 41
27 1
27 17
27 24
27 29
27 47
28 3
28 7
28 27
28 31
28 32
29 43
30 6
30 8
30 12
30 21
30 29
30 37
31 1
31 11
31 12
31 15
31 17
31 27
31 45
32 25
32 31
32 41
33 3
33 22
33 24
33 37
33 40
33 43
33 46
34 2
34 7
34 40
35 4
35 16
35 17
35 26
35 41
36 10
36 18
36 28
37 17
37 44
38 13
38 30
38 35
38 36
38 39
38 41
38 47
39 33
39 37
40 9
40 10
40 13
40 14
40 16
40 23
40 33
40 37
40 38
41 6
41 8
41 9
41 14
41 38
41 42
42 18
42 21
42 38
42 39
42 47
43 5
43 15
43 31
44 38
45 2
45 3
45 19
45 29
45 31
46 24
46 42
46 44
47 13
47 16
47 20
47 37
Loss 0 0 0 24 43 4 0 0 0 0 0 0 96 0 75 0 0 28 0 0 48 0 0 0 0 20 0 0 0 0 28 77 65 47 0 0 0 80 0 46 0 0 0 0 0 0 0 
