60 <--# of nodes, 348 edges
1 6
1 7
1 30
1 60
2 6
2 15
2 25
2 27
3 4
3 36
3 40
3 47
3 55
4 7
4 12
4 42
4 55
4 59
5 1
5 2
5 34
5 41
5 57
5 58
6 3
6 5
6 18
6 19
6 30
6 35
6 44
6 50
6 54
7 11
7 13
7 24
7 25
7 35
7 37
7 41
7 43
7 54
7 56
8 5
8 16
8 19
8 21
8 24
8 37
8 38
8 53
9 3
9 11
9 25
9 35
9 52
9 55
10 2
10 4
10 16
10 21
10 22
10 46
10 49
11 3
11 4
11 6
11 22
11 26
11 35
11 38
11 46
11 48
11 55
12 16
12 35
12 42
13 60
14 4
14 10
14 21
14 25
14 36
14 50
14 52
14 58
15 2
15 6
15 22
16 10
16 34
16 39
16 46
16 47
16 60
17 9
17 24
17 34
17 44
18 5
18 11
18 15
18 30
18 35
18 37
18 58
19 3
19 6
19 18
19 29
19 30
19 37
19 40
19 42
19 59
20 2
20 4
20 23
20 26
20 33
20 35
20 37
20 48
20 56
21 6
21 22
21 39
22 1
22 5
22 7
22 17
22 29
22 31
22 40
22 46
23 3
23 6
23 10
23 46
23 48
23 55
24 3
24 8
24 12
24 20
24 30
24 48
25 17
25 29
25 34
25 58
25 60
26 18
26 34
26 40
26 44
26 46
26 52
27 1
27 10
27 13
27 30
27 44
28 10
28 30
28 48
28 50
28 56
29 14
29 17
29 20
29 31
29 36
29 39
29 42
29 48
29 52
30 2
30 12
30 13
30 16
30 22
30 27
30 40
30 43
30 51
30 53
31 11
31 16
31 18
31 45
31 51
32 7
32 12
32 23
32 35
32 37
32 43
32 50
33 8
33 18
33 23
33 53
33 57
34 21
34 54
34 56
35 4
35 10
35 12
35 25
35 30
35 44
36 7
36 17
36 24
36 28
36 48
36 50
36 53
37 15
37 22
37 29
37 41
37 51
37 58
38 1
38 16
38 56
38 57
39 5
39 17
39 21
39 26
39 55
40 28
40 29
40 33
40 37
40 47
40 48
40 57
41 28
41 40
41 49
41 53
41 59
41 60
42 3
42 4
42 17
42 41
43 11
43 16
43 33
43 37
43 47
43 48
43 52
44 16
44 32
44 35
44 41
45 2
45 7
45 37
45 38
45 54
46 10
46 14
46 29
46 35
46 45
46 60
47 10
47 13
48 4
48 37
48 46
48 47
49 12
49 13
49 40
49 44
49 46
49 59
50 19
50 21
50 49
51 6
51 7
51 48
51 54
52 33
52 38
52 46
52 51
52 55
52 57
52 58
53 3
53 15
53 37
53 39
53 45
53 47
54 2
54 4
54 6
54 16
54 31
54 32
54 37
54 41
54 44
54 45
54 46
54 59
55 4
55 27
55 34
55 38
55 49
55 51
56 6
56 16
56 19
56 50
56 52
57 12
57 24
57 36
57 38
58 2
58 10
58 14
58 17
58 44
58 48
59 10
59 38
59 44
59 53
60 6
60 16
60 33
60 46
60 54
Loss 0 0 0 0 0 0 0 0 0 0 34 0 0 0 0 0 0 13 0 0 0 86 0 0 0 0 0 96 36 0 0 0 0 0 0 0 0 0 0 72 97 0 11 0 0 0 0 0 0 0 0 0 45 0 0 61 77 89 0 0 
