63 <--# of nodes, 384 edges
1 26
1 32
1 43
1 56
2 1
2 4
2 6
2 16
2 37
2 48
2 63
3 9
3 15
3 34
3 37
3 49
3 50
3 56
4 7
4 52
4 57
4 63
5 11
5 15
5 20
5 30
5 35
5 37
5 38
5 39
5 41
5 48
5 50
5 60
6 14
6 17
6 31
6 42
6 48
6 58
6 61
7 18
7 28
7 36
7 54
8 3
8 17
8 29
8 41
9 2
9 14
9 41
9 51
9 59
10 5
10 49
11 5
11 6
11 17
11 50
11 55
12 4
12 13
12 40
12 44
12 45
12 49
12 55
13 8
13 11
13 27
13 52
14 3
14 5
14 29
14 35
14 52
14 63
15 6
15 8
15 18
15 21
15 44
15 50
15 57
16 2
16 8
16 9
16 11
16 13
16 18
16 30
17 2
17 12
17 13
17 31
17 36
17 37
17 41
17 51
17 55
17 61
18 38
18 43
18 47
18 49
18 54
19 18
19 25
19 53
20 9
20 13
20 15
20 16
20 30
20 58
20 60
21 2
21 13
21 14
21 15
21 26
21 41
22 4
22 6
22 7
22 30
22 34
22 39
22 40
22 42
22 60
23 18
23 19
23 26
23 55
23 60
24 5
24 28
24 31
25 13
25 17
25 20
25 42
25 49
25 52
25 59
25 60
26 5
26 6
26 10
26 11
26 23
26 35
26 52
27 11
27 30
27 42
27 46
27 47
27 51
28 19
28 21
28 25
28 29
28 47
28 62
29 9
29 20
29 24
29 33
29 34
29 55
30 21
30 25
30 28
30 37
30 56
31 29
31 41
31 50
31 57
32 23
32 24
32 28
32 38
32 43
32 53
33 1
33 17
33 24
33 45
33 51
34 10
34 13
34 16
34 40
35 3
35 4
35 5
35 7
35 8
35 9
35 19
35 30
35 34
35 60
36 6
36 18
36 20
36 27
36 29
37 7
37 16
37 33
37 35
37 47
37 54
37 57
37 58
38 13
38 24
38 36
38 42
38 44
39 20
39 38
39 49
39 50
39 59
40 6
40 21
40 24
40 25
40 27
40 29
40 36
40 42
40 55
41 7
41 12
42 6
42 13
42 32
42 35
42 43
42 53
43 4
43 5
43 9
43 12
43 27
43 32
43 45
43 51
43 53
43 54
43 63
44 3
44 11
44 14
44 23
44 27
44 28
44 29
44 39
44 48
44 53
44 54
44 56
44 58
45 1
45 2
45 3
45 4
45 14
45 16
45 27
45 31
45 42
45 47
45 49
46 14
46 34
46 45
46 48
46 60
47 2
47 7
47 14
47 17
47 58
47 63
48 2
48 9
48 15
49 20
49 37
49 42
49 61
50 6
50 37
51 10
51 15
51 26
51 63
52 7
52 16
52 31
52 41
52 55
52 57
52 62
53 21
54 11
54 18
54 37
54 39
55 9
55 11
55 18
55 29
55 30
55 36
55 43
55 49
55 53
55 54
55 60
55 62
56 3
56 9
56 19
56 30
56 54
57 5
57 21
57 24
57 40
58 3
58 15
58 33
58 36
58 39
58 41
58 43
58 44
58 47
59 3
59 4
59 5
59 6
59 15
59 19
59 23
59 26
59 30
59 50
59 53
59 58
60 2
60 12
60 25
60 38
60 55
60 59
60 62
61 31
61 36
61 37
61 49
62 10
62 20
62 22
62 29
62 33
62 35
62 40
62 49
62 51
62 55
63 38
63 44
63 48
Loss 0 0 0 44 0 73 0 0 39 0 0 0 0 0 0 0 16 0 0 0 0 66 0 0 0 0 0 0 0 0 38 0 74 0 0 0 0 0 0 0 0 17 0 46 13 52 41 0 0 21 0 51 46 0 17 0 0 0 0 0 37 0 0 
