57 <--# of nodes, 359 edges
1 20
1 27
1 29
1 48
1 57
2 8
2 41
2 43
2 51
3 4
3 9
3 11
3 18
3 20
3 25
3 28
3 32
3 38
3 42
3 44
3 53
3 55
3 56
4 3
4 11
4 22
4 46
4 51
5 1
5 2
5 4
5 24
5 35
5 38
5 39
5 40
5 49
5 54
6 12
6 20
6 21
6 23
6 26
6 34
6 42
6 50
6 51
7 18
7 55
8 17
8 26
8 27
8 38
9 5
9 23
9 26
9 40
9 42
9 48
9 51
9 54
9 55
10 3
10 36
10 40
11 30
11 31
11 39
11 48
11 56
12 6
12 30
12 48
12 51
12 54
12 55
13 2
13 14
13 16
13 17
13 20
13 25
13 30
13 32
13 42
13 44
13 49
13 54
14 31
14 46
14 55
15 19
15 28
15 31
15 57
16 3
16 11
16 22
16 25
16 37
16 39
16 52
17 8
17 35
17 45
17 50
18 2
18 5
18 12
18 13
18 14
18 30
18 31
18 42
19 8
19 21
19 23
19 28
19 45
19 52
20 3
20 7
20 16
20 26
20 48
20 51
20 52
20 53
21 1
21 54
22 1
22 15
22 29
22 31
22 32
22 33
22 50
23 20
23 21
23 28
23 33
23 53
24 3
24 21
24 29
24 32
24 33
24 37
24 40
24 42
24 49
24 54
24 57
25 6
25 7
25 22
25 26
25 34
25 44
26 17
26 24
26 32
26 42
26 44
26 51
27 14
27 23
27 24
27 34
27 37
27 38
27 50
28 12
28 45
28 49
28 51
29 1
29 4
29 14
29 15
29 16
29 19
29 33
29 48
30 27
30 33
30 49
30 53
30 55
31 20
31 44
31 57
32 3
32 16
32 22
32 30
32 35
33 15
33 21
33 23
33 30
33 38
33 44
33 45
33 47
33 55
34 24
34 31
34 39
34 43
34 56
35 16
35 18
35 26
35 27
35 31
35 37
35 40
35 42
35 44
35 48
35 53
35 56
36 6
36 11
36 46
36 48
36 49
37 14
37 25
37 32
37 39
37 53
37 56
38 6
38 29
38 39
38 40
38 42
38 43
38 47
38 52
39 4
39 7
39 14
39 18
39 19
39 20
39 24
40 2
40 6
40 16
40 22
40 25
40 37
40 52
41 2
41 4
41 12
41 26
41 27
41 30
41 38
41 49
42 6
42 8
42 14
42 16
42 28
42 32
42 35
42 37
42 48
42 56
43 2
43 16
43 20
43 51
43 55
44 11
44 18
44 43
44 46
45 10
45 13
45 14
45 31
45 33
45 41
45 43
46 6
46 7
46 17
46 36
46 40
46 42
46 49
46 53
47 4
47 7
47 29
47 35
47 39
47 43
47 53
47 56
48 10
48 11
48 14
48 20
49 8
49 16
49 22
49 23
49 48
49 52
50 17
50 45
50 48
50 52
51 6
51 12
51 18
51 26
51 38
51 41
52 6
52 19
52 30
52 33
52 38
53 6
53 10
53 31
53 32
54 5
54 15
54 57
55 5
55 8
55 13
55 14
55 22
55 23
55 48
55 53
56 5
56 9
56 23
56 30
56 42
56 51
56 54
57 19
57 27
57 28
57 34
57 53
57 54
Loss 0 0 0 0 0 0 0 0 0 0 8 0 0 0 26 0 0 0 0 0 77 0 15 0 74 58 0 0 0 67 59 0 0 0 64 0 0 0 0 0 0 0 0 0 0 0 61 0 0 0 0 0 0 0 0 0 0 
