34 <--# of nodes, 98 edges
1 7
1 14
1 16
1 17
2 15
2 19
2 23
2 25
2 32
3 8
3 10
3 17
3 18
3 28
3 32
3 33
4 17
4 20
4 25
4 34
5 27
5 33
6 2
6 9
6 22
6 33
7 1
7 4
7 14
7 16
7 26
7 32
7 33
8 11
8 32
8 34
10 34
11 7
11 15
11 20
11 23
11 32
13 1
13 10
13 14
13 29
13 31
14 4
14 15
14 31
15 11
15 20
16 13
16 26
16 30
17 5
17 10
17 12
18 5
18 26
18 27
18 31
19 20
19 30
20 12
20 28
21 12
21 18
21 26
21 32
22 13
22 14
22 17
22 27
23 4
23 14
24 23
24 25
24 31
25 15
25 31
26 5
26 16
26 31
26 34
27 14
28 1
28 3
28 12
28 14
30 1
30 14
31 2
31 3
31 22
31 32
32 12
33 1
Loss 0 0 30 0 28 0 0 0 0 70 0 92 13 0 0 0 0 0 0 0 71 0 0 0 0 0 0 0 0 0 8 0 0 0 
