40 <--# of nodes, 169 edges
1 2
1 6
1 18
1 24
2 9
2 22
2 23
2 29
2 35
3 4
3 7
3 15
3 23
4 14
5 14
5 24
5 31
5 37
6 4
6 15
6 27
6 34
6 36
7 14
7 28
7 31
7 34
8 1
8 3
8 6
8 21
8 31
8 34
8 39
9 7
9 18
9 19
9 21
9 22
10 5
10 6
10 19
10 28
11 2
11 12
11 15
12 7
12 11
12 13
12 18
12 21
12 32
12 39
13 38
13 39
13 40
14 2
14 19
14 20
15 8
15 22
15 25
15 35
16 22
16 23
16 25
17 9
17 12
17 20
17 25
17 26
17 33
17 34
18 9
18 21
18 32
18 38
19 12
19 17
19 25
20 3
20 18
20 31
21 10
21 17
21 23
21 38
22 20
22 24
22 25
23 10
23 13
23 14
23 16
23 20
23 22
23 29
24 1
24 10
24 13
24 29
24 31
25 5
25 20
26 2
26 13
26 37
27 6
27 10
27 15
27 34
27 37
28 1
28 8
28 20
28 24
28 32
29 16
29 18
29 39
30 5
30 11
30 21
30 26
30 39
31 13
31 18
32 19
32 21
32 29
32 30
32 38
32 40
33 8
33 13
33 15
33 21
34 11
34 12
34 22
34 31
35 7
35 16
35 22
35 25
35 39
36 4
36 10
36 17
36 21
36 23
36 35
36 37
36 39
37 7
37 15
37 34
37 35
37 36
38 6
38 18
38 24
38 37
39 1
39 24
39 40
40 3
40 8
40 30
Loss 0 0 24 42 0 0 0 0 17 0 0 28 0 0 94 26 0 0 0 0 0 0 0 0 0 0 0 34 86 50 15 62 0 0 0 0 0 0 0 0 
