61 <--# of nodes, 385 edges
1 2
1 6
1 8
1 12
1 22
1 44
1 56
2 3
2 32
2 37
3 8
3 14
3 23
3 38
3 59
4 14
4 19
4 30
4 35
4 37
4 40
4 42
4 43
4 46
4 58
5 2
5 20
5 33
5 50
5 54
6 3
6 9
6 13
6 22
6 32
6 52
6 60
7 1
7 4
7 9
7 11
7 17
7 21
7 39
7 43
7 47
7 57
8 5
8 9
8 41
8 47
9 22
9 34
9 37
9 56
10 2
10 9
10 16
10 17
10 51
11 14
11 18
11 20
11 22
11 24
11 25
11 51
12 3
12 5
12 13
12 15
12 19
12 46
12 53
12 60
13 1
13 34
14 17
14 40
14 42
15 8
15 17
15 21
15 41
15 50
15 55
16 9
16 11
16 19
16 20
16 21
16 49
17 2
17 9
17 25
17 28
17 33
17 35
17 36
17 40
17 41
17 56
18 4
18 23
18 61
19 2
19 15
19 23
19 24
19 32
19 39
19 44
19 47
19 54
19 61
20 1
20 5
20 6
20 19
20 21
20 37
20 41
20 46
21 16
21 43
21 44
21 49
22 2
22 3
22 30
22 41
22 52
22 58
23 6
23 7
23 15
23 18
23 24
23 29
23 37
23 43
23 47
23 50
23 61
24 1
24 4
24 13
24 14
24 15
24 44
25 9
25 18
25 27
25 31
25 33
25 54
26 2
26 16
26 23
26 31
26 58
27 5
27 14
27 33
27 44
27 59
28 51
28 54
28 55
29 17
29 22
29 25
29 44
29 47
29 57
30 3
30 35
30 45
30 49
31 3
31 4
31 34
31 41
31 42
31 60
32 3
32 10
32 11
32 17
32 19
32 26
32 57
32 60
33 11
33 38
34 4
34 14
34 17
34 18
34 19
34 35
34 44
34 57
35 3
35 13
35 17
35 26
35 27
35 29
35 37
35 46
35 54
35 55
35 58
36 25
36 48
36 53
36 56
37 15
37 18
37 22
37 45
38 2
38 5
38 6
38 13
38 36
38 43
38 45
38 51
38 53
39 16
39 28
39 41
39 43
39 59
40 1
40 21
40 35
40 38
41 9
41 12
41 14
41 16
41 22
41 39
41 51
41 55
41 57
41 58
42 22
42 41
42 43
42 54
42 60
43 1
43 2
43 36
43 49
44 13
44 16
44 28
44 57
44 61
45 4
45 8
45 27
45 31
45 39
45 48
45 51
46 2
46 5
46 6
46 13
46 23
46 33
46 34
46 36
46 37
47 4
47 33
47 38
47 39
47 40
47 41
47 46
47 48
48 9
48 16
48 24
48 28
48 36
48 37
48 38
48 50
48 53
49 6
49 20
49 24
49 25
49 35
49 47
50 1
50 6
50 17
50 22
50 61
51 6
51 12
51 40
51 54
51 58
52 16
52 26
52 29
52 30
52 35
52 40
52 49
53 21
53 26
53 27
53 46
53 52
54 7
54 10
54 14
54 19
54 24
54 33
54 41
54 49
54 50
54 56
54 60
55 2
55 10
55 14
55 17
55 19
55 43
55 53
55 56
56 9
56 15
56 16
56 24
57 4
57 16
57 21
57 28
57 32
57 44
57 45
57 46
57 49
57 53
57 59
57 61
58 20
58 38
58 45
58 49
58 56
59 11
59 22
59 23
59 34
59 36
60 1
60 10
60 16
60 38
60 43
60 45
60 50
60 53
60 59
61 2
61 3
61 15
61 31
61 35
61 54
Loss 0 0 0 0 0 0 67 0 0 0 0 0 0 0 0 0 0 0 0 24 4 0 0 59 0 26 0 0 35 51 0 0 0 82 0 0 0 0 0 48 95 0 0 0 0 0 0 0 0 75 49 61 0 0 0 0 0 97 0 32 0 
