40 <--# of nodes, 178 edges
1 2
1 9
1 11
1 17
1 21
1 24
1 26
2 8
2 10
2 13
2 20
2 28
3 11
3 17
3 34
4 20
4 25
6 8
6 21
7 1
7 10
7 22
7 28
7 32
7 36
8 3
8 15
8 28
8 33
9 1
9 5
9 7
9 13
9 14
9 19
9 22
9 31
9 35
10 6
10 15
10 30
11 3
11 7
11 15
11 18
11 22
11 26
11 27
11 34
12 2
12 3
12 9
12 24
12 30
13 14
13 23
13 26
13 32
13 34
14 19
14 31
14 40
15 5
15 7
15 10
15 34
15 39
16 6
16 8
16 19
16 31
16 40
17 12
17 26
17 33
17 35
17 37
17 38
18 15
18 16
18 19
19 23
20 9
20 28
20 32
20 35
20 39
21 4
21 5
21 6
21 9
21 14
21 39
22 6
22 13
22 31
23 4
23 20
23 38
24 17
24 22
25 31
25 33
25 38
26 4
26 25
26 28
26 38
27 14
27 16
27 35
27 39
27 40
28 7
28 16
28 20
28 21
28 27
28 31
29 1
29 4
29 7
29 17
29 33
30 6
30 10
30 23
30 32
31 1
31 10
31 18
31 22
31 26
31 32
32 26
32 38
33 1
33 10
33 25
33 36
33 38
34 7
34 15
34 18
34 22
34 32
35 2
35 9
35 13
36 2
36 25
36 27
36 32
37 5
37 9
37 14
37 16
37 18
37 22
37 29
37 32
37 36
38 2
38 16
38 22
38 25
38 40
39 12
39 13
39 18
39 22
39 35
39 40
40 3
40 10
40 15
40 17
40 34
Loss 0 0 0 0 79 0 0 88 68 0 0 0 0 0 0 0 92 61 0 0 0 0 50 44 0 0 0 0 0 49 0 0 0 0 66 0 0 0 0 0 
