56 <--# of nodes, 302 edges
1 12
1 32
1 40
1 48
1 49
1 54
2 1
2 3
2 12
2 16
2 18
2 23
2 44
2 49
2 55
3 26
3 47
3 52
3 53
3 55
4 7
4 25
4 27
4 30
4 39
5 33
6 5
6 11
6 18
6 30
6 40
6 51
7 4
7 16
7 20
7 24
7 27
7 35
7 48
7 51
7 53
8 7
8 10
8 18
8 22
8 25
8 43
8 52
9 8
9 13
9 15
9 50
10 9
10 11
10 16
10 20
10 33
10 35
10 37
11 6
11 26
11 33
11 38
12 39
13 3
13 18
13 19
13 24
13 35
13 47
14 21
14 34
14 36
14 38
14 50
14 55
15 12
15 13
15 23
15 24
15 54
15 55
16 27
16 30
16 33
16 44
16 50
16 51
17 1
17 6
17 14
17 30
17 44
17 49
17 54
18 3
18 16
18 19
18 31
18 35
18 38
18 54
19 7
19 10
19 29
20 3
20 21
20 22
20 41
20 52
20 53
20 56
21 6
21 28
21 51
22 24
22 25
22 32
22 40
22 49
23 7
23 22
23 29
23 35
24 7
24 9
24 11
24 20
24 22
24 38
24 42
24 52
25 3
25 7
25 8
25 9
25 12
25 19
25 55
25 56
26 2
26 37
26 43
26 44
27 15
27 47
28 32
28 38
28 51
28 56
29 7
29 8
29 20
29 21
29 22
29 23
29 38
30 15
30 31
31 3
31 15
31 17
31 47
31 49
31 54
32 3
32 12
32 33
32 35
32 37
32 41
32 44
32 54
33 10
33 18
33 39
33 41
33 53
34 9
34 17
34 19
34 22
34 26
34 52
35 13
35 16
35 46
35 52
35 55
36 3
36 6
36 10
36 26
36 27
36 32
36 54
37 16
37 20
37 26
37 30
37 42
37 49
38 15
38 28
38 49
39 4
39 19
39 22
39 30
39 53
40 9
40 13
41 4
41 22
41 23
41 34
41 40
41 48
41 50
41 51
42 5
42 14
42 15
42 21
42 27
42 35
42 38
42 41
42 52
43 3
43 14
43 20
43 21
43 23
43 26
43 34
43 46
44 5
44 15
44 30
44 37
44 38
44 53
45 44
45 46
45 55
46 16
46 26
46 31
46 36
46 37
46 50
47 3
47 23
47 46
48 5
48 20
48 24
48 28
48 30
48 43
48 46
48 53
49 3
49 11
49 22
49 28
49 33
49 50
49 51
49 53
50 38
50 39
50 49
51 2
51 4
51 7
51 28
52 3
52 4
52 7
52 11
52 36
52 41
53 1
53 13
53 21
53 48
53 55
54 10
54 27
54 43
54 44
54 48
55 7
55 11
55 26
55 51
55 56
56 2
56 31
56 40
Loss 0 0 0 0 0 0 0 0 0 0 81 0 0 0 0 0 0 0 0 0 0 0 0 0 0 0 84 0 61 0 0 0 0 0 0 0 0 0 5 0 0 0 79 0 0 0 0 0 1 0 0 0 0 0 75 67 
