66 <--# of nodes, 454 edges
1 8
1 17
1 25
1 33
1 34
1 44
2 10
2 20
2 27
2 32
2 34
2 38
2 59
2 66
3 10
3 15
3 18
3 20
3 26
3 33
3 41
3 45
3 56
3 58
3 63
3 64
4 5
4 7
4 13
4 14
4 24
4 34
4 41
4 42
4 50
4 53
4 56
4 58
5 4
5 12
5 19
5 59
5 60
5 65
6 24
6 31
6 33
6 36
6 37
6 45
6 52
6 63
7 12
7 23
7 30
7 37
7 41
7 49
7 53
8 13
8 29
8 31
8 38
8 40
8 50
9 19
9 31
9 46
10 5
10 9
10 15
10 17
10 30
10 36
10 38
10 44
10 54
10 58
11 42
11 43
11 44
11 64
12 20
12 38
12 41
12 44
12 45
12 55
12 62
12 63
13 12
13 27
13 33
13 56
13 57
14 16
14 21
14 24
14 39
14 43
14 59
14 66
15 2
15 9
15 13
15 14
15 34
15 39
15 54
15 62
15 64
16 2
16 3
16 21
16 42
16 55
17 18
17 20
17 31
17 37
17 45
17 61
17 65
18 3
18 19
18 33
19 9
19 28
19 42
19 44
19 63
20 4
20 36
20 50
20 57
20 61
21 6
21 12
21 29
21 45
21 47
21 59
22 14
22 53
22 60
23 44
23 61
24 3
24 7
24 10
25 4
25 5
25 9
25 16
25 21
25 28
25 43
25 44
25 47
25 52
25 62
26 1
26 6
26 17
26 19
26 20
26 24
26 25
26 27
26 30
26 31
26 60
26 63
27 3
27 6
27 11
27 13
27 15
27 17
27 24
27 37
27 41
27 56
27 58
28 3
28 25
28 27
28 44
28 48
28 62
29 8
29 19
29 20
29 23
29 34
29 56
29 59
30 4
30 38
30 49
30 52
30 65
31 9
31 26
31 49
31 51
32 18
32 20
32 24
32 53
33 10
33 23
33 24
33 28
33 37
33 39
33 44
33 45
33 46
33 62
34 10
34 11
34 17
34 47
34 52
34 60
35 13
35 27
35 29
35 30
35 42
35 49
35 54
36 1
36 21
36 24
36 63
36 64
37 17
37 32
37 52
37 53
37 61
37 62
38 5
38 15
38 20
38 21
38 31
39 6
39 12
39 19
39 41
39 53
39 57
39 58
39 59
39 63
40 15
40 18
40 21
40 22
40 34
40 43
40 45
40 47
40 51
40 56
41 1
41 19
41 26
41 34
41 38
41 40
41 60
42 7
42 31
42 41
42 46
42 49
42 59
42 66
43 2
43 29
43 32
43 37
43 38
43 42
43 44
44 4
44 17
44 19
44 22
44 32
44 34
44 45
44 46
44 59
44 61
44 63
45 1
45 5
45 12
45 22
45 31
45 39
45 40
45 44
45 59
46 8
46 19
46 31
46 36
46 48
46 55
46 58
46 59
47 18
47 32
47 37
47 39
47 45
47 50
47 65
48 1
48 4
48 20
48 41
49 2
49 23
49 27
49 31
49 39
49 42
49 65
50 2
50 5
50 25
50 32
50 33
50 45
50 47
50 54
50 63
51 12
51 16
51 26
51 28
51 33
51 36
51 48
51 57
51 62
52 5
52 6
52 24
52 25
52 51
53 7
53 20
53 23
53 24
53 41
53 44
53 51
53 57
54 5
54 23
54 24
54 28
54 33
54 41
54 59
54 62
54 63
55 18
55 26
55 61
55 66
56 6
56 7
56 15
56 25
56 41
56 43
56 45
56 57
57 4
57 7
57 24
57 27
57 30
57 31
57 39
58 14
58 15
58 39
58 46
58 53
58 56
59 5
59 12
59 21
59 24
59 28
59 30
59 42
59 63
60 4
60 5
60 8
60 15
60 28
60 54
60 57
61 1
61 13
61 22
61 29
61 31
61 38
61 57
62 5
62 16
62 20
62 22
62 27
62 31
62 42
62 60
62 61
63 12
63 14
63 21
63 33
63 35
63 56
63 58
63 61
64 3
64 9
64 25
64 32
64 47
64 52
65 14
65 16
65 27
65 53
65 56
65 60
65 62
66 41
66 60
Loss 0 0 30 54 58 0 29 0 0 0 0 0 0 0 43 0 0 0 94 0 14 0 63 0 0 0 0 0 49 0 0 29 59 93 0 0 0 0 43 0 0 0 0 0 0 0 0 0 0 46 0 0 0 75 0 0 0 0 53 0 82 0 0 0 0 45 
