36 <--# of nodes, 128 edges
1 8
1 15
1 26
1 29
1 30
1 35
1 36
2 12
2 13
2 18
2 22
2 30
2 31
2 32
3 12
3 22
3 29
4 7
4 12
4 16
4 18
4 20
5 12
5 16
5 24
6 4
6 5
6 15
6 19
6 25
6 28
6 29
6 32
7 12
7 18
7 20
8 2
8 16
8 18
9 8
9 27
9 34
10 12
10 14
11 6
12 20
12 24
12 36
13 10
13 11
13 31
14 1
14 9
14 33
15 33
16 1
16 14
16 28
16 30
16 34
18 2
18 28
19 14
19 21
19 30
19 34
20 12
20 22
20 32
21 2
21 6
21 27
22 10
22 20
22 36
23 14
24 1
24 19
24 21
24 23
24 31
24 33
25 14
25 15
25 27
26 2
26 18
26 22
26 23
26 27
26 28
27 20
27 29
27 34
27 35
28 10
28 12
29 5
29 18
29 27
29 28
30 1
30 6
30 11
30 18
30 25
30 31
30 34
31 1
31 6
31 9
31 13
31 16
31 17
31 25
32 22
32 27
32 36
33 16
33 34
34 16
34 18
34 19
35 9
35 23
35 31
35 34
36 27
Loss 0 0 37 0 0 46 0 0 75 0 0 0 0 68 0 0 11 0 0 21 77 0 0 0 0 0 0 25 0 0 0 0 0 0 0 0 
