31 <--# of nodes, 99 edges
1 14
1 21
2 4
2 28
3 5
3 14
3 18
3 30
4 3
5 28
6 4
6 15
6 31
7 20
7 24
8 5
8 6
8 9
8 30
9 10
9 14
9 23
9 27
9 30
10 6
10 11
10 26
10 30
11 1
11 13
11 15
11 16
11 27
12 15
12 20
12 25
13 2
13 5
13 7
13 11
13 14
13 15
14 23
15 30
16 14
16 21
17 9
17 25
17 29
18 1
18 10
18 19
19 7
19 9
19 13
19 18
20 8
20 23
21 1
21 11
21 14
21 23
21 24
22 1
22 18
22 29
22 30
23 3
23 13
23 21
23 26
23 31
24 1
24 3
24 15
25 15
25 21
25 30
26 7
26 11
26 15
26 19
26 25
27 10
27 15
27 21
27 22
27 23
27 30
28 27
29 5
29 14
29 20
29 22
30 11
30 20
31 7
31 21
31 28
Loss 0 0 0 0 0 33 0 0 0 0 0 0 0 0 0 0 0 0 0 32 0 0 0 0 0 0 0 0 0 40 0 
