59 <--# of nodes, 352 edges
1 7
1 12
1 15
1 27
1 30
1 56
1 57
2 5
2 8
2 17
2 21
2 25
2 32
2 38
2 40
2 44
2 51
3 17
3 18
3 27
3 43
3 45
3 49
3 57
4 5
4 19
4 23
4 45
4 59
5 25
6 10
6 14
6 43
6 46
7 1
7 11
7 16
7 23
7 32
7 34
8 3
8 31
8 40
8 45
8 48
8 49
9 37
9 41
10 11
10 17
10 26
10 27
10 29
10 32
10 38
10 59
11 21
11 35
11 37
11 41
11 48
11 57
12 8
12 13
12 19
12 27
12 30
12 34
12 52
12 54
13 8
13 16
13 41
13 42
13 44
13 46
13 50
14 4
14 21
14 28
14 38
14 55
14 57
15 25
15 30
15 32
15 33
15 53
15 56
15 58
16 2
16 5
16 10
16 12
16 26
16 36
16 43
16 44
17 11
17 12
17 14
17 21
17 35
17 39
17 40
17 44
17 48
17 53
17 56
17 57
17 59
18 1
18 7
18 14
18 15
18 16
18 34
18 37
19 11
19 15
19 33
19 47
19 48
20 3
20 12
20 55
21 20
21 48
21 53
22 10
22 21
22 30
22 32
22 47
22 49
23 3
23 14
23 15
23 24
23 26
23 40
23 51
23 55
24 1
24 4
24 5
24 10
24 21
24 40
24 43
24 50
24 54
25 2
25 7
25 35
25 39
25 57
26 8
26 20
27 41
27 44
27 46
28 1
28 12
28 23
28 33
28 36
28 39
28 44
28 51
28 58
29 37
29 50
29 53
30 10
30 12
30 14
30 18
30 26
30 48
30 55
31 16
31 18
31 20
31 26
31 32
31 34
31 46
31 51
32 9
32 16
32 23
32 30
32 39
32 45
32 53
33 3
33 12
33 15
33 17
33 30
33 34
33 41
33 43
34 5
34 22
34 23
34 46
35 2
35 4
35 26
35 52
35 58
35 59
36 6
36 24
37 10
37 35
38 5
38 9
38 21
38 24
38 28
38 32
38 33
38 43
38 49
38 59
39 18
39 20
39 46
39 48
39 53
39 59
40 3
40 12
40 14
40 38
40 44
40 46
40 51
41 30
41 39
41 45
41 48
41 56
42 2
42 10
42 25
42 28
42 36
42 47
42 48
42 52
42 58
43 4
43 8
43 39
43 50
43 58
44 1
44 4
44 12
44 14
44 21
44 23
44 48
44 50
44 52
45 14
45 28
45 34
45 43
45 53
45 56
46 11
46 12
46 30
46 39
46 40
46 44
46 47
46 55
46 58
47 8
47 37
47 38
47 39
47 42
47 55
48 1
48 6
48 33
48 42
48 56
49 14
49 47
49 51
49 59
50 25
50 28
50 35
50 46
50 48
51 18
51 22
51 27
51 42
51 43
52 1
52 9
52 11
52 21
52 29
52 35
52 36
53 24
53 39
53 44
54 11
54 41
54 53
55 1
55 7
55 12
55 15
55 23
55 37
55 51
55 56
56 9
56 11
56 21
56 25
56 26
56 41
56 49
57 12
57 14
57 18
57 22
57 25
57 45
57 53
58 2
58 14
58 30
58 46
59 4
59 18
59 24
59 36
Loss 0 0 20 0 0 0 0 57 14 0 0 0 0 61 12 0 0 0 0 0 0 0 0 0 0 0 0 0 0 0 0 1 0 0 0 60 0 0 0 0 0 0 0 0 0 0 0 79 13 0 0 0 0 0 0 0 77 7 0 
