34 <--# of nodes, 109 edges
1 7
1 30
2 6
2 10
2 21
2 27
2 29
3 34
5 13
5 22
5 24
5 29
5 33
6 4
6 10
6 12
6 25
7 1
7 2
7 10
8 13
8 21
8 25
9 7
9 22
9 28
10 11
10 14
10 17
10 32
10 33
11 6
11 7
11 8
11 12
11 31
12 7
12 16
12 30
13 7
13 32
14 25
14 27
14 33
15 2
15 23
16 26
16 34
17 3
17 6
17 20
17 25
18 3
18 9
18 20
18 31
18 33
19 4
19 18
19 27
19 32
20 9
21 3
21 6
21 17
21 30
22 3
22 17
22 20
23 4
23 20
23 26
23 33
23 34
24 13
24 23
25 6
25 7
25 27
25 28
25 31
25 33
26 23
27 16
27 26
28 25
28 30
30 21
30 25
31 4
31 11
31 15
31 19
31 27
31 33
32 6
32 23
33 16
33 20
33 24
33 25
33 32
34 1
34 7
34 8
34 13
34 24
34 30
34 33
Loss 0 63 0 0 0 0 0 0 45 0 0 0 0 0 0 0 0 0 34 0 0 0 0 0 0 0 0 0 0 0 0 0 0 0 
