29 <--# of nodes, 87 edges
1 8
2 26
3 6
3 13
3 14
3 24
3 26
4 12
4 13
4 21
4 28
4 29
5 7
5 10
5 17
5 21
6 7
6 12
6 14
6 17
7 17
7 24
8 17
9 5
9 8
9 19
9 26
10 5
10 7
10 12
10 23
10 25
12 5
12 14
13 9
13 19
13 25
13 29
14 6
14 22
15 3
15 5
15 7
15 10
15 20
16 8
16 20
16 22
16 27
17 5
17 9
17 15
17 26
18 3
18 5
18 12
18 14
19 29
20 6
20 18
20 27
21 15
21 26
22 4
22 11
23 1
23 3
23 7
23 25
23 26
24 6
24 18
24 19
24 26
25 1
25 14
25 15
26 15
26 16
26 22
26 24
27 9
27 28
28 7
28 14
29 3
29 19
Loss 0 0 64 0 3 0 0 0 0 0 78 34 0 0 0 0 0 0 0 0 0 56 0 0 0 70 0 0 0 
