51 <--# of nodes, 236 edges
1 5
1 17
1 18
1 19
1 33
1 46
1 49
2 36
2 47
2 51
3 34
3 35
3 39
4 2
4 10
4 14
4 19
4 31
4 32
4 33
4 34
4 45
5 8
5 24
5 26
5 27
5 50
6 2
6 13
6 16
6 26
6 31
6 38
6 50
6 51
7 19
7 23
7 26
7 28
7 36
7 39
7 46
8 7
8 9
8 10
8 24
8 40
9 3
9 13
9 18
9 20
9 40
9 41
9 48
9 50
10 5
10 16
10 26
10 29
10 49
11 24
11 49
12 32
12 39
12 42
12 48
13 3
13 22
13 46
13 47
13 48
14 6
14 11
15 20
15 25
15 35
15 51
16 8
16 13
16 36
16 46
16 50
17 6
17 15
17 30
17 33
17 36
17 41
17 43
17 51
18 6
18 16
18 23
18 38
18 43
19 3
19 15
19 17
19 23
19 46
20 9
20 29
21 14
21 41
21 50
22 8
22 27
22 32
22 35
22 41
23 13
23 31
23 48
24 21
24 49
25 9
25 10
25 11
25 13
25 36
25 38
25 47
26 1
26 7
26 14
26 38
26 39
26 40
27 2
27 8
27 20
27 25
27 29
27 35
27 50
28 13
28 31
28 39
28 43
29 10
29 23
29 25
29 30
29 33
29 47
29 50
30 14
30 21
30 23
31 14
31 18
31 34
31 48
32 24
32 30
32 41
32 51
33 7
33 15
33 16
33 19
33 42
33 44
34 11
34 42
35 3
35 40
35 48
36 14
36 23
36 32
36 33
36 34
36 45
36 46
36 49
37 2
37 16
37 38
37 39
38 3
38 4
38 31
39 21
39 24
39 33
40 16
40 29
40 51
41 3
41 19
41 20
41 27
41 35
42 10
42 28
42 35
43 6
43 19
44 5
44 11
44 25
44 39
44 41
44 51
45 2
45 16
45 44
46 21
47 18
47 25
47 27
47 32
47 37
48 24
48 36
48 37
48 43
48 44
49 18
49 23
49 28
49 34
49 37
49 41
49 45
50 25
50 28
50 38
51 3
51 6
51 25
51 27
51 30
51 35
51 50
Loss 0 0 50 0 0 0 0 0 0 0 0 0 0 0 0 0 0 0 9 0 0 0 0 14 0 0 0 0 0 43 0 1 0 0 0 99 0 0 0 47 0 0 0 30 0 33 0 0 0 0 0 
