56 <--# of nodes, 312 edges
1 8
1 9
1 11
1 12
1 20
1 27
2 9
2 12
2 15
2 20
2 26
3 24
3 25
3 54
3 55
4 6
4 53
4 55
5 4
5 9
5 33
5 48
5 55
6 33
6 35
6 36
6 38
6 47
6 55
7 1
7 2
7 16
7 24
7 31
7 34
7 37
7 40
7 46
8 1
8 2
8 10
8 14
8 18
8 24
8 27
8 56
9 13
9 26
9 28
9 32
9 36
9 50
10 39
10 55
11 3
11 16
11 44
12 5
12 23
12 34
12 49
13 3
13 5
13 25
13 49
13 51
14 24
14 36
14 37
14 43
15 23
15 24
15 39
15 56
16 6
16 17
16 28
16 44
16 45
17 7
17 13
17 27
17 33
17 42
17 55
18 5
18 15
18 26
18 36
18 38
18 48
18 50
18 56
19 6
19 8
19 24
19 33
19 36
20 12
20 14
20 19
20 30
20 33
20 35
20 41
20 42
20 45
20 53
21 2
21 5
21 7
21 35
21 45
22 10
22 13
22 20
22 24
22 26
22 36
22 39
22 41
23 37
23 40
23 44
23 48
23 56
24 27
24 28
24 29
24 33
24 35
24 50
25 28
25 30
25 38
25 44
25 49
25 54
25 55
26 11
26 18
26 29
26 36
26 47
26 49
26 50
26 52
27 5
27 11
27 18
27 33
28 3
28 9
28 10
28 21
28 22
28 41
28 49
29 8
29 11
29 14
29 19
29 23
29 28
29 30
29 39
29 51
29 53
30 1
30 12
30 16
30 31
30 32
30 42
30 55
31 11
31 22
31 46
31 48
31 50
32 21
32 27
32 31
32 41
32 44
33 6
33 16
33 20
33 21
33 22
33 52
33 53
34 2
34 9
34 28
34 31
34 45
34 47
34 51
35 9
35 13
35 47
35 54
36 5
36 11
36 25
36 31
36 32
36 44
37 2
37 5
37 32
37 38
37 52
37 54
38 10
38 27
38 33
38 36
39 1
39 6
39 11
39 16
39 20
39 26
39 35
39 40
39 49
40 14
40 20
40 23
40 24
40 28
41 2
41 12
41 30
41 53
42 7
42 8
42 13
42 28
42 36
43 9
43 14
43 17
43 18
43 23
43 38
43 48
44 20
44 25
44 31
44 52
45 2
45 6
45 14
45 19
45 52
46 25
46 27
46 28
46 33
46 38
46 43
47 1
47 14
47 17
47 56
48 13
48 14
48 17
48 19
48 21
48 32
49 10
49 31
49 46
49 47
49 50
49 53
50 5
50 7
50 24
50 46
51 15
51 30
51 32
51 34
51 42
51 56
52 7
52 25
52 35
52 39
52 42
52 43
52 51
53 13
53 43
54 23
54 44
54 56
55 17
55 24
55 44
55 51
56 3
56 7
56 22
56 33
56 48
56 54
Loss 0 0 0 0 0 0 0 0 0 0 0 0 52 49 0 0 0 59 57 0 0 0 70 0 0 0 0 77 0 0 0 0 0 80 51 0 0 85 0 0 0 0 0 0 0 0 0 0 0 62 0 13 0 0 0 0 
