45 <--# of nodes, 183 edges
1 3
1 7
1 26
1 29
1 31
1 38
1 44
2 14
2 15
2 22
2 33
2 39
2 42
2 43
3 11
3 31
3 35
4 2
4 19
4 30
4 32
4 38
4 39
4 41
4 43
5 1
5 2
5 22
5 34
5 36
6 33
6 37
6 39
7 8
7 9
7 14
7 23
7 34
8 2
8 14
8 16
8 25
8 29
8 31
9 29
10 6
10 8
10 15
10 25
10 40
11 8
11 17
11 21
11 23
11 42
12 4
12 17
12 18
12 20
12 29
12 34
12 37
13 4
13 7
13 8
13 11
13 24
13 26
14 15
14 21
14 29
15 5
15 9
15 11
16 12
16 23
17 40
18 10
18 23
18 44
19 1
19 11
19 24
19 42
20 6
20 12
20 21
20 43
20 45
21 9
21 13
21 41
21 45
22 4
22 7
22 10
22 16
22 38
22 44
22 45
23 9
24 7
25 9
25 26
25 31
26 3
26 28
27 15
27 18
27 23
27 34
28 2
28 3
28 8
28 9
28 21
28 34
29 5
29 37
29 38
30 5
30 22
30 29
30 40
31 16
31 27
31 29
31 39
32 11
32 12
32 16
32 19
32 34
33 2
33 6
33 9
33 13
33 17
33 36
33 42
34 38
34 44
35 20
36 9
36 17
36 21
36 22
36 24
36 34
36 37
37 6
37 16
37 36
37 42
38 14
38 21
38 26
38 28
39 7
39 8
39 10
39 28
39 43
40 2
40 24
40 30
40 45
41 8
41 35
42 23
42 38
43 6
43 14
43 23
43 45
44 4
44 8
44 11
44 12
44 34
45 9
45 14
45 17
Loss 0 2 0 0 0 0 0 0 73 0 0 0 0 0 0 0 0 29 0 0 0 23 71 0 0 0 0 0 41 0 0 0 0 75 0 0 0 0 35 0 10 0 42 0 0 
