49 <--# of nodes, 226 edges
1 10
1 15
1 32
1 39
2 4
2 22
2 27
2 37
2 47
3 10
3 18
4 2
4 8
4 14
4 37
4 45
5 22
5 49
6 2
6 7
6 8
6 21
6 30
6 35
6 39
7 1
7 3
7 11
7 16
7 27
7 28
7 34
7 43
8 1
8 29
8 39
8 40
9 8
9 49
10 24
10 34
11 16
11 22
11 31
11 36
12 1
12 10
12 14
12 22
12 33
12 36
12 39
12 41
13 1
13 36
14 6
14 18
14 19
14 21
14 39
15 9
15 13
15 20
15 21
15 25
15 37
15 39
16 11
16 13
16 14
16 22
16 23
16 26
16 33
17 10
17 15
17 32
17 33
17 38
18 2
18 24
18 27
18 30
18 42
19 16
19 25
19 30
19 31
20 25
20 26
20 30
21 10
21 19
21 26
21 27
21 37
21 38
21 47
21 48
22 4
22 11
22 13
22 32
22 39
22 45
23 8
23 9
23 21
23 22
23 25
24 2
24 21
24 42
24 47
25 1
25 23
25 24
25 29
25 48
26 10
26 24
26 36
26 42
26 46
26 49
27 1
27 17
27 18
27 35
27 44
28 4
28 12
29 2
29 31
29 47
30 17
30 20
30 34
31 14
31 23
31 38
31 40
32 23
32 39
32 41
33 19
33 39
33 47
33 48
34 1
34 13
34 26
34 31
34 36
34 44
34 49
35 10
35 17
35 22
35 44
36 3
36 15
36 27
36 32
36 37
36 48
37 14
37 34
37 38
37 45
37 46
37 48
38 8
38 10
38 13
38 19
38 21
38 31
38 44
39 14
39 24
39 27
39 40
40 4
40 8
40 12
41 14
41 22
41 24
41 25
41 47
42 3
42 19
42 28
42 37
43 1
43 3
43 18
43 19
43 32
43 40
43 44
43 46
43 48
44 7
44 29
44 37
44 38
44 43
45 3
45 4
45 8
46 18
46 24
46 29
47 3
47 20
47 31
48 10
48 26
48 44
49 2
49 8
49 40
49 44
49 45
Loss 0 0 0 0 0 0 0 99 94 0 0 0 0 90 0 7 49 0 0 0 0 0 0 42 28 0 55 0 0 0 0 0 0 0 0 0 0 0 0 0 0 0 0 0 0 0 0 0 0 
