35 <--# of nodes, 118 edges
1 4
1 12
1 15
1 23
1 35
2 5
2 11
2 13
2 32
3 13
3 17
3 29
4 9
4 15
5 3
5 6
5 17
5 29
5 31
6 29
6 31
6 32
7 4
7 14
7 16
7 17
7 30
8 1
8 14
8 20
8 21
8 31
9 8
9 11
9 30
10 17
10 23
10 25
11 8
11 14
12 7
12 9
12 15
12 17
12 18
12 24
12 31
13 2
13 32
13 33
14 3
14 12
14 30
15 9
15 11
16 32
16 34
17 4
17 10
17 24
17 31
18 4
18 5
18 6
18 32
19 7
19 23
19 31
20 17
20 28
20 32
20 33
21 2
21 15
21 28
22 4
22 10
22 18
23 21
23 27
24 33
25 2
25 10
25 27
25 29
26 12
26 21
26 30
26 31
27 3
27 10
27 23
27 32
28 15
28 25
28 31
29 13
29 21
29 22
29 24
29 26
30 10
31 7
31 9
31 11
32 3
32 5
32 15
33 16
33 17
33 20
34 10
34 25
34 29
34 35
35 14
35 16
35 18
Loss 0 0 0 0 0 0 0 94 45 0 0 96 0 0 0 66 0 0 0 0 0 0 0 50 0 0 71 0 0 0 0 0 86 0 0 
