54 <--# of nodes, 269 edges
1 12
1 14
1 22
1 24
1 29
1 48
1 51
2 25
2 53
3 17
3 28
3 29
4 10
4 20
4 28
4 30
4 31
4 37
4 49
5 7
5 18
5 37
6 26
6 35
6 49
6 53
7 6
8 5
8 7
8 9
8 17
8 25
8 32
9 6
9 8
9 20
9 26
9 45
10 23
10 29
10 40
10 42
11 10
11 22
11 26
11 32
11 36
11 39
12 10
12 11
12 20
12 38
12 47
13 1
13 7
13 12
13 18
13 26
13 51
14 1
14 18
14 27
15 6
15 7
15 9
15 14
15 18
15 21
15 23
15 26
15 48
16 4
16 26
17 9
17 21
17 30
17 51
18 12
18 14
18 23
18 30
18 31
18 46
19 7
19 18
19 23
19 39
19 47
20 22
20 28
20 36
20 39
20 52
22 20
22 37
22 39
24 10
24 20
24 29
24 30
24 48
24 54
25 7
25 12
25 17
25 46
26 1
26 5
26 7
26 15
26 27
26 49
27 1
27 2
27 13
27 36
27 46
27 48
28 1
28 3
28 4
28 13
28 25
28 34
28 35
28 44
28 47
29 5
29 20
29 24
29 46
30 15
30 18
30 19
30 22
31 6
31 11
31 34
31 49
32 11
32 14
32 52
33 6
33 7
33 19
33 29
33 34
33 46
33 48
34 14
34 17
34 31
35 9
35 11
35 16
35 23
35 29
35 30
35 45
36 8
36 10
36 15
36 26
36 27
36 38
37 3
37 9
37 25
37 31
37 38
38 10
38 14
38 29
38 54
39 19
39 21
39 24
39 29
39 35
39 36
39 41
39 43
39 45
39 49
40 4
40 23
40 31
40 43
41 3
41 8
41 17
41 37
41 49
42 1
42 3
42 8
42 19
42 22
42 30
42 46
42 47
42 51
43 13
43 34
43 46
44 2
44 5
44 32
44 36
44 45
45 8
45 10
45 17
45 37
45 39
45 46
45 52
46 7
46 11
46 28
46 42
46 43
46 47
46 51
47 12
47 27
47 28
47 31
47 32
47 39
47 40
47 49
47 51
47 52
47 54
48 8
48 11
48 24
48 36
48 45
48 50
49 14
49 29
49 34
50 7
51 25
51 46
51 49
52 4
52 14
52 15
52 20
52 34
53 9
53 15
53 16
53 20
53 28
53 31
53 33
53 41
53 47
54 10
54 14
54 22
54 30
54 47
54 48
54 49
Loss 0 0 0 0 0 0 0 0 0 0 0 0 0 94 0 0 0 98 0 0 0 0 0 6 0 0 0 0 0 0 0 0 46 0 81 0 0 0 0 0 0 0 0 89 0 0 0 47 0 0 0 0 0 0 
