43 <--# of nodes, 194 edges
1 5
1 9
1 27
1 29
1 43
2 8
2 24
2 28
2 37
3 10
3 26
3 32
3 42
4 8
4 27
5 2
5 11
5 13
5 22
5 23
6 16
6 28
7 12
7 28
7 31
7 39
8 21
9 8
9 10
9 21
9 23
9 33
9 35
9 37
9 39
10 16
10 21
10 30
10 35
10 37
10 42
11 5
11 8
11 19
11 27
12 1
12 10
12 16
12 35
13 9
13 15
13 31
13 34
13 35
13 39
13 42
14 5
14 23
15 2
15 4
15 11
15 12
15 16
15 17
15 21
16 9
16 17
16 26
16 42
17 12
17 18
17 27
17 30
18 1
18 14
18 33
18 39
19 7
19 9
19 11
19 14
19 16
19 27
19 33
19 40
20 8
20 27
20 41
21 6
21 15
21 16
21 31
21 38
22 17
22 21
22 37
22 38
22 40
23 15
23 42
24 19
24 43
25 9
25 33
26 5
26 9
26 13
26 20
26 28
26 31
27 4
27 6
27 7
27 8
27 15
27 16
27 28
28 5
28 10
28 16
28 22
28 31
28 36
29 10
30 7
30 12
30 29
31 1
31 10
31 16
31 19
31 24
32 13
32 15
32 17
32 23
32 28
33 9
33 10
33 11
33 13
33 14
33 42
34 8
34 12
34 24
34 32
34 36
35 3
35 23
35 39
36 15
36 21
36 22
36 27
37 7
37 9
37 11
37 41
38 1
38 8
38 9
38 35
38 37
38 39
38 41
38 42
38 43
39 4
39 5
39 7
39 13
39 15
39 21
40 2
40 16
40 26
41 9
41 15
41 20
41 24
42 1
42 5
42 7
42 15
42 28
42 30
42 39
43 6
43 10
43 12
43 23
43 24
43 39
Loss 0 0 82 0 55 0 0 0 0 0 29 0 0 99 0 0 0 0 0 54 0 0 2 0 8 0 0 42 0 0 0 0 0 0 0 0 0 0 0 0 93 0 54 
