58 <--# of nodes, 324 edges
1 11
1 21
1 25
1 33
1 48
1 52
1 53
1 58
2 11
2 29
3 10
3 16
3 17
3 23
3 28
3 48
4 17
4 46
4 52
4 57
5 8
5 40
5 45
5 54
5 56
6 14
6 21
6 25
6 39
6 52
7 17
7 32
7 52
7 56
8 3
8 10
8 30
8 39
8 53
9 6
9 12
9 16
9 38
9 48
9 53
9 54
10 15
10 21
10 25
10 51
11 8
11 18
11 32
11 33
11 37
11 49
11 55
11 56
12 15
12 27
13 8
13 19
13 30
13 33
13 35
13 36
13 57
14 10
14 28
14 32
14 33
14 58
15 10
15 11
15 12
15 43
15 45
15 53
15 54
16 24
16 37
16 49
17 4
17 6
17 25
17 37
19 5
19 22
19 27
19 30
19 32
19 36
19 46
19 54
19 58
20 7
20 9
20 32
20 34
20 46
20 52
20 55
21 9
21 18
21 24
21 45
21 56
22 26
22 29
22 35
22 37
22 38
23 25
23 28
23 34
24 4
24 22
24 32
24 43
24 50
24 53
24 58
25 4
25 5
25 8
25 16
25 21
25 47
25 52
26 18
26 19
26 22
26 46
27 32
27 33
27 43
27 56
28 1
28 3
28 4
28 5
28 7
28 10
28 31
28 36
29 15
29 22
29 35
29 44
30 9
30 23
30 47
31 2
31 9
31 20
31 22
31 35
31 36
31 53
32 5
32 10
32 24
32 29
32 36
32 49
32 58
33 14
33 16
33 20
33 42
33 54
34 1
34 3
34 5
34 15
34 38
34 55
35 2
35 4
35 5
35 30
35 31
36 12
36 31
36 34
36 43
36 55
36 56
37 5
37 14
37 47
37 55
38 2
38 4
38 7
38 13
38 18
38 22
38 28
38 37
38 44
38 45
38 50
38 58
39 3
39 4
39 9
39 31
39 40
39 48
39 50
39 54
39 57
40 1
40 9
40 16
40 21
40 23
40 24
40 38
41 14
41 24
41 36
41 38
41 42
41 43
41 49
41 51
42 1
42 3
42 14
42 16
42 48
42 52
43 12
43 28
43 45
43 57
44 11
44 14
44 17
44 18
44 28
44 50
44 52
44 56
45 10
45 15
45 30
45 31
45 38
45 40
45 49
45 58
46 6
46 16
46 32
46 41
46 50
47 22
47 40
47 51
47 54
48 5
48 49
48 56
49 44
49 53
50 14
50 15
50 17
50 29
50 33
50 39
50 48
50 56
51 3
51 39
51 41
51 43
51 50
52 3
52 16
52 26
52 33
52 34
52 37
52 40
52 49
52 56
53 8
53 12
53 23
53 35
53 47
54 15
54 27
54 38
55 4
55 11
55 22
55 35
55 37
55 50
55 53
56 17
56 20
56 28
56 55
56 58
57 12
57 16
57 21
57 23
57 27
57 34
57 52
57 53
57 56
58 12
58 25
58 36
58 46
58 54
Loss 0 0 0 0 0 0 0 6 0 0 52 29 0 0 0 0 13 0 41 0 0 0 0 88 18 0 0 0 0 0 0 60 46 0 0 0 0 14 0 0 9 0 0 0 0 0 0 0 63 0 0 0 0 75 0 0 0 0 
