34 <--# of nodes, 109 edges
1 3
1 5
1 25
2 3
2 12
2 20
2 23
2 26
2 28
3 16
3 33
4 2
4 17
4 20
4 31
5 2
5 21
6 12
6 17
6 23
6 30
6 31
7 1
7 2
7 3
7 6
7 9
7 16
7 18
8 3
8 17
8 25
8 31
9 5
9 16
10 2
10 13
10 14
10 19
10 25
10 33
11 18
11 23
11 24
11 29
11 30
12 22
12 27
13 3
13 21
14 19
16 11
16 27
17 5
17 27
18 2
18 5
18 16
18 29
19 4
19 6
19 15
20 2
20 16
20 19
21 20
21 29
22 15
22 21
22 23
23 3
23 10
23 13
24 15
24 26
24 29
24 30
24 34
25 3
25 11
25 14
25 21
25 24
26 9
26 19
27 22
27 23
28 2
28 25
28 32
28 34
29 3
29 16
29 31
31 10
31 11
31 14
31 28
32 14
32 21
32 28
33 2
33 6
33 20
34 19
34 21
34 22
34 24
34 29
Loss 0 0 0 50 0 0 0 0 0 47 0 0 0 0 0 88 75 0 0 0 3 0 0 0 0 0 0 0 0 0 51 0 0 6 
