38 <--# of nodes, 124 edges
1 16
1 26
1 27
2 3
2 7
2 14
2 26
3 22
3 29
3 32
4 9
4 21
5 22
5 38
6 18
7 8
7 10
8 6
8 18
8 38
9 28
9 32
10 15
10 16
10 19
10 34
10 35
10 37
11 21
11 23
12 13
13 2
13 36
14 7
14 11
14 19
14 31
14 33
15 6
15 12
15 16
15 18
15 20
15 23
15 26
15 36
16 22
16 37
18 9
18 21
18 26
19 7
19 9
21 4
21 8
21 11
21 16
22 15
22 26
22 29
23 11
23 17
23 18
23 31
24 3
24 7
24 14
24 22
25 3
25 12
25 18
25 22
25 32
26 17
26 29
26 36
26 37
27 3
27 8
27 9
27 34
28 10
28 38
29 2
29 14
29 33
29 37
30 3
30 16
30 21
31 3
31 21
31 23
32 1
32 3
32 4
32 6
32 7
32 20
32 25
32 30
32 31
32 38
33 7
34 5
34 10
34 11
34 19
34 33
35 11
35 13
35 18
35 22
35 33
36 6
36 35
37 11
37 28
37 30
37 31
37 32
37 34
38 8
38 32
Loss 0 0 7 0 0 0 0 0 0 0 0 0 0 0 0 0 27 0 0 0 0 0 0 0 33 49 0 58 0 0 0 0 26 0 0 0 28 0 
