33 <--# of nodes, 100 edges
1 4
1 9
1 13
1 19
2 11
2 17
2 20
3 8
3 9
3 28
4 1
4 14
4 22
5 2
5 7
5 10
5 15
5 17
6 5
6 7
6 25
6 26
7 4
7 13
7 19
7 21
7 33
8 32
9 1
9 25
11 3
11 27
11 30
12 4
12 6
12 16
12 22
12 32
13 9
13 11
13 19
13 31
14 11
15 8
16 3
16 4
16 24
16 32
16 33
17 25
18 16
18 26
18 28
18 29
18 32
19 29
20 8
20 9
20 15
20 16
20 18
20 32
21 31
22 6
22 21
22 26
23 9
23 20
23 21
23 26
23 27
23 30
23 32
24 7
25 7
26 5
26 17
26 27
27 26
27 29
28 11
28 22
28 33
29 3
29 6
29 10
29 26
30 18
30 22
31 7
31 12
31 18
31 22
32 10
32 12
32 13
32 14
33 3
33 4
33 9
Loss 0 0 28 19 7 15 0 0 0 0 0 0 0 0 9 0 0 0 0 0 0 1 0 0 0 0 25 33 0 0 0 0 0 
