39 <--# of nodes, 137 edges
1 16
1 22
1 31
1 32
1 38
2 24
3 2
3 19
3 32
3 38
3 39
4 11
4 16
4 25
4 28
4 37
5 4
5 15
5 27
6 2
6 10
6 16
6 17
6 31
7 16
7 34
8 27
8 31
8 32
9 7
9 22
9 35
10 5
10 13
10 15
10 17
10 28
10 33
11 16
11 18
11 31
11 37
12 14
13 29
13 31
14 10
14 36
15 16
16 1
17 10
17 12
17 16
17 25
18 19
18 26
18 32
18 36
18 38
19 7
19 14
19 15
19 21
19 29
19 35
19 37
20 2
20 3
20 24
21 11
21 14
21 18
21 22
21 30
21 36
22 8
22 9
22 17
22 21
22 30
23 2
23 18
23 21
23 31
23 37
24 2
24 5
25 4
25 16
25 27
25 35
25 36
26 7
26 9
26 10
26 22
26 30
28 7
28 21
28 38
29 6
29 8
29 33
29 34
30 4
30 16
30 18
30 31
30 35
31 13
32 2
32 14
33 1
33 2
33 38
34 16
34 18
34 35
35 1
35 8
35 22
35 26
35 30
35 37
36 1
36 20
36 21
36 25
36 28
36 37
36 39
38 4
38 24
38 25
38 29
39 17
39 29
39 35
Loss 0 0 0 0 64 0 0 19 31 0 23 0 0 0 0 0 0 0 0 0 0 79 0 0 0 0 76 0 0 0 0 0 37 0 0 0 0 74 0 
