53 <--# of nodes, 256 edges
1 12
1 19
1 39
1 45
1 49
2 21
2 28
2 37
2 44
2 51
3 1
3 9
3 33
3 46
3 50
4 10
4 16
4 18
4 28
4 44
5 10
5 14
5 18
5 38
5 48
5 53
6 4
6 27
6 29
6 41
6 46
7 2
7 9
7 21
7 26
7 28
7 35
7 36
7 50
8 30
8 34
8 41
8 46
9 1
9 30
9 33
9 35
10 11
10 26
10 33
11 12
11 25
11 36
11 37
11 40
11 46
12 8
12 13
12 21
12 30
13 4
13 31
14 19
14 21
14 26
14 34
15 16
15 27
15 31
15 35
16 39
16 50
17 1
17 4
17 10
17 23
17 36
17 48
17 52
18 26
18 33
18 46
19 2
19 5
19 29
19 31
19 39
20 2
20 12
20 18
20 40
20 45
21 3
21 14
21 29
22 8
22 10
23 6
23 22
23 25
23 42
23 51
23 52
24 8
24 9
24 13
24 31
24 36
24 46
24 53
25 3
25 40
26 11
26 13
26 22
26 24
26 29
26 45
26 48
26 49
26 50
27 3
27 8
27 10
27 16
27 23
27 39
27 45
27 47
27 49
28 6
28 15
28 16
28 20
28 31
28 33
28 49
28 51
29 14
29 21
29 35
29 39
29 41
29 42
30 16
30 17
30 28
30 49
31 22
31 26
31 33
31 39
31 42
32 4
32 18
32 25
32 26
32 42
32 43
33 5
33 12
33 17
33 19
33 22
33 36
34 23
34 25
34 30
34 39
34 51
35 9
35 28
35 47
36 21
36 30
36 33
36 43
37 26
37 35
37 47
38 23
38 26
38 27
38 35
38 41
39 3
39 8
39 10
39 35
39 42
39 43
39 47
39 49
39 50
40 4
40 9
40 15
40 30
40 39
40 43
41 6
41 13
41 35
41 50
41 52
42 1
42 14
42 18
42 21
42 48
43 3
43 11
43 17
43 18
43 25
43 28
44 7
44 25
44 43
45 12
45 23
45 46
46 4
46 9
46 10
46 15
46 23
46 25
46 30
47 6
47 28
47 30
48 31
48 33
48 42
48 52
49 26
49 39
50 6
50 7
50 15
50 24
50 33
50 51
50 52
51 16
51 21
51 26
51 38
51 52
52 33
52 39
52 42
53 20
53 30
53 37
Loss 0 0 0 0 0 66 0 0 0 19 0 50 0 0 0 11 0 48 0 0 63 0 0 0 0 0 0 0 0 0 0 0 50 0 0 0 0 48 0 0 0 0 0 0 0 0 0 0 0 0 58 0 54 
