33 <--# of nodes, 101 edges
1 13
1 33
2 3
2 9
2 14
2 15
3 4
3 17
3 18
3 21
4 8
5 15
5 23
7 11
7 28
7 29
8 2
8 9
8 11
9 22
9 27
9 30
10 2
10 7
10 8
10 13
10 20
10 26
11 4
11 16
11 25
12 1
12 9
12 20
12 24
12 32
13 7
14 7
14 17
14 21
15 17
15 22
15 24
15 28
15 31
15 32
16 2
16 7
16 9
16 12
16 19
16 24
17 7
17 24
18 6
18 10
18 15
18 31
19 5
19 9
19 30
20 1
20 3
20 8
20 9
20 11
20 14
20 17
21 11
21 18
21 23
21 25
23 12
23 22
23 25
24 5
24 7
24 19
24 29
24 30
25 22
25 29
26 11
26 15
27 1
27 6
27 7
27 33
28 11
28 27
28 30
29 4
29 23
30 7
31 1
31 17
31 23
31 33
32 5
32 19
33 26
Loss 0 0 0 0 0 0 0 19 60 73 97 0 0 0 25 0 97 0 0 41 10 0 0 0 89 0 0 0 22 99 0 0 0 
