44 <--# of nodes, 196 edges
1 2
1 6
1 8
1 15
1 26
2 9
2 22
2 26
3 15
3 24
3 44
4 1
4 12
4 13
4 14
4 15
4 33
4 42
5 1
5 25
5 26
5 29
5 30
5 36
5 39
6 30
6 43
7 13
7 44
8 13
8 16
8 27
8 32
8 43
9 8
9 20
9 32
9 34
10 1
10 7
10 22
10 35
10 43
11 3
11 8
11 15
11 25
11 35
11 37
11 38
12 19
13 6
13 14
13 21
13 29
13 41
13 43
14 13
14 16
14 40
15 11
15 12
15 17
15 21
15 33
15 34
16 8
16 17
16 22
16 25
16 36
16 40
17 5
17 9
17 10
17 18
17 32
17 37
17 39
18 4
18 12
18 20
18 28
18 39
19 23
19 26
19 39
20 17
20 33
20 35
21 9
21 14
21 16
21 24
21 34
21 35
21 40
21 41
22 4
22 19
22 36
22 37
23 1
23 11
23 21
24 2
24 8
24 33
24 35
24 38
25 1
25 19
26 2
26 3
26 6
26 35
26 36
27 7
27 11
27 12
27 18
27 44
28 5
28 16
28 23
28 36
29 12
29 32
30 4
30 13
30 17
30 20
30 22
30 35
30 36
31 3
31 8
31 12
31 19
31 27
31 30
31 35
31 39
32 6
32 13
32 28
32 30
32 37
32 41
33 4
33 8
33 24
33 36
33 38
34 3
34 7
34 14
34 16
34 29
35 13
35 31
36 15
36 17
36 19
36 32
36 35
37 20
37 23
37 30
38 5
38 7
38 20
39 7
39 10
39 13
39 33
39 42
40 1
40 16
40 28
40 31
40 44
41 17
41 24
42 5
42 19
42 27
42 40
42 43
43 7
43 19
43 26
43 36
43 39
44 7
44 23
Loss 0 0 84 0 0 0 50 40 0 0 0 0 0 0 66 0 0 0 0 0 0 0 0 0 0 0 0 0 0 0 0 0 0 82 0 0 0 0 0 0 0 0 0 0 
