45 <--# of nodes, 177 edges
1 9
1 23
1 24
1 44
1 45
2 4
2 5
2 23
2 35
2 37
2 43
3 10
3 15
3 27
4 31
4 41
5 33
6 12
6 28
6 32
6 37
6 45
7 11
7 15
7 18
7 19
7 20
7 25
8 30
8 32
8 33
9 1
9 17
9 37
10 5
10 8
10 13
10 17
10 42
11 23
11 26
11 40
12 9
12 29
14 29
14 45
15 4
15 11
15 18
15 39
16 5
16 12
16 22
16 38
17 13
17 24
18 23
18 30
18 31
18 44
19 3
19 5
19 7
19 40
19 43
20 7
20 12
20 13
20 16
20 22
20 30
20 33
20 44
21 9
21 10
21 33
22 31
22 43
23 7
23 21
23 33
23 38
24 3
24 13
24 29
24 32
25 4
25 9
25 14
25 15
25 16
25 42
26 25
26 39
26 45
27 2
27 9
27 12
27 13
27 29
27 30
27 45
28 13
28 22
28 26
29 14
29 20
29 22
29 35
29 41
30 6
31 5
31 25
32 3
32 6
32 9
32 12
32 13
32 30
32 38
33 16
33 27
33 39
34 21
34 37
34 38
35 29
35 31
35 36
35 45
36 24
36 25
36 26
37 4
37 7
37 8
37 12
37 19
37 25
37 26
38 6
38 7
38 8
38 15
38 32
38 45
39 38
40 3
40 4
40 25
40 27
40 30
40 43
40 44
41 4
41 13
41 14
41 16
41 29
41 39
42 34
43 18
43 19
43 25
43 35
43 45
44 9
44 13
44 20
45 6
45 7
45 10
45 15
45 25
45 37
45 39
45 41
Loss 0 0 0 59 24 0 0 85 0 0 0 0 0 0 0 0 0 0 0 0 11 0 0 0 0 0 0 0 0 0 0 0 0 0 0 12 0 0 0 0 0 0 0 0 0 
