28 <--# of nodes, 81 edges
1 22
2 9
2 26
3 5
3 27
4 10
4 15
4 21
5 1
5 4
5 12
5 21
6 5
6 9
6 10
6 24
6 27
7 4
7 10
7 19
7 27
8 4
8 26
8 27
9 6
9 13
10 19
11 1
11 10
11 12
11 16
11 25
12 3
12 6
12 7
12 11
12 16
12 19
13 6
13 15
13 22
13 24
14 1
14 25
15 1
15 5
15 7
15 11
16 13
17 8
17 18
17 19
17 22
17 28
18 9
18 22
18 28
19 1
19 3
19 9
19 26
20 14
21 4
21 10
21 25
22 19
22 20
23 28
24 4
24 8
24 19
24 23
25 8
25 11
25 18
26 2
26 13
27 7
27 20
28 8
28 21
Loss 0 0 30 0 0 90 0 18 0 0 0 0 0 0 0 0 0 0 45 0 0 0 84 0 0 0 0 5 
