63 <--# of nodes, 382 edges
1 32
1 46
1 55
1 56
2 14
2 25
2 41
2 42
3 11
3 39
3 42
3 43
3 53
3 58
4 12
4 22
4 27
4 35
4 57
5 4
5 6
5 11
5 35
5 43
5 47
6 2
6 8
6 10
6 44
7 1
7 10
7 25
7 29
7 41
7 43
7 61
8 3
8 5
8 33
8 53
8 61
9 3
9 14
9 18
9 25
9 30
9 34
9 44
9 49
10 12
10 20
10 25
10 40
10 41
10 54
10 55
10 59
11 10
11 16
11 19
11 25
11 34
11 48
11 57
11 59
12 9
12 18
12 19
12 28
12 33
12 42
13 4
13 35
13 39
13 46
13 55
14 25
14 27
14 53
14 58
14 60
15 3
15 17
15 18
15 28
15 33
15 51
15 58
16 9
16 28
16 33
16 46
17 2
17 22
17 31
17 35
17 61
18 27
18 29
18 31
18 40
18 43
18 63
19 12
19 38
19 50
19 53
19 55
19 58
20 9
20 10
20 25
20 34
20 44
20 46
20 57
21 6
21 12
21 18
21 39
22 4
22 10
22 11
22 39
22 46
23 22
23 27
23 37
23 38
23 62
24 2
24 17
24 25
24 28
24 33
24 37
24 43
24 53
24 55
24 61
25 24
26 3
26 15
26 18
26 24
26 32
26 54
26 56
26 58
27 1
27 14
27 23
27 28
27 35
27 59
27 60
28 16
28 31
28 43
29 2
29 12
29 18
29 24
29 25
29 35
30 16
30 33
30 48
30 49
30 58
30 59
31 7
31 12
31 28
31 52
32 12
32 14
32 19
32 34
32 55
32 59
33 6
33 48
33 56
33 58
34 37
34 59
35 10
35 12
35 26
35 36
35 51
35 52
35 59
36 4
36 10
36 19
36 21
36 31
36 40
36 48
36 59
37 16
37 22
37 40
37 55
37 60
38 1
38 3
38 11
38 18
38 27
38 28
38 39
38 48
38 49
38 54
38 60
39 15
39 22
39 41
39 42
39 49
39 59
40 1
40 6
40 19
40 33
40 46
40 51
40 58
40 61
41 3
41 17
41 20
41 26
41 32
41 34
41 47
41 59
42 9
42 10
42 11
42 37
42 40
42 54
42 59
42 60
43 2
43 11
43 53
44 10
44 15
44 24
44 33
44 37
44 47
44 48
44 54
44 55
44 63
45 1
45 3
45 7
45 11
45 14
45 16
45 25
45 28
45 63
46 2
46 32
46 49
46 59
47 33
47 45
47 49
47 53
47 54
47 61
48 2
48 21
48 22
48 24
48 28
48 51
49 2
49 11
49 15
49 16
49 18
49 26
49 27
49 37
49 45
49 46
49 56
50 2
50 4
50 10
50 12
50 22
50 25
50 33
50 34
50 56
51 11
51 12
51 37
51 46
51 47
52 23
52 32
52 53
53 5
53 6
53 26
54 3
54 5
54 26
54 31
54 35
54 46
55 1
55 14
55 17
55 23
55 26
55 39
55 44
55 57
55 61
55 62
55 63
56 1
56 5
56 12
56 27
56 38
56 39
57 1
57 10
57 18
57 38
57 47
57 50
57 54
58 16
58 22
59 6
59 9
59 10
59 18
59 36
59 46
60 18
60 22
60 25
60 36
60 39
60 57
61 26
61 28
61 34
61 59
62 6
62 10
62 24
62 50
62 52
62 63
63 6
63 7
63 8
63 10
63 22
63 23
63 28
63 31
63 33
63 49
63 62
Loss 0 0 0 0 0 16 0 0 0 0 35 0 59 0 0 0 70 0 0 0 0 83 0 0 0 0 0 31 0 39 0 0 0 50 6 23 0 0 14 0 0 0 0 0 67 40 0 51 0 0 0 0 0 0 91 0 0 0 0 63 0 0 0 
