68 <--# of nodes, 438 edges
1 7
1 20
1 29
1 41
1 68
2 3
2 5
2 20
2 44
3 4
3 11
3 14
3 37
3 45
3 59
4 6
4 14
4 21
4 31
4 36
4 57
4 66
5 10
5 20
5 32
5 52
5 57
6 7
6 38
6 42
6 44
6 56
7 1
7 2
7 12
7 26
7 29
7 33
7 34
7 43
7 56
7 61
8 3
8 6
8 29
8 31
8 53
8 59
8 68
9 6
9 12
9 34
9 49
9 57
9 59
9 64
10 12
10 15
10 20
10 21
10 34
10 35
10 64
11 14
11 51
11 65
12 4
12 20
12 30
12 58
13 67
14 2
14 23
14 27
14 35
14 36
14 55
14 61
14 66
15 8
15 9
15 18
15 34
15 51
15 58
16 10
16 50
16 59
16 61
16 62
17 12
17 13
17 22
17 27
17 32
17 39
17 41
17 44
17 56
17 59
17 64
18 10
18 12
18 13
18 30
18 33
18 39
18 47
18 49
18 50
18 56
18 60
18 68
19 2
19 13
19 22
19 24
19 35
19 41
20 9
20 16
20 44
20 48
20 50
20 56
20 65
21 9
21 28
21 30
21 37
21 43
22 8
22 19
22 36
22 37
22 38
22 46
22 50
22 58
22 60
23 12
23 20
23 21
23 24
23 37
23 42
23 62
24 10
24 31
24 39
24 64
24 65
25 3
25 33
25 41
25 43
25 49
26 10
26 36
26 41
26 44
26 45
26 50
27 20
27 30
27 32
27 33
27 47
27 48
27 54
27 57
28 31
28 50
28 53
28 68
29 5
29 25
29 37
30 11
30 21
30 25
30 35
30 45
30 49
30 61
31 1
31 8
31 15
31 18
31 22
31 36
31 37
31 52
32 14
32 24
32 27
32 30
32 63
32 67
33 9
33 17
33 49
33 53
34 35
34 39
34 44
34 53
34 55
34 58
34 60
35 3
35 4
35 23
35 58
35 61
35 65
36 5
36 14
36 23
37 1
37 11
37 34
37 48
37 57
37 66
37 67
38 15
38 28
38 37
38 39
38 43
38 45
38 57
38 59
39 12
39 16
39 19
39 24
39 34
39 41
39 59
39 65
40 8
40 13
40 20
40 22
40 24
40 36
41 1
41 7
41 22
41 45
41 47
41 52
41 53
41 54
41 64
42 22
42 29
42 39
42 63
43 7
43 16
43 19
43 20
43 21
43 22
43 46
43 56
44 1
44 29
44 31
44 43
44 52
44 62
44 66
45 7
45 22
45 33
45 37
45 50
45 57
46 12
46 41
46 47
46 61
47 28
47 45
47 55
47 62
47 63
47 68
48 9
48 10
48 12
48 13
48 17
48 19
48 53
48 61
48 66
49 25
49 31
49 37
49 40
49 44
49 58
50 26
50 27
50 30
50 64
50 65
50 66
51 1
51 7
51 17
51 43
51 50
52 7
52 14
52 23
52 27
52 38
52 45
52 53
52 57
52 58
52 62
52 67
53 7
53 13
53 14
53 38
53 49
53 56
54 19
54 27
54 37
54 49
54 68
55 3
55 5
55 7
55 13
55 34
55 41
55 42
55 50
55 53
56 6
56 16
56 45
56 49
56 53
56 60
56 64
57 18
57 26
57 31
57 36
57 41
57 51
57 54
57 55
57 68
58 2
58 14
58 16
58 23
58 26
58 29
58 35
58 43
58 53
59 35
59 42
59 67
60 4
60 6
60 19
60 21
60 32
60 43
60 44
60 62
61 5
61 17
61 23
61 47
61 55
61 56
61 58
62 9
62 27
62 30
62 41
62 57
62 65
63 3
63 13
63 16
63 46
63 55
63 57
64 32
64 34
64 50
65 3
65 16
65 32
65 45
65 50
65 55
65 60
65 66
65 68
66 11
66 24
66 35
66 42
66 43
66 68
67 1
67 5
67 7
67 8
67 30
67 32
67 38
67 55
67 60
68 20
68 29
68 32
68 47
68 49
68 58
68 60
Loss 0 0 0 0 0 18 0 0 0 37 24 83 4 0 0 0 0 0 0 0 0 0 0 0 20 0 0 23 0 0 86 0 0 0 18 0 0 68 0 32 0 36 0 0 0 0 0 0 0 0 0 0 0 0 0 0 0 0 0 0 0 73 0 0 79 0 0 0 
