43 <--# of nodes, 189 edges
1 7
1 8
1 28
1 34
1 40
2 1
2 8
2 26
2 31
2 37
2 41
3 5
3 8
3 10
3 23
3 25
4 1
4 6
4 13
4 29
4 40
5 22
5 26
5 32
5 35
5 41
5 43
6 9
6 22
6 25
6 30
6 39
6 40
7 11
7 28
7 32
7 36
7 39
8 1
8 7
8 15
8 22
8 30
9 6
10 19
10 28
11 5
11 10
11 14
12 3
12 9
12 30
12 39
13 6
13 7
13 12
13 17
13 28
13 36
14 2
14 12
14 15
14 20
14 26
15 20
15 21
15 24
15 27
15 41
16 43
17 6
17 20
17 21
18 4
18 28
18 31
18 37
18 40
18 43
19 8
19 14
19 25
19 29
19 38
19 39
20 4
20 42
21 1
21 2
21 37
21 40
21 41
22 5
22 11
22 18
22 25
22 32
22 37
23 15
23 18
23 25
23 31
23 41
24 11
24 18
24 23
24 25
24 39
25 3
25 8
25 10
25 12
25 29
26 6
26 25
26 30
26 32
27 4
27 6
27 11
27 16
27 21
27 23
27 34
27 36
27 37
27 41
28 17
28 35
29 10
29 28
29 31
29 33
29 34
29 37
29 39
30 3
30 8
30 18
30 24
30 26
30 38
31 1
31 12
31 41
32 9
32 12
32 31
32 36
33 5
33 8
33 17
33 22
33 31
33 36
33 39
34 2
34 4
34 23
34 33
35 2
35 15
35 22
35 24
35 37
36 25
36 31
37 21
37 40
38 1
38 2
38 16
38 21
38 29
38 30
39 8
39 16
39 17
40 26
41 15
41 35
41 38
42 19
42 23
42 26
43 3
43 20
43 24
43 39
Loss 0 0 0 44 47 37 97 0 0 0 0 0 0 0 0 59 0 0 0 0 0 0 0 0 75 0 0 0 17 0 0 0 0 0 0 0 0 0 59 0 0 0 0 
