53 <--# of nodes, 271 edges
1 4
1 5
1 47
2 8
2 33
2 38
3 14
3 23
3 46
3 53
4 11
4 52
5 17
5 27
5 48
6 14
6 40
6 45
7 2
7 8
7 20
7 24
7 42
8 29
8 34
8 38
8 45
9 3
9 4
9 7
9 8
9 42
9 49
10 3
10 13
10 35
10 46
10 52
11 4
11 21
11 29
11 30
11 46
12 3
12 19
12 28
12 30
12 31
12 48
12 51
13 1
13 12
13 16
13 27
13 35
13 42
13 43
13 51
14 2
14 7
14 19
14 24
14 26
15 3
15 34
15 51
16 7
17 10
17 15
17 24
17 33
17 36
17 41
17 43
18 14
18 35
18 45
18 53
19 31
19 39
19 44
20 15
20 34
20 44
20 50
21 2
21 3
21 6
21 11
21 13
21 16
21 20
21 26
21 42
22 2
22 9
22 28
22 31
22 32
22 38
22 49
23 12
23 35
24 3
24 11
24 16
24 19
24 23
24 30
24 43
24 47
25 5
25 9
25 12
25 30
25 44
26 12
26 24
26 41
26 42
26 52
27 2
27 43
28 10
28 26
28 31
28 38
29 3
29 6
29 11
29 36
30 10
30 32
30 53
31 2
31 9
31 34
31 36
31 38
31 51
32 13
32 25
32 27
32 30
32 40
32 43
32 48
32 51
33 1
33 2
33 15
33 21
33 24
33 26
33 38
33 46
34 5
34 14
34 22
34 25
34 33
34 52
34 53
35 11
35 12
35 15
35 23
35 30
35 42
36 2
36 6
36 10
36 47
36 52
37 6
37 7
37 13
37 15
37 17
37 20
37 23
37 25
37 30
37 32
37 34
37 42
38 10
38 14
38 22
38 48
38 52
39 8
39 12
39 24
39 25
39 46
39 50
39 52
40 5
40 7
40 11
40 15
40 20
40 50
41 13
41 17
41 19
41 39
42 2
42 11
42 12
42 16
42 30
42 40
43 4
43 10
43 21
43 23
43 41
43 42
43 52
44 5
44 24
44 36
44 38
44 49
45 10
45 17
45 19
45 26
45 35
45 50
46 2
46 39
46 45
46 52
47 42
47 43
47 46
48 9
48 12
48 24
48 41
49 10
49 21
49 28
49 36
50 12
50 17
50 21
50 24
50 47
50 48
50 53
51 12
51 15
51 50
52 13
52 25
52 27
52 31
52 32
52 39
53 14
53 17
53 19
53 20
53 21
53 28
53 30
53 44
Loss 0 0 84 0 0 0 0 0 0 4 74 61 0 0 0 0 0 0 17 0 0 0 0 0 0 0 0 0 0 0 0 0 84 0 0 38 14 0 0 0 0 0 0 65 0 44 0 97 0 0 0 0 0 
