55 <--# of nodes, 340 edges
1 12
1 21
1 38
1 49
2 1
2 4
2 15
2 17
2 38
2 41
2 43
2 52
2 54
3 8
3 14
3 15
3 29
3 30
3 40
3 43
3 53
4 6
4 13
4 17
4 21
4 24
4 26
4 27
4 32
4 52
4 53
5 3
5 19
5 45
6 4
6 13
6 18
6 27
6 49
7 2
7 9
7 27
7 35
7 43
8 9
8 12
8 17
8 24
8 28
8 40
8 44
8 49
9 21
9 25
9 35
9 42
10 2
10 3
10 4
10 17
10 20
10 45
10 50
11 3
11 17
11 26
11 32
11 37
11 42
12 7
12 29
12 33
12 48
12 51
13 4
13 10
13 11
13 16
13 19
13 33
13 34
13 38
13 45
13 50
13 51
14 7
14 8
14 11
14 17
14 21
14 24
14 38
14 41
14 48
14 49
14 50
14 52
15 6
15 17
15 27
15 41
15 49
16 11
16 28
16 38
16 39
16 55
17 11
17 21
17 34
17 36
17 40
17 41
17 42
18 10
18 22
18 33
18 48
19 5
19 14
19 18
19 28
19 32
19 34
20 37
20 38
20 42
20 43
20 46
20 54
21 2
21 5
21 11
21 13
21 17
21 36
21 37
21 40
21 44
22 19
22 21
22 23
22 27
22 28
22 42
22 49
22 52
23 18
23 45
23 51
24 8
24 12
24 13
24 14
24 20
24 41
24 53
25 6
25 12
25 16
25 34
25 37
25 39
25 41
25 44
26 9
26 14
26 28
26 43
26 55
27 24
27 25
27 34
27 52
28 2
28 4
28 49
28 53
29 3
29 19
29 22
29 24
29 35
29 54
30 5
30 8
30 23
30 31
30 34
30 36
30 45
30 48
31 13
31 19
31 25
31 26
31 38
31 45
31 47
32 5
32 7
32 16
32 31
33 2
33 5
33 13
33 16
33 22
33 32
33 34
33 55
34 19
34 26
34 35
34 52
35 10
35 13
35 18
35 27
35 37
35 38
35 42
35 50
36 2
36 3
36 11
36 16
36 17
36 28
36 39
36 47
36 52
37 16
37 19
37 52
38 4
38 8
38 20
38 28
38 49
39 6
39 10
39 38
39 45
39 48
40 8
40 12
40 27
40 29
40 47
41 9
41 46
41 48
41 54
42 4
42 5
42 19
42 24
42 31
42 32
42 33
42 46
43 8
43 16
43 22
43 36
43 39
43 52
44 3
44 7
44 20
44 21
44 30
44 48
44 52
44 53
45 4
45 14
45 15
45 37
45 42
45 43
45 47
46 1
46 12
46 30
46 35
46 36
46 40
47 4
47 8
47 10
47 16
47 19
47 30
47 37
47 45
47 50
47 53
48 2
48 9
48 42
48 50
48 51
48 52
48 55
49 10
49 29
49 32
50 7
50 12
50 14
50 52
51 16
51 35
51 47
52 4
52 8
52 30
52 32
52 37
52 46
52 49
52 51
53 10
53 28
53 38
54 16
54 18
54 26
54 32
54 38
54 40
54 49
55 2
55 7
55 14
55 21
55 29
55 44
Loss 0 0 0 0 95 0 0 0 40 0 0 0 0 0 0 0 0 55 91 0 0 0 0 0 0 7 0 29 0 0 21 0 0 0 0 0 51 0 0 0 0 0 0 0 0 0 94 98 0 0 0 48 0 0 0 
