59 <--# of nodes, 354 edges
1 17
1 20
1 34
1 47
1 52
1 56
2 10
2 20
2 34
3 1
3 11
3 18
3 27
3 29
4 27
5 3
5 11
5 15
5 21
5 39
5 52
5 54
5 57
6 4
6 7
6 13
6 19
6 35
6 46
6 56
6 59
7 4
7 15
7 19
7 23
7 44
7 47
7 52
7 57
8 15
8 41
8 52
9 6
9 18
9 26
9 50
9 52
10 1
10 21
10 38
10 44
10 49
11 1
11 19
11 23
11 30
12 13
12 17
12 28
13 19
13 23
13 31
13 46
13 56
14 26
14 35
14 37
15 2
15 31
15 47
16 3
16 19
16 29
16 39
16 43
17 12
17 54
17 55
18 2
18 13
18 15
18 25
18 35
18 36
18 40
18 50
18 51
19 5
19 17
19 21
19 23
19 24
19 25
19 32
19 44
19 53
19 58
20 3
20 14
20 21
20 23
20 31
20 33
20 36
20 37
20 41
20 44
20 45
20 46
20 56
21 20
21 25
21 28
21 37
22 5
22 15
22 29
22 33
22 38
22 44
22 54
23 3
23 8
23 11
23 17
23 34
23 39
23 51
23 58
24 14
24 15
24 22
24 23
24 31
24 59
25 4
25 19
25 20
25 27
25 51
26 22
26 25
26 37
26 38
26 56
26 57
27 12
27 28
27 40
27 47
27 51
27 59
28 20
28 31
28 45
28 46
28 54
29 6
29 40
29 41
29 49
30 18
30 22
30 28
30 40
30 49
30 57
31 15
31 19
31 25
31 30
31 36
31 38
31 39
31 43
31 49
31 55
32 5
32 16
32 34
32 49
32 57
33 2
33 9
33 10
33 11
33 15
33 22
33 29
33 36
33 59
34 11
34 19
34 31
34 58
35 10
35 15
35 20
35 23
35 49
35 54
35 57
35 58
35 59
36 13
36 24
36 29
36 30
36 40
36 44
37 1
37 19
37 21
37 29
37 41
37 52
37 59
38 10
38 17
38 26
38 29
38 31
39 1
39 2
39 7
39 11
39 17
39 25
39 47
39 58
40 8
40 12
40 14
40 15
40 25
40 47
40 53
40 54
41 5
41 13
41 21
41 42
41 45
42 15
42 22
42 29
42 39
42 52
42 55
43 12
43 13
43 39
43 51
44 5
44 11
44 14
44 15
44 21
44 27
44 38
44 41
44 56
44 57
45 18
45 24
45 25
45 31
46 6
46 12
46 27
46 39
46 40
46 47
46 54
47 4
47 7
47 23
47 27
47 38
47 41
47 44
47 57
48 7
48 34
48 41
48 42
48 49
48 56
48 57
49 35
49 38
49 47
49 52
50 9
50 10
50 12
50 14
50 15
50 30
50 35
50 54
51 3
51 15
51 23
51 29
51 31
51 41
51 52
52 13
52 25
52 42
52 48
53 1
53 12
53 37
53 40
53 44
53 52
54 8
54 18
54 21
54 22
54 23
54 27
54 29
54 30
54 31
54 34
54 41
54 56
55 13
55 40
55 47
55 54
56 18
56 25
56 31
56 42
56 55
57 7
57 15
57 16
57 18
57 20
57 26
57 33
57 35
57 54
58 11
58 41
59 10
59 17
59 30
59 49
Loss 0 0 0 92 0 0 0 0 55 0 0 0 0 0 86 0 0 0 0 0 0 7 0 0 0 0 0 0 0 0 0 0 0 77 0 0 0 0 0 0 0 0 0 0 94 0 0 0 0 74 0 0 27 0 0 0 0 0 16 
