36 <--# of nodes, 121 edges
1 21
1 23
1 25
3 6
3 17
3 22
3 33
4 1
4 2
4 13
5 13
5 23
5 28
5 35
5 36
6 3
6 11
6 27
6 29
6 30
7 23
7 24
8 1
8 3
8 9
8 20
8 30
8 33
9 15
9 22
9 23
9 27
9 30
10 21
12 6
12 13
13 23
13 28
14 2
14 12
15 20
15 24
15 26
16 24
16 29
16 30
17 27
18 10
18 30
19 20
19 30
19 36
20 8
20 27
20 36
21 9
21 10
21 26
22 5
22 18
22 29
22 32
22 34
23 9
23 27
23 33
23 34
23 36
24 5
24 8
24 17
24 32
24 34
25 6
25 9
25 15
25 18
25 36
26 12
26 36
27 9
27 10
27 13
27 21
27 22
27 23
27 28
27 32
28 13
28 17
28 21
28 31
28 35
28 36
29 10
29 11
29 27
29 32
30 6
30 16
31 5
31 23
31 28
32 2
32 14
32 18
33 6
33 8
33 11
33 14
33 18
34 2
34 12
34 33
35 10
35 21
35 31
35 34
36 13
36 15
36 27
Loss 0 0 0 0 0 0 0 0 0 0 0 0 27 0 21 15 0 0 0 0 0 0 0 0 0 0 91 0 0 0 51 79 0 0 0 0 
