44 <--# of nodes, 193 edges
1 9
1 38
2 3
2 17
2 35
3 4
3 5
3 19
3 26
3 32
3 34
3 39
3 42
4 12
4 24
4 27
5 7
5 22
5 24
5 28
5 41
5 44
6 3
6 7
6 10
6 25
6 36
6 37
6 39
6 41
7 9
7 18
7 20
7 23
7 28
7 41
8 21
8 23
9 12
9 20
9 32
10 1
10 7
10 9
10 36
10 38
10 39
10 42
11 12
11 27
11 38
11 44
12 6
12 24
12 28
12 36
12 37
12 39
13 7
13 8
13 17
13 27
13 34
13 37
13 39
13 43
14 3
14 13
14 25
14 27
14 35
14 39
15 6
15 9
15 26
16 22
16 27
16 31
16 36
16 44
17 36
17 40
18 2
18 13
18 29
18 30
18 32
18 35
19 13
19 15
19 33
19 43
20 37
20 40
21 17
21 24
21 25
22 13
22 17
22 24
22 38
23 14
23 36
23 38
23 43
23 44
24 17
24 26
24 38
25 39
25 44
26 13
26 38
26 39
27 3
27 16
27 32
27 34
27 40
28 1
28 22
28 27
28 32
29 11
29 17
29 35
29 44
30 2
30 4
30 21
30 25
30 36
30 42
31 1
31 7
31 11
31 15
31 16
31 18
31 19
31 24
31 36
31 44
32 8
32 9
32 10
32 33
32 42
33 5
33 18
33 31
33 38
34 12
34 35
35 5
35 7
35 11
35 13
35 16
35 17
35 26
35 33
36 5
36 10
36 11
36 12
36 24
36 26
37 7
37 19
37 31
38 29
39 9
39 14
39 21
40 5
40 11
40 26
41 14
41 16
41 17
41 31
41 40
42 6
42 29
42 32
43 11
43 14
43 17
43 22
43 27
43 30
44 3
Loss 0 0 0 0 79 0 0 0 12 0 0 0 0 0 0 0 0 0 0 0 0 0 0 0 0 4 0 0 0 0 0 0 0 0 0 0 0 0 0 0 25 0 0 81 
