46 <--# of nodes, 210 edges
1 18
1 24
1 30
2 32
2 40
3 15
4 15
4 27
4 41
5 3
5 12
5 13
5 19
5 40
5 43
5 44
6 11
6 18
6 23
6 30
6 41
7 6
7 14
7 20
7 23
7 30
7 38
7 43
8 2
8 3
8 12
8 22
9 10
9 32
10 4
10 15
10 17
10 33
10 38
10 39
11 6
11 23
11 40
11 43
12 23
12 34
12 46
13 6
13 19
13 42
14 33
15 11
15 17
15 33
15 39
16 40
17 13
17 27
17 38
17 40
18 12
18 26
18 28
18 34
18 35
18 45
18 46
19 6
19 29
19 36
19 38
19 41
20 3
20 12
20 18
20 24
21 13
21 24
21 37
21 43
22 33
23 8
23 40
23 41
23 44
24 4
24 19
24 20
24 30
24 31
24 46
25 2
25 11
25 13
25 33
25 36
25 37
25 42
26 16
26 22
26 29
26 40
26 42
26 46
27 3
27 4
27 18
27 37
27 43
28 5
28 8
28 11
28 13
28 17
28 19
28 20
28 40
29 10
29 31
29 35
29 40
30 12
30 31
30 37
31 12
31 16
31 22
31 23
31 44
32 6
32 9
32 26
33 16
33 29
33 39
34 14
34 30
34 39
35 2
35 3
35 11
35 16
35 20
35 30
35 38
35 41
35 44
36 8
36 9
36 11
36 18
36 19
36 40
36 42
37 3
37 5
37 12
37 14
37 17
37 19
37 21
37 23
37 28
37 35
37 42
37 45
38 8
38 11
38 22
38 32
38 42
39 6
39 11
39 22
39 23
39 32
39 38
39 45
40 4
40 10
40 20
40 26
40 29
41 2
41 8
41 16
41 24
41 33
41 34
41 39
41 40
42 6
42 15
42 23
42 24
42 27
42 31
43 22
44 19
44 21
44 24
44 25
44 26
44 37
45 12
45 15
46 3
46 5
46 15
46 28
Loss 0 0 0 51 0 0 0 0 0 46 1 85 0 0 0 0 0 0 0 0 0 0 0 42 66 0 3 0 0 25 0 0 0 0 0 67 80 62 0 0 0 0 0 0 0 95 
