68 <--# of nodes, 399 edges
1 17
1 26
1 41
1 50
1 52
2 41
2 49
2 61
2 67
3 9
3 30
3 34
3 51
3 57
3 63
4 18
4 43
4 49
4 60
5 7
5 9
5 16
5 23
5 35
5 62
5 63
5 64
6 2
6 31
6 43
6 56
6 61
6 62
7 1
7 12
7 19
7 25
7 27
7 53
7 54
7 57
7 65
7 68
8 5
8 16
8 41
8 54
8 64
9 31
9 53
9 59
10 2
10 32
10 34
10 36
10 52
11 6
11 14
11 57
12 25
12 30
12 54
12 57
13 15
13 16
13 27
13 39
13 65
14 12
14 18
14 27
14 42
14 45
14 55
15 4
15 22
15 32
15 34
16 21
16 31
16 57
16 67
17 14
17 30
17 32
17 38
17 62
18 46
18 61
18 64
19 10
19 18
19 41
19 51
19 67
20 13
20 24
20 34
20 39
20 50
20 51
20 53
21 2
21 3
21 12
21 22
21 47
21 62
21 64
22 11
22 14
22 27
22 62
22 64
22 65
22 66
23 2
23 31
23 68
24 9
24 18
24 29
24 56
24 60
24 68
25 6
25 9
25 15
25 31
25 36
25 47
25 52
26 48
27 1
27 8
27 9
27 13
27 40
27 49
27 59
28 9
28 31
28 64
29 17
29 18
29 22
29 24
29 28
29 43
29 57
30 12
30 16
30 41
30 44
30 56
30 59
30 60
31 1
31 34
31 43
31 53
31 59
31 63
32 13
32 50
32 51
32 52
32 53
32 60
32 65
33 4
33 8
33 26
33 38
33 58
33 67
34 15
34 25
34 50
34 62
35 15
35 20
35 24
35 25
35 26
35 52
35 58
35 60
36 2
36 15
36 23
36 31
37 6
37 8
37 11
37 18
37 23
37 27
37 42
37 43
37 51
37 62
37 64
38 9
38 14
38 16
38 25
38 47
38 52
39 18
39 44
39 50
39 53
39 56
39 60
39 62
39 66
40 5
40 10
40 16
40 57
41 5
41 7
41 52
41 63
41 64
41 66
41 68
42 6
42 26
42 32
42 35
42 36
42 38
42 40
42 46
42 54
42 68
43 5
43 8
43 10
43 16
43 31
43 60
44 22
44 34
44 48
44 50
44 51
44 55
44 64
45 1
45 2
45 7
45 34
45 39
45 54
45 65
45 68
46 19
46 38
46 54
46 59
47 5
47 6
47 17
47 19
47 24
47 65
48 10
48 19
48 37
48 51
48 64
49 15
49 16
49 19
49 22
49 32
49 44
49 59
50 5
50 21
50 26
50 32
50 48
50 53
50 66
51 10
51 17
51 34
51 36
51 48
51 54
51 57
52 4
52 29
52 44
52 45
52 54
52 58
52 62
53 47
54 3
54 20
54 37
54 49
54 51
54 57
54 63
55 6
55 9
55 15
55 18
55 37
55 57
55 59
55 64
56 5
56 6
56 21
56 44
56 46
56 47
56 53
56 57
56 59
56 65
57 8
57 22
57 24
57 43
57 48
57 54
57 64
57 66
58 18
58 22
58 24
58 32
58 56
59 2
59 20
59 27
59 28
59 41
60 2
60 5
60 13
60 14
60 16
60 18
60 20
60 44
60 52
61 1
61 16
61 19
61 24
61 30
61 31
61 39
61 44
61 45
61 47
61 59
61 67
62 1
62 8
62 10
62 28
62 30
62 34
62 37
62 51
62 66
62 67
63 3
63 10
63 46
63 61
64 27
64 31
64 37
64 47
65 13
65 22
65 46
65 60
66 29
66 35
66 44
66 49
67 7
67 47
67 61
67 64
68 18
68 30
Loss 0 0 0 0 0 71 0 0 0 0 1 0 0 0 0 0 0 0 0 0 0 0 0 0 0 0 0 0 0 0 0 0 0 71 77 0 0 0 0 0 0 0 0 89 0 0 0 0 51 0 0 35 0 98 0 0 0 0 0 0 0 0 21 0 0 0 0 0 
