35 <--# of nodes, 122 edges
1 18
1 22
2 1
2 14
2 20
3 11
3 12
3 27
4 1
4 21
4 22
4 32
5 1
5 9
5 25
5 34
6 2
6 5
6 10
6 11
6 29
8 1
8 27
9 4
9 20
9 25
9 29
9 31
10 9
10 15
10 17
11 7
11 15
12 3
12 5
13 11
13 32
14 6
14 28
14 34
15 11
15 12
15 21
15 26
15 29
15 30
16 2
16 4
16 6
16 17
16 31
17 1
17 2
17 9
17 14
17 31
18 6
18 9
18 30
18 35
19 5
19 9
19 11
19 13
19 17
19 23
19 35
20 1
20 7
20 8
20 11
21 6
21 11
21 24
21 26
22 6
23 26
23 28
24 8
24 13
24 19
24 31
24 34
25 4
25 8
25 10
25 13
25 23
25 33
25 35
26 2
26 19
26 24
26 27
26 28
27 25
28 2
28 3
29 2
29 11
30 3
30 19
30 23
31 20
31 34
32 9
32 17
32 26
32 33
33 2
33 4
33 11
33 14
33 21
33 23
33 24
33 28
34 2
34 22
34 33
35 2
35 11
Loss 0 0 0 0 0 0 0 0 29 0 0 0 0 0 0 0 48 0 4 0 0 41 0 0 0 0 0 0 0 29 82 63 0 68 51 
