67 <--# of nodes, 479 edges
1 13
1 19
1 24
1 28
1 44
1 56
1 61
2 4
2 7
2 22
2 23
2 25
2 33
2 36
2 41
2 52
2 60
3 14
3 34
3 53
3 67
4 7
4 9
4 17
4 27
4 32
4 33
4 34
4 44
4 52
4 56
5 7
5 12
5 18
5 23
5 25
5 27
5 43
5 51
5 54
5 64
6 12
6 24
6 25
6 33
6 37
6 60
7 39
7 40
7 53
7 58
7 64
8 18
8 20
8 40
8 43
8 47
9 30
9 32
9 34
9 37
9 41
9 42
9 44
9 47
9 52
9 67
10 11
10 13
10 36
10 38
10 39
10 65
11 21
11 23
11 26
11 31
11 42
11 43
12 22
12 47
12 48
12 49
12 60
13 35
13 44
13 57
13 63
14 17
14 28
14 36
14 38
14 40
14 41
14 46
14 53
14 56
14 59
14 63
15 4
15 16
15 19
15 21
15 24
15 25
15 26
15 28
15 29
15 31
15 60
16 4
16 10
16 20
16 28
16 52
16 55
16 60
17 7
17 11
17 16
17 18
17 38
17 43
18 2
18 3
18 6
18 10
18 17
18 33
18 39
19 1
19 3
19 8
19 10
19 67
20 37
20 38
20 40
20 58
20 59
21 19
21 20
21 22
21 33
21 34
21 37
21 42
21 45
21 59
22 6
22 29
22 32
22 37
22 52
22 57
22 60
23 3
23 4
23 7
23 18
23 26
23 35
23 57
23 58
23 62
24 5
24 11
24 21
24 28
24 30
24 35
24 36
24 40
24 41
24 44
24 56
24 58
24 61
25 4
25 22
25 36
25 42
25 43
25 53
25 59
25 62
26 10
26 27
26 36
26 48
26 55
26 62
26 65
27 42
27 44
27 47
27 50
27 51
27 57
28 11
28 13
28 17
28 38
28 53
28 61
28 65
29 40
29 50
29 53
29 64
29 65
30 5
30 27
30 40
31 23
31 28
31 30
31 33
31 37
31 47
31 62
32 14
32 31
32 37
32 46
32 54
32 67
33 2
33 14
33 18
33 42
33 47
33 52
34 18
34 24
34 31
34 33
34 54
34 55
34 63
34 64
35 6
35 13
35 19
35 37
35 41
35 46
35 49
35 65
36 3
36 7
36 12
36 26
36 30
36 46
36 57
37 2
37 24
37 25
37 30
37 35
37 57
37 66
38 2
38 3
38 10
38 16
38 18
38 27
38 36
38 56
39 3
39 12
39 14
39 21
39 25
39 31
39 41
39 42
39 45
40 8
40 9
40 25
40 26
40 29
40 42
40 51
40 57
41 1
41 5
41 9
41 17
41 46
41 49
41 58
41 59
42 6
42 30
42 33
42 34
42 40
42 43
42 53
42 61
42 64
43 27
43 28
43 31
43 36
43 52
43 60
44 9
44 10
44 14
44 18
44 37
44 40
44 41
44 43
44 54
44 56
45 21
45 28
45 32
45 51
45 56
45 57
45 65
45 67
46 8
46 15
46 23
46 34
46 51
46 52
46 56
46 67
47 18
47 20
47 25
47 34
47 40
47 43
47 66
48 2
48 13
48 14
48 15
48 26
48 38
48 42
49 35
49 36
49 45
49 52
49 55
49 61
50 3
50 18
50 21
50 22
50 24
50 26
50 36
50 39
50 43
50 45
50 53
50 62
51 1
51 24
51 52
52 6
52 15
52 27
52 50
52 58
53 1
53 8
53 12
53 15
53 26
53 29
53 37
53 52
53 65
54 4
54 11
54 16
54 30
54 34
54 42
54 48
54 49
54 51
54 52
54 56
55 7
55 39
55 65
56 9
56 14
56 16
56 37
56 40
56 44
56 55
56 63
57 9
57 13
57 16
57 25
57 34
57 36
57 47
58 1
58 18
58 39
58 50
58 56
58 61
59 1
59 11
59 12
59 21
59 36
59 51
59 55
59 62
59 66
60 2
60 4
60 18
60 33
60 46
60 50
60 56
61 7
61 27
61 37
61 41
61 50
62 24
63 10
63 14
63 15
63 25
63 41
63 52
64 15
64 22
64 32
64 54
64 55
64 59
64 62
65 3
65 10
65 12
65 29
65 33
65 35
65 36
65 39
65 44
65 46
65 60
66 11
66 16
66 20
66 40
66 52
66 57
66 67
67 8
67 35
67 36
67 54
67 61
Loss 0 0 0 0 0 0 0 25 0 20 0 0 0 35 0 94 0 3 0 0 0 0 0 0 0 0 0 0 0 0 0 0 0 0 0 0 0 0 26 15 0 0 0 71 99 0 0 0 0 0 0 0 0 0 0 0 44 0 26 0 0 0 0 74 0 50 99 
