32 <--# of nodes, 114 edges
2 4
2 8
2 16
2 24
2 30
3 2
3 13
3 17
3 26
4 26
4 28
4 29
4 31
4 32
5 14
5 23
6 7
6 22
7 6
7 10
7 13
7 16
7 22
7 25
7 29
8 1
8 11
8 27
9 8
9 16
10 20
10 21
10 24
10 26
10 30
11 1
11 12
11 22
11 24
12 9
12 19
12 32
13 11
13 30
14 8
14 19
14 21
15 10
15 19
15 21
16 3
16 8
16 19
16 25
16 26
17 9
17 18
17 29
18 8
18 26
18 31
19 5
19 6
19 12
19 23
19 24
19 30
20 17
20 24
21 3
21 10
21 30
22 4
22 8
22 16
22 20
23 11
23 30
23 31
24 23
24 30
25 9
25 18
25 20
25 24
25 32
26 12
26 13
27 3
27 23
27 24
27 26
28 5
28 7
28 19
28 24
28 29
29 9
29 24
29 25
29 32
30 3
30 13
30 17
30 18
30 25
31 11
31 21
31 23
31 28
32 3
32 17
32 19
32 24
Loss 0 58 0 0 0 0 0 0 0 45 0 0 0 0 0 0 0 29 0 12 25 81 0 0 0 59 0 0 0 0 0 82 
