64 <--# of nodes, 357 edges
1 7
1 16
1 29
1 49
1 54
2 15
2 51
3 10
3 16
3 17
3 20
3 22
3 27
3 29
3 31
3 37
4 2
4 8
4 14
4 23
4 27
4 47
4 56
4 64
5 13
5 38
5 40
5 59
6 22
6 34
6 42
7 4
7 8
7 9
7 13
7 18
7 27
7 32
7 38
8 16
8 37
8 47
8 60
9 43
9 57
9 60
10 1
10 8
10 18
10 24
10 34
10 44
10 61
11 7
11 16
11 19
11 57
12 10
12 25
12 44
12 52
13 6
13 25
13 42
13 46
13 54
13 60
14 4
14 48
14 54
14 58
15 6
15 7
15 10
15 49
15 56
16 5
16 35
16 40
16 45
16 49
16 51
16 55
16 57
17 13
17 33
17 46
17 57
18 14
18 17
18 36
18 44
18 47
18 49
18 60
19 4
19 18
19 31
19 35
19 50
19 60
20 17
20 45
20 46
20 54
20 59
21 7
21 11
21 29
21 32
21 38
21 45
21 59
21 62
22 26
22 30
22 45
22 49
22 55
22 58
23 20
23 40
23 55
24 8
24 17
24 18
24 54
25 1
25 11
25 15
25 33
25 50
25 63
26 5
26 8
26 34
26 36
26 58
27 3
27 6
27 7
27 24
27 63
28 3
28 8
28 13
28 29
28 45
29 1
29 8
29 13
29 24
29 60
30 7
30 16
30 28
30 31
30 41
30 43
30 58
30 64
31 1
31 13
31 18
31 28
31 51
31 52
32 10
32 11
32 19
32 43
32 46
32 48
32 50
32 57
33 24
33 27
34 4
34 5
34 8
34 28
34 42
35 9
35 19
35 41
36 38
36 40
36 61
36 62
37 7
37 16
37 19
37 25
37 38
37 39
37 41
37 56
37 64
38 5
38 22
38 28
38 29
38 52
38 55
39 10
39 18
39 20
39 24
39 33
39 60
40 14
40 29
40 32
40 38
40 59
41 15
41 23
41 39
41 47
41 49
41 51
41 55
42 12
42 37
42 44
42 47
42 48
43 23
43 26
43 29
43 30
43 31
43 39
43 46
43 61
44 6
44 7
44 29
44 39
44 55
44 64
45 15
45 19
45 27
45 31
45 32
45 33
45 58
45 62
46 37
46 42
47 2
47 12
47 17
47 20
47 29
47 32
47 63
48 8
48 10
48 14
48 33
48 38
48 46
48 55
48 61
49 1
49 6
49 8
49 13
49 28
49 35
49 40
49 54
49 58
50 14
50 45
50 52
51 5
51 10
51 21
51 27
51 28
51 29
51 33
51 49
52 3
52 16
52 24
52 42
52 58
52 60
52 61
52 64
53 1
53 5
53 12
53 54
53 56
53 62
54 2
54 4
54 5
54 22
54 44
55 2
55 9
55 28
55 31
55 53
55 64
56 9
56 10
56 11
56 27
56 59
57 1
57 4
57 20
57 42
57 43
57 54
58 18
58 26
58 40
59 9
59 13
59 18
59 20
59 30
59 43
60 19
60 46
60 48
60 58
61 13
61 35
61 43
61 64
62 16
62 17
62 43
62 50
62 51
62 64
63 5
63 16
63 18
63 24
63 44
63 57
64 3
64 10
64 21
64 35
64 37
64 43
Loss 0 72 0 1 63 0 24 0 0 0 0 0 0 0 0 0 0 0 0 47 0 12 0 0 0 44 0 59 22 76 0 51 0 15 0 0 0 0 0 0 43 0 0 0 0 0 26 0 0 0 10 0 0 29 0 0 0 15 0 0 99 0 0 0 
