55 <--# of nodes, 320 edges
1 19
1 25
1 34
1 46
1 52
2 27
2 35
2 50
3 8
3 9
3 12
3 16
3 17
3 25
3 27
3 43
3 51
4 5
4 17
4 19
4 32
4 35
4 51
5 9
5 38
5 41
5 42
6 3
6 10
6 14
6 22
6 26
6 47
6 54
7 15
8 7
8 26
8 37
8 43
8 51
8 53
8 55
9 1
9 4
9 38
9 42
9 53
10 11
10 15
10 29
10 35
10 37
10 38
10 51
10 52
11 12
11 30
11 32
11 55
12 1
12 3
12 4
12 17
12 25
12 33
12 36
12 40
12 46
13 12
13 17
13 31
13 32
13 42
13 43
13 53
14 7
14 46
14 47
14 50
15 6
15 9
15 27
15 29
15 30
15 42
15 44
15 47
15 49
15 51
16 2
16 6
16 12
16 13
16 20
16 21
16 30
16 32
16 34
16 36
16 37
16 38
16 42
16 45
17 31
17 35
17 40
18 3
18 5
18 10
18 12
18 23
18 31
18 46
19 43
20 10
20 29
20 37
20 40
20 41
20 45
21 3
21 7
21 11
21 14
21 20
21 24
21 37
21 54
21 55
22 2
22 13
22 16
22 24
22 41
22 52
23 7
23 14
23 24
23 27
23 28
23 43
24 15
24 25
24 34
25 10
25 13
25 14
25 18
25 24
25 37
25 40
26 18
26 25
26 43
26 46
26 48
26 50
26 52
27 24
27 26
27 52
28 6
28 14
28 17
28 30
28 51
29 32
29 43
29 51
30 1
30 10
30 25
30 26
30 33
30 39
30 44
30 53
31 12
31 18
31 30
31 40
31 46
32 6
32 25
32 38
32 39
33 24
33 31
33 39
34 8
34 16
34 26
34 31
34 36
34 37
34 39
34 55
35 4
35 8
35 14
35 15
35 29
35 42
35 45
35 47
35 49
36 7
36 40
36 47
36 49
36 55
37 4
37 5
37 10
37 46
37 51
37 52
38 6
38 13
38 19
38 30
38 43
38 52
39 5
39 24
39 34
39 38
39 43
39 46
40 1
40 6
40 8
40 22
40 39
40 53
41 4
41 23
41 24
41 29
41 42
41 43
42 35
43 1
43 9
43 13
43 20
43 26
43 36
43 42
43 48
44 10
44 13
44 25
44 40
44 42
44 51
45 10
45 39
45 44
46 9
46 13
46 14
46 25
46 26
46 51
46 55
47 2
47 8
47 11
47 20
47 22
47 54
48 5
48 14
48 18
48 31
48 34
48 38
49 11
49 20
49 29
49 38
50 5
50 8
50 12
50 19
50 22
50 26
50 28
50 45
50 53
50 54
51 2
51 15
51 31
51 45
52 22
52 29
52 34
52 51
53 19
53 21
53 27
53 31
53 33
53 39
53 41
54 1
54 5
54 7
54 17
54 45
54 46
55 10
55 15
55 17
55 22
55 24
55 27
55 34
Loss 0 0 0 0 42 0 0 33 0 0 0 0 2 0 0 0 0 0 0 0 0 0 0 95 0 0 0 0 0 0 0 0 96 0 0 0 0 0 0 0 0 0 0 73 0 0 0 56 46 0 0 0 0 0 0 
