36 <--# of nodes, 110 edges
2 13
2 23
2 25
2 27
3 10
3 23
3 25
3 28
4 6
4 13
4 19
5 2
5 7
5 29
5 34
6 4
6 11
6 15
6 17
6 30
7 10
7 11
7 36
8 1
8 5
8 11
8 16
8 17
8 35
9 7
9 14
9 32
9 33
10 2
10 8
10 22
11 1
11 5
11 21
12 24
13 29
13 32
14 9
14 27
15 24
15 25
16 12
16 23
16 29
16 36
17 6
17 9
17 18
17 19
17 24
18 7
18 8
18 36
19 33
20 7
20 12
20 34
21 29
21 34
21 35
22 1
22 3
22 5
22 9
22 12
22 20
22 31
23 26
23 33
24 17
24 18
25 5
26 7
26 11
27 23
27 31
28 1
28 14
28 30
28 36
29 12
29 17
29 26
30 7
30 13
30 20
30 33
31 6
31 13
31 24
31 27
32 8
32 11
32 21
33 2
33 8
33 31
33 35
34 5
34 33
35 8
35 13
35 16
36 9
36 29
Loss 0 0 0 0 0 92 0 0 0 0 0 0 0 0 0 0 0 0 0 85 3 0 31 0 0 0 7 0 0 0 0 47 0 0 0 0 
