58 <--# of nodes, 301 edges
1 16
1 17
1 28
1 31
1 39
1 41
1 46
1 57
2 12
2 15
2 37
2 46
2 56
3 27
3 44
3 47
4 15
4 33
4 38
5 3
5 9
5 14
5 40
6 7
6 11
6 18
6 21
6 41
6 44
7 6
7 9
7 21
7 24
7 41
7 44
7 46
8 1
8 16
8 17
8 18
8 22
8 26
8 27
8 44
8 52
8 53
8 55
8 56
9 2
9 3
9 24
9 31
9 50
9 57
10 6
10 14
10 24
10 49
11 45
12 3
12 14
12 30
12 33
12 37
12 39
12 57
13 2
13 12
13 14
13 22
14 23
14 28
14 46
14 47
14 50
15 8
15 20
15 21
15 22
15 27
15 32
15 49
16 7
16 13
16 18
16 20
16 29
16 35
16 38
16 39
16 44
16 49
16 50
17 29
17 49
17 51
18 5
18 6
18 7
18 10
18 29
18 33
18 49
19 9
19 11
19 13
19 14
19 33
19 36
19 39
19 41
20 24
20 34
20 39
21 7
21 11
21 17
21 34
21 48
21 50
21 56
21 57
22 2
22 18
22 20
22 29
22 31
22 37
22 38
22 44
22 52
23 5
23 20
23 32
24 2
24 4
24 20
24 49
24 52
24 57
25 12
25 17
25 38
25 40
25 46
25 56
26 4
26 31
26 51
26 52
26 55
27 14
27 18
28 2
28 6
28 9
28 17
28 22
28 24
28 48
29 4
29 15
29 21
29 23
29 32
29 35
29 47
29 48
30 24
30 40
30 57
31 10
31 30
31 34
31 39
31 43
31 50
31 52
32 12
32 18
32 29
32 43
33 15
33 19
33 28
33 35
33 52
34 12
34 13
34 26
34 38
35 7
35 13
35 55
36 7
36 9
36 10
36 18
36 41
36 47
36 53
37 9
37 25
37 44
37 49
37 50
38 4
38 8
38 14
38 25
38 47
38 53
39 10
39 19
39 22
39 23
39 30
39 32
39 40
39 50
39 53
40 4
40 23
40 41
41 9
41 39
41 46
41 48
42 17
42 26
42 44
42 56
43 12
43 13
43 33
44 3
44 10
44 37
44 52
45 15
45 29
45 30
45 34
46 1
46 6
46 30
46 55
46 57
47 9
47 10
47 28
47 30
47 40
47 42
48 2
48 56
49 11
49 17
49 32
49 34
49 35
49 41
50 30
50 43
50 54
50 57
51 2
51 30
51 33
51 42
51 43
52 9
52 14
52 35
53 9
53 23
53 32
53 37
53 46
53 56
54 5
54 11
54 14
54 17
54 36
54 47
54 55
55 4
55 40
55 46
56 4
56 6
56 15
56 23
56 24
56 31
56 38
56 42
57 9
57 48
58 16
Loss 0 0 0 0 0 0 0 66 0 0 0 0 0 0 0 0 0 0 0 0 0 0 0 0 0 26 0 0 0 0 0 39 0 0 0 0 29 0 0 80 0 0 0 25 0 0 0 0 0 0 0 0 0 41 0 87 0 0 
