39 <--# of nodes, 137 edges
1 9
1 14
2 3
2 26
2 35
3 37
4 5
5 8
5 14
5 15
5 17
6 17
6 29
6 30
6 36
7 11
7 17
7 28
8 9
8 13
8 24
8 33
8 35
8 39
9 5
9 12
9 19
9 39
10 16
10 17
11 2
11 8
11 20
11 24
11 25
11 29
12 15
12 17
12 21
13 26
14 3
14 37
14 39
15 8
15 18
15 39
16 17
16 23
17 12
17 14
17 25
17 29
17 32
17 33
18 12
18 14
18 19
18 22
18 23
18 28
18 36
19 26
19 28
19 29
19 31
19 38
20 3
20 5
20 16
20 35
21 22
21 28
22 11
22 19
22 24
22 28
22 29
22 33
23 6
23 18
24 19
24 22
24 36
24 37
24 38
25 27
26 14
26 19
26 24
26 27
26 39
27 12
27 16
27 18
27 35
27 39
28 3
28 29
28 31
29 5
29 20
30 9
31 26
31 33
31 39
32 5
32 15
32 18
32 25
32 34
33 3
33 7
33 22
33 25
34 19
34 32
35 4
35 10
35 11
35 18
35 39
36 14
36 33
36 38
37 8
37 27
37 28
37 32
37 35
37 36
38 7
38 9
38 15
38 23
39 13
39 31
39 34
Loss 0 0 0 0 0 0 0 0 0 0 0 0 0 93 0 42 0 0 0 0 48 0 0 49 0 86 0 0 0 0 40 0 0 0 0 0 0 0 0 
