61 <--# of nodes, 346 edges
1 7
1 8
1 14
1 36
1 38
1 45
2 3
2 10
2 16
2 37
2 57
3 6
3 15
3 21
3 35
3 41
3 54
3 57
4 9
4 21
4 47
4 56
5 13
5 30
5 35
5 42
5 52
5 59
6 22
6 48
6 57
7 9
7 14
7 19
7 37
7 47
8 9
8 12
8 46
8 61
9 15
9 38
9 58
10 3
10 9
10 12
10 14
10 27
10 43
10 53
10 54
11 13
11 26
11 28
11 37
11 51
11 53
12 2
12 9
12 35
12 51
12 59
13 53
13 56
14 18
14 22
14 23
14 48
14 55
14 58
15 2
15 8
15 16
15 17
15 20
15 28
15 33
15 55
16 7
16 25
16 26
16 50
17 18
17 29
17 40
17 43
17 55
17 61
18 4
18 10
18 15
18 21
18 42
18 60
19 6
19 7
19 17
19 23
19 34
19 44
20 5
20 10
20 33
20 34
20 48
20 61
21 14
21 17
21 25
21 46
21 56
22 44
22 59
23 24
23 26
23 29
23 37
23 49
23 58
23 61
24 6
24 32
24 46
24 47
24 58
24 60
24 61
25 47
26 14
26 15
26 16
27 29
27 34
27 38
27 54
28 8
28 12
28 16
28 37
28 40
28 52
28 53
28 60
29 12
29 22
29 41
30 7
30 15
30 23
30 24
30 26
30 37
30 38
30 53
30 60
31 12
31 29
32 2
32 7
32 45
32 53
32 54
33 9
33 30
33 59
34 6
34 9
34 37
34 48
34 60
35 60
35 61
36 8
36 13
36 16
36 21
36 33
36 49
36 58
36 60
37 15
37 23
37 27
37 34
37 44
37 49
37 52
37 53
37 57
37 58
38 27
38 32
38 41
38 43
38 46
38 51
38 52
39 10
39 13
39 30
39 41
40 14
40 21
40 24
40 27
40 34
40 43
40 46
40 58
41 6
41 13
41 15
41 17
41 26
41 28
41 33
41 39
41 57
42 5
42 39
42 43
43 14
43 20
43 23
43 25
43 29
43 36
44 8
44 14
44 19
44 20
44 21
44 29
44 40
44 47
44 50
45 17
45 20
45 21
45 35
45 40
45 42
45 49
45 54
45 58
46 21
46 27
46 45
46 47
46 50
47 16
47 60
48 12
48 27
48 35
48 41
48 43
48 50
49 8
49 17
49 37
49 39
49 44
49 55
49 59
50 8
50 22
50 41
50 42
50 51
51 11
51 24
51 28
51 32
51 40
51 45
51 53
52 16
52 17
52 18
52 19
52 36
52 44
53 4
53 18
53 27
53 28
53 29
53 54
54 1
54 25
54 26
54 41
54 56
55 10
55 35
55 46
55 48
55 50
56 9
56 22
56 26
56 32
56 51
56 59
57 9
57 10
57 21
57 26
57 30
57 37
57 39
57 51
58 11
58 21
58 26
58 27
58 30
58 43
58 44
58 51
58 57
59 8
59 10
59 19
59 25
59 42
59 43
59 46
59 48
59 54
60 10
60 14
60 19
60 20
60 21
60 27
60 44
60 52
60 58
60 61
61 2
61 20
61 28
61 36
61 56
Loss 0 66 0 0 0 0 0 0 0 0 0 0 0 0 0 0 0 0 0 0 86 0 6 28 0 0 58 0 43 41 0 0 0 0 6 0 0 0 0 51 0 41 0 0 14 0 0 0 27 0 0 0 37 94 0 0 0 0 0 0 68 
