35 <--# of nodes, 121 edges
1 15
1 30
2 14
2 25
3 11
4 1
4 21
4 27
4 28
5 11
5 16
5 23
5 27
5 32
6 10
6 25
6 35
7 8
7 16
7 20
7 24
8 5
8 7
8 16
8 20
8 22
9 16
9 18
9 19
10 25
11 3
11 5
11 16
11 24
11 28
11 31
12 4
12 11
12 18
13 2
13 3
13 8
13 20
13 31
13 32
13 33
14 9
14 11
14 16
14 17
14 30
14 34
15 5
15 26
15 27
15 33
15 34
16 2
17 2
17 10
17 23
17 24
17 32
17 35
19 18
19 20
19 25
19 35
20 16
20 24
20 26
21 16
21 28
22 1
22 16
22 17
22 30
23 1
23 2
23 10
23 16
23 17
23 24
24 3
24 4
24 22
24 27
24 33
24 34
25 5
26 12
26 27
26 28
26 32
27 4
27 26
28 12
28 18
28 23
28 26
28 30
29 15
29 16
29 23
29 32
30 13
31 3
31 5
31 7
31 26
32 1
32 26
33 1
33 6
33 20
33 23
33 35
34 24
35 10
35 16
35 29
Loss 0 0 0 0 0 43 0 0 0 82 35 0 0 0 0 45 0 0 31 0 0 94 0 0 0 0 0 71 0 0 0 91 0 0 0 
