46 <--# of nodes, 196 edges
1 21
1 22
1 26
2 11
2 17
2 20
2 21
2 28
2 29
2 34
3 4
3 21
4 8
4 9
4 11
4 20
4 22
4 32
4 42
5 33
5 37
6 18
6 19
6 21
6 31
6 36
6 45
7 19
7 46
8 7
8 24
8 33
8 41
9 22
9 23
9 26
9 33
9 36
10 3
10 22
11 1
11 30
11 36
11 45
12 2
12 3
12 8
12 11
12 40
13 1
13 2
13 14
13 15
13 40
14 5
14 27
15 3
15 11
15 18
15 21
15 26
15 36
15 44
16 7
16 15
16 39
16 43
17 1
17 7
17 14
17 21
17 26
17 31
17 42
19 37
19 39
19 45
20 1
20 33
20 34
20 43
20 46
21 9
21 12
22 18
23 6
23 11
23 30
23 34
24 9
24 23
24 41
24 44
25 11
25 13
25 36
25 44
26 6
26 8
26 12
26 23
26 24
26 46
27 32
28 17
28 21
28 26
28 29
28 31
28 34
28 41
28 45
29 14
29 31
29 34
30 10
30 28
30 35
30 36
31 18
31 19
31 25
31 42
31 45
32 4
32 5
32 6
32 33
33 35
33 39
33 42
33 46
34 9
34 11
34 15
34 19
34 25
34 28
34 32
35 13
35 44
36 2
36 7
36 10
36 14
36 18
36 21
36 26
36 39
37 15
37 19
37 25
37 27
37 31
37 36
37 41
38 12
38 15
38 32
39 5
39 9
39 11
39 23
39 28
39 30
39 41
39 42
39 44
40 13
40 15
40 25
40 26
40 37
40 43
41 6
41 7
41 29
41 40
42 38
42 43
42 45
43 16
43 24
43 26
44 6
44 12
44 31
45 28
45 46
46 14
46 26
46 28
46 29
46 31
46 38
46 45
Loss 0 90 0 0 0 0 0 0 0 45 0 0 0 0 0 0 0 98 0 98 0 0 0 0 0 0 0 0 0 0 35 0 40 87 0 0 0 0 32 68 0 46 80 0 81 74 
