50 <--# of nodes, 230 edges
1 4
1 36
2 15
2 50
3 6
3 11
3 21
4 2
4 30
4 35
4 48
5 7
5 15
5 26
5 38
5 43
6 5
6 8
6 11
6 12
6 13
6 20
6 39
6 42
6 47
7 6
7 8
7 9
7 15
7 17
8 10
8 18
8 23
8 30
8 33
8 34
8 36
8 50
9 7
9 10
9 15
9 16
9 26
9 28
9 35
10 4
10 30
10 45
11 1
11 4
11 8
11 22
11 30
11 36
12 4
12 7
12 9
12 17
12 20
12 26
13 27
13 28
13 29
13 34
13 47
14 9
14 13
14 15
14 35
14 46
15 3
15 10
15 20
15 28
15 32
15 50
16 13
16 14
16 20
16 44
17 2
17 5
17 22
17 23
17 24
17 32
17 33
17 43
17 46
18 6
18 7
18 12
18 29
18 30
19 4
19 6
19 7
19 15
19 32
19 40
20 1
20 28
20 36
20 44
21 27
21 28
22 2
22 9
22 13
22 21
22 27
22 34
23 10
23 16
23 17
23 37
24 15
24 32
25 2
25 3
25 4
25 37
25 47
26 1
26 25
26 44
27 7
27 37
27 48
28 15
28 25
28 41
28 46
28 47
28 48
29 6
29 9
29 13
29 27
29 31
29 37
30 1
30 8
30 9
30 14
30 27
30 36
30 48
31 5
31 30
31 45
31 46
32 7
32 18
32 23
32 24
32 25
32 26
32 42
33 1
33 4
33 10
34 8
34 14
34 17
34 32
34 35
35 46
36 17
36 19
37 4
37 10
37 22
37 31
37 42
37 48
38 5
38 24
38 32
38 33
38 37
39 5
39 49
40 3
40 9
40 24
40 30
41 8
41 47
42 1
42 7
42 19
42 33
42 50
43 2
43 7
43 8
43 11
43 24
43 42
43 44
44 1
44 3
44 12
45 1
45 18
45 23
45 29
45 39
45 44
46 7
46 40
46 44
47 12
47 24
47 35
47 36
47 44
48 5
48 13
48 18
48 31
49 4
49 16
49 19
50 5
50 8
50 17
50 23
50 38
Loss 0 0 0 0 0 94 0 0 0 0 33 0 0 0 75 0 0 0 0 0 0 0 0 45 75 0 0 0 0 0 0 0 3 0 53 0 43 0 0 0 54 4 0 0 0 0 0 0 0 0 
