44 <--# of nodes, 180 edges
1 8
1 27
1 28
1 31
1 41
2 8
2 26
2 40
3 6
3 7
4 8
4 20
4 27
4 32
4 44
5 12
5 24
5 27
6 2
6 19
6 30
6 33
6 43
7 12
7 21
7 41
8 1
8 20
8 22
8 24
8 33
9 2
9 26
10 8
10 15
10 18
10 40
11 20
11 23
11 32
11 34
11 38
11 43
12 20
12 22
12 29
12 30
12 33
12 36
13 6
13 16
13 32
13 34
13 37
13 39
14 32
14 43
15 2
15 3
15 29
16 4
16 13
16 14
16 35
17 15
17 23
17 24
17 28
17 31
17 32
17 40
17 41
18 5
18 16
19 1
19 2
19 5
19 13
19 24
19 26
19 30
19 33
20 6
20 8
20 14
20 44
21 9
21 24
21 38
22 4
22 12
22 16
22 21
22 23
22 35
22 43
23 10
23 16
23 34
23 40
24 20
24 35
24 40
24 41
25 7
25 11
25 14
25 17
26 3
26 5
26 19
26 30
27 3
27 8
27 12
27 20
27 23
28 2
28 10
28 20
28 21
28 27
29 14
29 24
29 28
29 36
29 43
30 3
30 6
30 13
30 24
30 42
31 30
31 32
32 9
32 18
32 23
32 30
32 40
33 7
33 29
33 36
34 14
34 19
34 31
34 40
35 1
35 11
35 14
35 31
36 6
36 19
36 34
36 37
37 11
38 11
38 25
38 29
38 40
39 3
39 24
39 30
39 32
39 42
40 7
40 17
41 5
41 9
41 13
41 25
42 4
42 32
42 35
43 5
43 14
43 16
43 25
43 26
43 31
44 11
Loss 0 8 0 0 39 0 0 41 0 63 45 0 0 0 0 59 0 90 0 37 0 83 31 0 0 57 0 0 0 0 0 0 0 40 0 0 0 0 60 0 0 0 0 0 
