51 <--# of nodes, 243 edges
1 6
1 19
1 26
1 30
1 40
2 3
2 12
2 15
2 23
2 24
2 42
2 44
2 45
2 46
3 8
3 24
3 28
3 33
3 45
3 46
4 1
4 29
4 38
4 49
5 7
5 14
5 16
5 26
5 27
5 36
6 13
6 19
6 20
6 30
6 34
6 39
6 49
7 9
7 20
7 23
7 29
8 20
8 51
9 15
9 32
10 5
10 6
10 17
10 18
10 26
10 43
11 7
11 13
11 15
11 17
11 22
11 43
11 46
12 6
12 13
12 16
12 17
12 29
13 5
13 6
13 15
13 19
13 31
13 40
14 16
14 30
14 34
14 44
14 50
15 5
15 8
15 18
15 26
15 36
15 49
16 9
16 15
16 29
16 33
16 40
16 41
16 44
16 47
16 49
17 1
17 7
17 9
17 16
18 6
18 22
18 32
18 37
18 51
19 7
19 11
19 28
19 33
19 49
20 6
20 8
20 41
20 46
21 4
21 14
21 22
21 38
21 50
21 51
22 30
23 4
23 12
23 24
23 27
23 28
23 40
23 41
24 6
24 33
24 36
24 39
25 8
25 15
25 35
25 50
26 1
26 4
26 11
26 12
26 18
26 24
26 29
27 6
27 37
27 51
28 14
28 36
28 39
28 46
29 11
29 18
29 19
29 40
29 42
29 43
30 9
30 21
30 39
30 41
30 44
30 46
31 7
31 18
31 19
31 28
31 35
31 38
32 23
32 25
32 26
32 37
33 19
33 20
33 48
33 50
34 10
34 18
34 47
34 48
34 50
35 32
35 39
36 11
36 18
36 24
36 27
36 29
37 15
37 20
37 22
37 40
37 41
37 46
37 48
38 12
38 32
39 7
39 22
39 35
40 18
40 32
40 37
41 18
41 27
41 47
43 4
43 8
43 37
43 44
43 51
44 6
44 31
44 32
44 36
44 38
45 2
45 12
45 17
45 41
46 13
46 24
47 18
47 25
47 34
47 35
47 38
48 1
48 15
48 16
48 23
48 24
48 34
48 36
49 1
49 6
49 8
49 9
49 10
49 11
49 35
49 36
50 1
50 12
50 13
50 47
51 7
51 18
51 27
51 40
Loss 0 0 0 0 0 0 0 0 0 0 0 0 59 0 0 0 0 0 0 40 0 17 0 0 0 20 0 48 0 0 0 0 3 2 0 0 0 0 0 0 0 0 0 0 0 3 0 0 0 0 0 
