40 <--# of nodes, 166 edges
1 6
1 34
1 39
2 9
2 18
2 25
2 28
2 35
3 8
3 22
3 37
3 38
3 40
4 17
4 18
5 14
6 17
6 37
7 20
7 23
7 25
8 23
8 25
8 34
8 37
9 4
9 15
9 17
9 19
9 32
9 39
10 4
11 24
11 26
11 28
11 36
11 39
12 3
12 6
12 17
12 24
12 33
13 10
13 11
13 22
13 26
13 29
13 39
14 7
14 17
14 28
14 32
14 35
14 38
15 10
15 14
15 39
16 4
16 21
17 4
17 8
17 19
17 25
17 26
17 32
18 21
18 28
18 40
19 9
19 32
20 26
20 34
20 35
20 37
21 15
21 31
21 36
22 4
22 5
22 6
22 20
22 25
22 29
22 34
22 37
23 4
24 4
24 19
24 21
24 40
25 3
25 8
25 11
25 17
25 20
25 29
25 32
25 38
26 3
26 5
26 8
26 9
26 17
27 5
27 6
27 11
27 24
27 30
28 14
28 17
28 29
28 36
28 37
28 40
29 1
29 14
29 31
30 1
30 2
30 31
30 32
31 21
31 24
31 34
32 21
32 23
32 36
33 4
33 14
33 18
33 32
33 35
34 9
34 25
34 26
35 16
35 20
35 23
35 39
36 2
36 6
36 9
36 12
36 16
36 21
36 29
36 30
37 15
37 19
37 22
37 31
37 36
37 38
38 4
38 9
38 19
38 26
38 27
39 9
39 10
39 25
39 37
40 2
40 22
40 26
40 36
Loss 0 0 0 0 0 0 0 0 0 0 0 0 0 32 0 0 0 0 0 0 0 0 84 0 0 51 0 0 0 96 8 0 0 0 0 0 0 0 0 0 
