49 <--# of nodes, 247 edges
1 9
1 15
1 20
1 21
1 36
1 39
2 7
2 9
2 12
2 18
2 28
2 29
2 33
2 36
2 40
2 45
2 47
3 8
3 18
3 20
3 21
3 23
3 32
3 36
3 38
4 10
4 20
4 36
4 43
5 2
5 9
5 10
5 26
5 35
5 42
5 46
6 2
6 14
6 29
6 31
6 39
6 44
7 3
7 16
7 17
7 21
8 3
8 10
8 19
8 28
8 43
9 2
9 3
10 13
10 16
10 34
10 38
10 41
10 44
10 49
11 2
11 20
11 33
11 42
11 49
12 32
12 37
12 45
12 49
13 2
13 4
13 17
13 20
13 24
13 39
13 43
14 37
14 39
15 12
15 13
15 14
15 26
15 49
16 18
16 23
16 31
16 37
16 38
17 3
17 12
17 15
17 30
17 32
17 37
18 5
18 6
18 16
18 19
19 2
19 28
19 29
19 33
20 3
20 6
20 17
20 21
20 26
20 27
20 39
21 3
21 9
21 28
21 38
21 44
21 48
22 4
22 16
23 32
24 21
25 16
25 19
25 37
26 2
26 8
26 18
26 19
26 21
26 24
26 28
26 44
27 3
27 8
27 13
27 17
27 19
27 46
27 49
28 5
28 6
28 46
29 23
29 30
29 32
29 37
29 39
30 21
30 26
30 47
31 22
31 35
32 4
32 9
32 12
32 13
32 30
32 31
32 35
33 9
33 11
33 23
33 44
34 1
34 14
34 23
34 48
35 7
35 11
35 14
35 30
35 32
35 42
35 43
35 44
36 25
36 27
36 39
37 2
37 26
37 28
37 29
37 33
37 39
38 4
38 30
38 45
39 11
39 26
39 27
39 28
40 3
40 10
40 13
40 19
40 31
40 47
40 48
41 4
41 10
41 12
41 28
41 48
42 9
42 17
42 26
43 11
43 20
43 21
43 24
43 25
43 27
43 28
43 29
43 33
43 47
44 1
44 15
44 20
44 31
44 37
44 42
44 48
45 9
45 20
45 26
45 31
45 38
45 43
46 43
46 45
47 3
47 6
47 42
47 43
48 7
48 21
48 25
48 32
49 1
49 5
49 6
49 13
49 16
49 24
49 25
49 27
49 39
49 47
Loss 0 0 0 5 25 0 0 0 0 0 0 0 69 0 0 0 76 0 0 0 0 0 0 0 0 0 47 0 0 0 0 0 0 0 0 0 0 32 0 0 0 0 0 0 0 0 0 0 62 
