61 <--# of nodes, 370 edges
1 11
1 13
1 24
1 40
1 43
1 44
2 15
2 16
2 27
2 38
2 39
2 45
2 48
2 50
2 60
3 2
3 4
3 7
3 17
3 24
3 26
3 32
3 38
4 43
4 46
4 50
4 51
4 60
4 61
5 11
5 12
5 23
5 37
5 41
5 61
6 10
6 16
6 31
6 47
6 50
7 5
7 29
7 40
7 42
7 58
8 10
8 12
8 19
8 31
8 41
8 42
9 7
9 17
9 20
9 24
9 28
9 30
9 49
10 6
10 25
10 37
10 43
10 45
10 48
11 14
11 17
11 18
11 30
11 32
11 33
11 34
11 42
11 48
11 53
11 58
12 6
12 7
12 11
12 17
12 19
12 35
12 38
12 46
12 52
13 18
13 28
13 38
13 61
14 17
14 35
14 40
14 58
15 7
15 8
15 18
15 21
15 50
16 5
16 12
16 36
16 39
16 40
16 46
16 50
16 55
17 25
17 26
17 28
17 40
17 48
17 51
17 56
18 5
18 17
18 28
18 35
18 49
19 4
19 11
19 21
19 42
20 5
20 16
20 24
20 33
20 36
20 44
20 59
21 3
21 13
21 25
21 26
21 33
21 37
21 56
22 10
22 25
22 28
22 52
22 53
23 5
23 6
23 20
23 27
23 28
23 36
23 41
23 48
23 51
24 26
24 40
24 59
24 61
25 28
25 39
25 55
25 57
26 2
26 7
26 12
26 16
26 24
26 45
27 4
27 13
27 23
27 32
27 53
28 9
28 15
28 23
28 56
29 5
29 25
29 28
29 50
29 53
29 55
29 58
30 3
30 10
30 38
30 45
30 60
31 3
31 16
31 39
31 48
31 57
32 1
32 6
32 36
32 49
32 53
32 54
32 55
33 3
33 8
33 15
33 56
33 58
34 2
34 9
34 12
34 25
34 32
34 36
35 5
35 13
35 18
35 31
35 33
35 36
35 40
35 50
35 58
35 60
36 1
36 6
36 8
36 20
36 47
36 49
37 6
37 22
37 24
37 30
37 57
38 3
38 5
38 27
38 43
38 46
38 47
38 49
39 18
39 22
39 29
39 37
39 56
40 25
40 26
40 36
40 48
41 2
41 18
41 20
41 25
41 26
41 59
42 27
42 33
42 40
42 44
42 49
42 61
43 23
43 38
43 47
43 55
44 1
44 3
44 29
44 30
44 33
44 36
44 61
45 15
45 24
45 26
45 28
45 47
46 8
46 16
46 20
46 22
46 30
46 35
46 39
46 42
46 43
46 48
46 61
47 1
47 5
47 7
47 10
47 32
47 50
47 51
47 58
48 15
48 34
48 43
48 58
49 1
49 10
49 16
49 19
49 23
50 6
50 8
50 9
50 19
50 23
50 31
50 40
50 47
51 7
51 8
51 13
51 20
51 23
51 28
51 34
51 40
51 41
51 43
51 46
51 60
52 1
52 6
52 9
52 22
52 55
53 3
53 19
54 2
54 6
54 8
54 11
54 13
54 17
54 25
54 37
54 57
54 60
55 5
55 8
55 18
56 3
56 11
56 14
56 46
56 50
56 51
56 59
57 1
57 25
57 56
57 59
58 10
58 30
58 42
58 44
58 50
58 52
59 7
59 18
59 27
59 48
60 40
60 41
60 43
60 54
61 22
61 46
61 50
61 52
61 55
Loss 0 0 0 92 0 0 0 0 0 0 0 0 74 0 0 0 0 0 0 0 10 0 39 0 0 0 0 0 57 0 96 0 0 0 6 0 0 0 0 0 0 0 0 0 0 0 74 35 0 0 10 24 0 0 0 0 0 0 0 54 0 
