53 <--# of nodes, 293 edges
1 4
1 7
1 10
1 23
1 24
1 27
1 30
1 31
1 40
2 7
2 8
2 10
2 18
2 19
2 38
2 43
2 49
3 31
4 1
4 16
4 27
4 36
4 38
4 43
4 46
4 50
4 53
5 1
5 7
5 21
5 28
5 30
6 1
6 29
6 32
6 47
7 2
7 10
7 28
7 31
7 38
7 45
8 17
8 32
8 33
8 48
9 3
9 5
9 24
9 25
10 5
10 6
10 39
10 45
10 52
11 7
11 12
11 13
11 26
11 43
12 18
12 21
12 36
12 37
13 4
13 22
13 35
13 36
13 40
13 47
14 9
14 32
15 17
15 21
15 39
15 53
16 18
17 3
17 7
17 11
17 14
17 19
17 25
17 40
17 44
17 46
18 10
18 12
18 13
18 16
18 25
18 35
18 53
19 6
19 12
19 33
20 19
20 27
20 47
20 52
20 53
21 39
21 40
21 49
21 51
21 53
22 19
22 31
22 50
22 53
23 7
23 20
23 25
23 27
23 31
23 34
23 37
23 41
23 44
23 45
24 1
24 4
24 9
24 26
24 35
24 51
24 53
25 12
25 16
25 24
25 26
25 30
25 33
25 38
25 41
25 53
26 3
26 16
26 23
26 24
26 25
26 46
27 5
27 17
27 19
27 23
27 24
27 25
27 41
27 53
28 16
28 22
28 41
28 47
28 48
29 2
29 12
29 27
29 44
29 47
29 49
29 52
30 7
30 34
31 1
31 9
31 25
31 38
32 1
32 3
32 28
32 29
32 42
33 10
33 13
33 16
33 17
33 21
33 25
33 35
33 43
33 45
33 48
33 49
33 51
34 1
34 10
34 17
34 20
34 23
34 33
34 50
35 4
35 16
35 20
35 37
35 49
36 8
36 11
36 20
37 3
37 14
37 21
37 23
37 28
37 31
37 44
37 46
38 18
38 25
39 10
39 37
39 38
39 40
39 43
39 44
40 5
40 9
40 15
40 49
41 1
41 8
41 18
41 43
41 52
42 11
42 16
42 19
42 38
42 45
42 50
43 14
43 16
43 17
43 19
43 32
43 33
43 35
43 49
44 6
44 10
44 14
44 16
44 21
44 26
44 35
44 38
44 41
45 2
45 4
46 16
46 52
47 5
47 23
47 41
48 2
48 5
48 18
48 22
48 26
48 27
48 39
48 45
49 20
49 28
49 30
49 33
49 42
49 50
49 51
49 52
50 4
50 8
50 9
50 20
50 25
50 29
50 38
50 39
50 45
51 10
51 13
51 14
51 25
51 36
51 49
52 25
52 37
52 47
52 49
53 21
53 27
53 33
Loss 0 61 0 0 24 0 0 0 29 0 0 0 0 0 0 0 0 0 0 0 0 0 0 0 88 16 0 0 97 5 0 0 0 0 0 0 0 0 55 0 0 0 0 0 0 70 1 0 30 0 0 0 0 
