58 <--# of nodes, 344 edges
1 39
1 43
1 48
1 53
1 57
1 58
2 14
2 19
2 28
2 35
2 37
2 42
2 44
2 54
3 1
3 9
3 27
3 40
3 50
3 54
4 10
4 17
4 19
4 40
5 4
5 6
5 7
5 34
5 36
5 37
5 51
6 22
6 36
6 38
6 51
6 55
7 12
7 20
7 22
7 23
7 27
7 30
7 33
7 45
7 54
7 58
8 1
8 16
8 24
8 25
8 31
8 38
8 43
8 48
8 51
9 22
9 23
9 27
9 42
10 9
10 11
10 15
10 17
10 20
10 24
10 26
10 28
10 39
11 22
11 42
11 46
11 53
12 5
12 14
12 18
12 37
13 18
13 29
13 34
13 45
13 55
14 15
14 28
14 30
14 36
14 42
14 52
14 57
15 28
15 30
15 32
16 6
16 10
16 12
16 24
16 36
16 43
16 54
16 56
17 13
17 18
17 30
17 36
17 41
17 45
17 46
17 47
17 57
18 6
18 9
18 25
18 27
18 29
18 57
19 4
19 7
19 9
19 10
19 32
19 37
19 38
19 52
20 24
20 34
20 39
20 41
20 43
20 45
21 9
21 12
21 13
21 14
21 28
21 54
21 55
21 57
22 5
22 19
22 34
22 38
22 40
22 42
22 44
22 48
22 52
23 1
23 4
23 7
23 33
23 48
24 11
24 27
24 34
24 51
24 52
24 54
25 20
25 23
25 36
25 41
25 48
26 10
26 22
26 24
26 33
26 46
26 49
26 50
27 3
27 9
27 48
27 56
28 4
28 30
28 40
28 43
28 46
28 52
29 6
29 31
29 34
29 47
29 49
29 56
30 1
30 8
30 18
30 21
30 35
30 44
31 11
31 19
31 28
31 45
31 48
31 51
31 52
32 19
32 52
33 4
33 5
33 17
33 37
33 41
34 10
34 27
34 33
34 43
34 52
35 9
35 10
35 47
35 48
36 6
36 17
36 39
37 6
37 11
37 15
37 16
37 30
37 31
37 47
37 56
38 11
38 13
38 24
38 43
38 45
39 1
39 3
39 9
39 18
39 32
39 38
39 56
39 57
40 9
40 20
40 22
40 23
40 36
40 50
41 17
41 33
41 46
42 2
42 6
42 26
42 27
42 31
42 57
42 58
43 35
43 37
43 41
43 52
43 53
43 54
43 55
44 2
44 3
44 12
44 13
44 16
44 24
44 28
44 32
44 41
44 57
45 5
45 6
45 11
45 21
45 28
45 31
45 36
45 48
45 54
45 55
46 17
46 21
46 26
46 27
46 29
46 30
46 35
46 49
47 3
47 20
47 34
47 35
47 38
47 43
47 44
48 10
48 12
48 38
48 51
49 6
49 9
49 14
49 40
49 52
50 6
50 34
50 43
51 12
51 22
51 50
51 58
52 28
52 30
52 39
52 40
53 6
53 12
53 18
53 21
53 50
54 11
54 14
54 22
54 26
54 30
55 7
55 32
55 43
55 49
56 20
56 31
56 45
56 46
56 48
57 2
57 3
57 7
57 26
57 32
57 50
58 4
58 7
58 14
58 52
Loss 0 30 0 0 0 9 0 0 0 0 0 0 0 0 0 0 0 0 0 0 0 0 0 0 0 0 95 0 0 0 0 0 0 19 0 0 85 0 0 68 67 41 0 0 0 0 0 0 0 0 11 0 0 0 83 0 0 59 
