42 <--# of nodes, 144 edges
1 13
1 17
1 18
1 21
1 27
1 29
1 33
2 9
2 12
2 28
3 31
4 2
4 3
4 35
4 40
6 5
6 11
6 23
7 11
7 26
8 33
8 34
8 39
9 25
9 27
9 31
10 5
10 6
10 34
11 18
11 29
11 31
12 3
12 22
12 40
13 18
13 38
13 39
14 21
14 29
14 39
15 25
15 31
16 2
16 4
16 7
16 18
16 40
17 15
17 38
18 1
18 13
18 14
18 24
18 26
18 27
18 34
19 1
19 13
19 27
20 6
20 7
20 12
20 16
20 25
20 27
20 35
20 41
21 7
21 34
22 27
23 7
23 11
23 12
23 34
23 36
23 41
24 36
24 42
25 22
25 28
25 36
26 11
26 16
26 19
26 24
26 27
26 29
26 38
27 12
27 20
27 30
27 38
27 40
28 1
28 5
28 17
28 20
29 12
29 37
29 40
29 41
30 15
30 16
30 33
31 9
31 17
31 18
32 10
32 17
32 42
33 6
33 14
34 2
34 11
34 31
34 41
34 42
35 1
35 19
36 15
36 18
36 40
37 18
37 19
37 20
37 21
37 36
38 8
38 9
38 22
38 23
38 33
39 10
39 38
40 8
40 11
40 15
41 4
41 20
42 17
42 27
42 30
42 38
Loss 0 0 0 0 11 0 0 0 0 0 0 37 0 0 0 0 0 0 0 0 0 74 0 0 0 0 12 0 0 0 0 0 0 0 0 0 0 0 0 0 52 0 
