69 <--# of nodes, 485 edges
1 7
1 12
1 20
1 61
2 5
2 10
2 16
2 20
2 27
2 39
2 50
2 55
2 63
3 5
3 15
3 17
3 26
3 57
4 7
4 8
4 11
4 27
4 36
4 43
4 57
4 66
4 68
4 69
5 1
5 12
6 15
6 23
6 36
6 41
6 46
6 56
6 66
7 6
7 38
7 42
7 49
7 50
7 54
7 60
7 63
8 2
8 9
8 11
8 17
8 41
8 49
8 50
8 53
8 55
8 56
8 61
9 4
9 10
9 13
9 16
9 22
9 25
9 38
9 54
9 56
9 61
9 64
10 3
10 9
10 11
10 18
10 29
10 34
10 46
10 49
10 58
10 61
10 65
11 30
12 4
12 8
12 14
12 16
12 21
12 30
12 37
12 64
13 2
13 6
13 17
13 19
13 24
13 30
13 35
13 38
13 43
13 44
13 47
13 64
14 4
14 10
14 34
14 45
14 49
14 50
15 1
15 10
15 17
15 18
15 28
15 30
15 35
15 59
16 1
16 2
16 11
16 29
16 31
16 34
16 39
16 50
16 62
16 65
17 6
17 10
17 23
17 65
18 1
18 2
18 6
18 8
18 47
19 29
19 60
19 67
20 27
20 31
20 57
21 38
21 41
21 64
22 20
22 23
22 34
22 35
22 38
22 40
22 51
22 61
22 63
23 8
23 15
23 51
23 52
23 54
23 60
23 62
24 42
24 52
24 65
24 67
25 11
25 15
25 26
25 35
25 42
25 56
26 4
26 6
26 11
26 19
26 24
26 45
26 47
26 49
26 57
26 63
27 2
27 23
27 38
27 41
27 48
27 52
27 67
28 8
28 9
28 16
28 20
28 32
28 35
28 39
28 61
28 62
28 66
29 12
29 36
29 51
29 53
29 54
29 63
30 9
30 21
30 39
30 43
30 48
30 57
30 64
31 1
31 4
31 22
31 26
31 34
31 38
32 22
32 44
32 49
32 56
33 7
33 8
33 12
33 13
33 18
33 20
33 25
33 42
33 53
33 60
34 11
34 18
34 49
34 57
34 68
34 69
35 23
35 51
35 60
36 19
36 20
36 25
36 57
36 64
36 67
37 29
37 30
37 46
37 53
37 56
37 58
37 63
37 65
38 11
38 16
38 28
38 36
38 41
38 43
38 46
39 12
39 14
39 16
39 33
39 38
39 45
39 57
39 64
40 5
40 7
40 10
40 27
40 31
40 51
40 55
40 58
40 63
40 68
41 3
41 11
41 16
41 20
41 21
41 27
41 52
41 54
42 7
42 9
42 14
42 20
42 23
42 25
42 35
42 44
42 54
42 57
42 58
42 61
43 2
43 4
43 7
43 8
43 13
43 22
43 25
43 26
43 35
43 41
43 54
44 3
44 7
44 9
44 32
44 45
44 46
44 64
45 26
45 37
45 42
45 44
45 52
45 59
45 61
46 3
46 14
46 21
46 28
46 33
46 38
46 53
46 64
47 23
47 29
47 53
47 60
47 63
47 65
47 67
47 68
48 20
48 52
48 62
48 67
49 3
49 5
49 9
49 11
49 30
49 36
49 42
49 57
50 4
50 13
50 16
50 45
50 51
50 57
51 6
51 9
51 12
51 15
51 24
51 49
51 57
52 6
52 8
52 10
52 20
52 37
52 47
52 59
52 64
52 69
53 13
53 17
54 10
54 15
54 17
54 30
54 31
54 33
54 39
54 49
54 52
54 60
54 66
55 2
55 26
55 32
55 38
55 44
55 58
55 60
56 4
56 16
56 29
56 35
56 42
56 44
56 48
56 50
56 63
56 65
56 66
57 10
57 16
57 22
57 33
57 41
57 42
57 54
57 65
58 1
58 9
58 20
58 24
58 42
58 44
59 2
59 6
59 31
59 48
59 49
60 36
60 47
60 55
61 1
61 3
61 6
61 7
61 9
61 12
61 55
62 2
62 8
62 43
62 48
63 7
63 17
63 21
63 22
63 31
63 45
63 47
63 55
63 57
63 59
63 60
64 9
64 25
64 38
64 41
64 43
64 45
64 46
64 53
64 58
65 4
65 8
65 12
65 23
65 24
65 34
65 42
65 43
65 47
65 50
65 58
65 62
66 13
66 20
66 33
66 43
67 1
67 26
67 43
67 46
67 57
67 61
68 21
68 36
68 57
68 58
69 14
69 19
69 49
69 52
69 55
Loss 0 0 0 81 0 0 0 0 0 0 0 0 0 0 0 0 0 0 0 0 0 82 0 0 0 0 0 0 0 0 0 0 0 0 0 0 87 0 0 0 0 0 0 0 79 0 0 13 37 0 0 0 0 0 0 0 0 0 0 36 0 24 94 0 43 0 0 10 0 
