51 <--# of nodes, 267 edges
1 17
1 20
1 25
1 31
1 44
2 35
2 37
2 48
3 1
3 10
3 11
3 20
3 23
3 43
3 51
4 2
4 13
4 35
4 36
4 44
4 46
5 4
5 22
5 40
5 46
5 47
5 48
6 16
6 24
6 29
6 36
7 21
7 26
7 33
7 35
7 49
8 6
8 28
8 36
8 43
8 47
8 49
9 5
9 8
9 23
9 28
9 49
10 14
10 24
10 28
10 38
10 47
10 48
11 24
11 26
11 38
11 43
11 44
11 51
12 26
12 30
12 40
12 43
13 7
13 15
13 27
13 41
13 51
14 35
14 40
14 42
14 48
15 2
15 6
15 8
15 10
15 18
16 26
16 28
16 29
16 34
16 49
16 51
17 4
17 13
17 28
17 30
17 34
17 43
17 51
18 14
18 17
18 21
18 39
19 15
19 18
19 46
19 49
19 50
20 2
20 6
20 14
20 18
20 27
20 30
20 46
21 15
21 22
21 33
21 35
22 1
22 6
22 7
22 12
22 21
22 38
22 45
23 7
23 9
23 20
23 24
23 27
23 30
23 34
23 49
24 6
24 11
24 14
24 26
25 1
25 7
25 17
25 35
25 46
25 51
26 19
26 35
26 38
27 28
27 34
27 42
27 44
27 46
28 2
28 27
28 37
28 40
29 11
29 15
29 25
29 26
29 28
29 33
29 43
30 3
30 22
30 32
30 42
31 22
31 44
31 49
32 2
32 5
32 11
32 14
32 39
32 44
33 1
33 4
33 21
33 22
33 37
33 41
34 5
34 6
34 13
34 14
34 20
34 23
34 50
35 24
35 30
35 34
35 40
36 13
36 14
36 23
36 24
36 34
36 46
37 1
37 8
37 19
37 20
37 23
37 33
38 3
38 26
38 39
39 6
39 18
39 30
40 2
40 5
40 8
40 44
40 46
40 49
41 5
41 23
41 31
41 32
42 1
42 15
42 20
42 33
42 34
42 46
43 5
43 7
43 12
43 44
43 45
43 49
43 50
44 3
44 11
44 18
44 20
44 23
44 34
44 43
44 46
45 2
45 15
45 31
45 36
45 47
45 50
46 17
46 24
46 34
46 49
47 19
47 20
47 41
47 46
48 17
48 19
48 24
48 33
48 39
49 1
49 3
49 17
49 21
49 35
49 41
50 4
50 31
50 32
51 1
51 12
51 15
51 23
51 25
51 26
Loss 0 0 0 31 95 0 0 0 0 0 0 0 0 0 91 0 0 63 0 0 0 0 0 0 0 0 4 0 0 0 0 93 0 69 0 44 0 0 0 0 0 0 0 0 0 0 0 0 0 0 0 
