57 <--# of nodes, 317 edges
1 4
1 22
1 40
2 43
2 46
2 47
3 4
3 9
3 20
3 21
3 31
4 1
4 17
4 18
4 43
4 48
5 8
5 19
5 23
5 29
5 34
5 37
5 54
6 2
6 5
6 13
6 26
6 43
6 52
7 14
7 16
7 22
7 40
7 46
7 48
7 54
7 57
8 6
8 9
8 14
8 24
8 28
8 29
8 34
8 38
8 46
8 53
8 57
9 4
9 15
9 26
9 31
9 40
10 6
10 7
10 25
10 35
10 50
11 3
11 10
11 27
11 30
11 39
12 32
12 36
12 45
13 1
13 10
13 32
13 48
13 52
13 56
14 3
14 11
14 13
14 18
14 20
14 21
14 27
15 6
15 17
15 20
15 44
16 7
16 8
16 11
16 15
16 23
16 27
16 31
16 35
16 38
16 45
16 48
16 49
17 23
17 33
17 35
17 57
18 3
18 15
18 20
18 24
18 28
18 42
18 56
19 9
19 16
19 22
19 27
19 33
19 50
20 28
20 43
20 50
21 6
21 7
21 9
21 18
21 36
21 39
21 46
21 56
22 3
22 12
22 31
22 47
23 11
23 17
23 18
23 27
23 30
23 36
23 43
23 52
24 6
24 22
24 23
24 26
24 28
24 39
24 49
24 54
24 56
25 22
25 33
25 50
25 56
26 16
26 19
26 53
27 9
27 13
27 47
27 50
28 3
28 9
28 17
28 25
28 32
28 57
29 10
29 23
29 26
29 34
29 45
29 53
29 55
29 56
30 7
30 12
30 17
30 37
30 42
31 8
31 9
31 17
31 20
31 28
31 36
31 49
31 54
31 55
32 22
32 49
33 32
33 56
34 1
34 9
34 12
34 15
34 18
34 28
34 33
34 56
35 10
35 14
35 18
35 19
35 53
36 16
36 23
36 25
36 30
36 32
36 37
36 44
37 12
37 34
37 49
38 1
38 4
38 15
38 33
38 37
38 41
38 51
39 17
39 26
39 28
39 53
41 27
41 44
41 47
41 48
41 51
42 6
42 18
42 39
42 44
42 48
43 7
43 8
43 20
43 23
43 45
43 53
43 54
44 14
44 30
44 43
44 48
44 51
45 12
45 22
45 27
45 33
45 40
45 44
45 50
46 20
46 24
46 25
46 45
47 7
47 9
47 10
47 15
47 17
47 24
47 31
47 54
48 4
48 39
48 43
48 47
48 53
49 9
49 10
49 30
49 35
49 41
50 27
50 34
50 38
50 39
51 3
51 21
51 32
51 34
51 56
52 7
52 19
52 33
52 43
52 55
52 56
53 12
53 51
53 55
54 4
54 6
54 8
54 20
54 37
54 52
55 10
55 13
55 21
55 25
55 36
56 1
56 8
56 13
56 16
56 36
56 48
56 50
56 53
56 57
57 2
57 19
57 26
57 32
57 52
57 55
57 56
Loss 0 0 0 0 0 0 0 0 0 0 65 0 49 0 0 0 0 0 11 0 0 11 76 0 0 0 0 0 0 0 0 0 0 24 0 0 0 0 0 0 87 0 0 0 0 0 0 0 0 0 0 0 0 89 0 0 86 
