38 <--# of nodes, 140 edges
1 2
1 8
1 14
2 6
3 2
3 17
3 26
3 27
3 35
5 17
5 21
5 27
5 38
6 5
6 7
6 11
6 23
6 38
7 2
7 5
7 16
7 17
7 28
7 30
7 37
8 1
8 2
8 12
8 26
8 27
8 30
9 33
10 26
10 27
11 14
11 35
12 1
12 2
12 3
12 6
13 5
13 10
14 16
14 17
15 13
15 14
15 16
15 21
15 31
16 3
16 6
16 25
16 26
17 4
17 5
17 6
17 7
17 8
17 27
17 28
17 37
17 38
18 6
18 23
18 36
19 18
19 28
19 32
19 34
19 38
20 31
20 32
21 2
21 5
21 24
21 35
22 3
22 7
22 12
22 14
22 26
22 31
23 9
23 17
24 2
24 11
24 35
25 30
25 31
25 33
26 7
26 13
26 30
26 33
27 15
27 37
27 38
28 12
28 26
29 8
30 3
30 4
30 8
30 11
30 12
30 22
30 23
30 33
30 35
31 23
31 26
32 2
32 9
32 22
32 26
33 17
33 20
33 36
33 37
34 18
34 26
35 1
35 3
35 4
35 5
35 18
35 34
35 36
36 14
36 38
37 8
37 14
37 15
37 17
37 25
37 33
38 21
38 26
38 27
38 35
Loss 0 0 0 0 0 0 57 0 0 0 0 0 0 55 0 0 0 0 81 0 0 0 0 0 0 0 0 48 73 0 0 0 0 0 0 0 0 0 
