51 <--# of nodes, 242 edges
1 28
1 32
2 9
2 12
2 13
2 20
2 33
2 35
2 46
3 21
3 35
4 3
4 9
4 27
5 11
5 25
5 28
5 33
5 46
5 47
5 48
5 51
6 3
6 8
6 14
6 15
6 40
6 41
6 45
7 21
7 31
7 34
7 51
8 6
8 14
8 41
8 50
9 13
9 19
9 29
9 39
9 42
10 3
10 18
10 28
10 33
10 47
11 19
11 27
12 45
13 16
13 34
14 4
14 7
14 16
14 20
14 22
14 23
14 25
14 40
14 43
14 49
15 3
15 17
15 21
15 26
15 40
16 12
16 22
16 23
16 33
16 38
17 1
17 7
17 18
17 34
17 44
18 10
18 17
18 24
18 32
18 37
18 42
18 45
18 48
19 40
19 43
19 44
19 48
20 22
20 26
21 15
21 43
21 45
22 16
22 36
22 44
23 4
23 17
23 24
23 35
23 43
23 48
24 18
24 30
24 31
24 36
24 40
24 41
24 42
24 51
25 5
25 24
25 33
25 47
26 10
26 12
26 24
26 44
27 30
27 34
27 49
28 7
28 15
28 25
28 30
28 40
29 4
29 5
29 24
29 31
29 38
29 39
29 41
29 44
29 45
29 48
30 27
30 35
31 16
31 40
31 48
32 1
32 10
32 13
32 20
32 24
32 35
32 40
32 47
32 50
33 18
33 30
34 3
34 8
34 31
34 44
34 47
34 49
35 3
35 28
35 46
35 49
36 1
36 19
36 33
37 27
37 28
37 38
37 45
37 47
38 6
38 23
38 24
38 36
38 50
38 51
39 6
39 41
40 1
40 11
40 25
40 28
40 32
40 36
40 47
40 50
41 4
41 5
41 16
41 22
41 31
41 42
41 44
41 49
42 1
42 4
42 14
42 18
42 21
42 34
42 35
42 47
43 23
43 25
43 29
43 32
43 34
43 42
44 8
44 16
44 33
45 5
45 15
45 25
45 38
45 39
45 41
45 51
46 3
46 6
46 11
46 33
47 30
48 2
48 22
48 24
48 29
48 30
48 34
48 36
48 51
49 23
49 29
50 21
50 45
50 46
50 49
50 51
51 21
51 36
51 47
Loss 0 0 0 0 0 0 0 0 0 0 0 0 0 0 52 0 0 91 0 0 78 0 0 0 0 16 56 0 0 4 0 0 0 9 0 30 0 0 0 0 0 30 0 0 0 0 40 0 0 0 92 
