42 <--# of nodes, 171 edges
1 4
1 6
1 11
1 21
2 6
2 7
2 19
2 29
2 30
2 32
2 35
3 5
3 6
3 8
3 14
3 22
3 26
4 7
4 29
5 9
5 22
5 29
5 42
6 13
6 22
6 35
6 36
7 3
7 31
7 34
8 2
8 11
8 15
8 37
9 4
9 7
9 21
9 24
9 30
9 41
10 19
10 21
10 36
11 5
11 9
11 21
11 25
12 10
12 17
12 33
12 39
13 25
13 32
13 33
14 38
14 39
15 18
15 19
15 20
15 42
16 4
16 7
16 9
16 19
16 32
16 40
17 13
17 16
17 25
17 34
17 38
17 42
18 27
18 29
19 5
19 7
19 8
19 10
19 11
19 32
19 36
20 25
20 40
21 4
21 16
21 20
21 24
21 39
22 26
22 28
22 31
22 38
23 14
23 39
23 40
24 41
25 5
25 17
25 26
25 35
26 27
26 29
26 32
27 1
27 37
28 7
28 15
28 29
28 34
28 42
29 13
29 33
30 23
30 25
30 35
30 36
30 42
31 6
31 10
31 34
31 38
32 18
32 29
32 33
32 35
33 25
33 26
33 40
34 9
34 18
34 26
34 27
34 32
35 33
35 36
36 9
36 13
36 24
36 29
37 1
37 10
37 14
37 16
37 25
37 31
37 35
38 19
38 27
39 10
39 14
39 18
39 19
39 20
39 23
39 28
39 35
40 2
40 19
40 27
40 29
40 33
41 1
41 2
41 17
41 31
41 35
41 39
41 40
42 9
42 30
42 32
Loss 0 0 0 0 0 0 0 0 0 0 0 0 0 0 0 0 0 0 0 0 17 0 0 0 0 78 62 0 0 0 0 0 0 0 0 0 25 0 0 0 49 0 
