37 <--# of nodes, 118 edges
1 10
1 11
1 37
2 4
2 8
2 10
2 11
2 18
2 29
2 35
3 4
3 7
3 13
3 35
4 10
4 15
4 23
5 10
6 20
6 29
7 10
7 27
8 12
8 21
8 37
9 8
9 20
9 28
9 30
11 23
12 5
12 28
12 33
12 35
13 30
13 33
13 34
14 4
14 23
14 26
14 32
14 35
15 5
15 14
15 17
15 29
15 37
16 6
16 28
16 33
17 7
17 16
17 21
18 16
18 36
19 2
19 12
19 25
20 6
20 8
20 14
20 21
21 10
22 2
22 29
22 33
23 14
23 24
24 7
24 11
24 12
24 15
24 26
25 4
25 10
25 11
25 20
25 23
26 3
26 5
26 6
26 10
26 15
26 25
26 37
27 22
28 8
28 26
29 5
29 8
29 9
29 17
29 25
29 26
30 4
30 14
30 28
31 17
31 34
32 6
32 11
32 22
32 36
33 5
33 17
33 25
33 29
33 31
34 13
34 22
35 2
35 37
36 12
36 37
37 18
37 26
37 28
37 29
Loss 0 0 0 0 0 0 0 0 0 79 46 0 0 0 0 0 0 0 0 24 0 0 0 0 0 0 0 39 0 0 49 0 8 0 0 0 0 
