66 <--# of nodes, 415 edges
1 4
1 7
1 21
1 31
1 33
2 1
2 4
2 27
2 37
2 54
3 14
3 31
3 33
3 39
3 44
4 9
4 23
4 28
4 44
4 45
4 51
4 66
5 14
6 45
6 51
6 53
6 56
6 60
7 1
7 4
7 15
7 35
7 37
7 51
7 62
8 3
8 6
8 9
8 16
8 25
8 29
8 35
8 37
8 53
8 55
8 59
9 3
9 5
9 26
9 37
9 40
9 48
9 49
9 50
10 2
10 5
10 15
10 20
10 28
10 35
10 50
10 53
10 59
11 13
11 25
11 30
11 41
11 52
11 57
11 62
11 63
11 64
12 8
12 15
12 21
12 28
12 38
13 7
13 28
13 33
13 40
13 42
13 59
13 66
14 10
14 33
14 37
14 39
15 3
15 38
15 43
15 55
15 61
16 11
16 24
16 27
16 59
16 62
17 2
17 16
17 31
17 38
17 62
18 2
18 7
18 8
18 11
18 15
18 39
18 41
18 42
18 59
19 3
19 14
19 22
19 27
19 32
19 33
19 34
19 37
19 50
19 61
19 65
20 8
20 55
20 57
20 59
21 24
21 28
21 43
22 2
22 9
22 10
22 17
22 66
23 4
23 8
23 10
23 13
23 57
23 58
24 1
24 36
24 51
25 5
25 10
25 12
25 18
25 28
25 34
25 35
25 47
25 53
25 58
25 63
25 65
26 5
26 37
26 49
26 56
27 14
27 18
27 21
27 54
28 3
28 17
28 19
28 22
28 32
28 34
28 35
29 9
29 17
29 39
29 40
29 43
30 4
30 12
30 17
30 24
30 33
30 38
30 43
30 59
31 37
31 44
31 50
31 66
32 6
32 8
32 28
32 31
32 35
32 43
32 49
33 1
33 2
33 32
33 47
33 56
34 19
34 20
34 26
34 27
34 52
34 66
35 20
35 29
35 43
35 62
35 66
36 4
36 13
36 30
36 31
36 45
36 58
36 66
37 3
37 6
37 8
37 18
37 34
37 40
37 43
37 55
37 57
37 64
38 3
38 10
38 12
38 18
39 1
39 8
39 11
39 20
39 23
39 47
39 54
40 13
40 22
40 25
40 41
40 47
41 1
41 3
41 15
41 18
41 40
41 44
41 57
41 61
42 15
42 16
42 45
42 50
42 55
42 66
43 24
43 36
43 48
43 62
43 64
44 27
44 41
44 58
45 2
45 8
45 10
45 38
45 41
45 59
45 65
46 2
46 8
46 15
46 16
46 24
46 29
46 49
46 53
46 56
46 59
47 5
47 53
47 62
48 9
48 11
48 21
48 32
48 52
48 54
48 56
48 65
49 2
49 20
49 22
49 39
49 54
49 59
49 63
50 13
50 18
50 29
50 30
50 63
51 5
51 19
51 41
51 44
51 49
52 12
52 22
52 24
52 34
52 43
52 47
52 51
52 54
52 58
53 8
53 16
53 33
53 42
53 45
53 46
54 6
54 16
54 18
54 28
54 35
54 41
54 42
54 44
54 60
55 9
55 23
56 12
56 16
56 26
56 27
56 52
56 58
56 64
57 23
57 28
57 49
57 51
58 18
58 53
59 3
59 4
59 5
59 10
59 30
59 37
59 56
59 58
60 7
60 22
60 23
60 34
60 39
60 45
60 47
60 48
60 53
60 56
61 10
61 24
61 28
61 39
61 47
61 59
61 63
62 23
62 26
62 29
62 59
63 2
63 7
63 19
63 22
63 37
63 44
63 47
63 54
64 4
64 12
64 29
64 40
64 43
64 52
64 61
64 65
65 4
65 6
65 11
65 13
65 16
65 27
65 59
65 63
65 66
66 1
66 8
66 10
66 21
66 26
66 37
66 40
66 43
66 44
66 51
66 56
Loss 0 0 85 0 91 58 0 91 0 0 33 0 91 0 0 66 0 49 0 0 19 61 0 0 49 0 0 28 0 0 29 0 58 0 65 0 0 67 0 0 0 0 0 0 0 99 0 0 0 53 0 0 0 0 65 0 0 0 0 0 0 2 0 0 60 0 
