42 <--# of nodes, 169 edges
1 11
1 13
1 19
1 27
1 28
1 34
2 14
2 15
2 20
2 22
2 28
2 37
2 40
3 4
3 24
3 27
3 42
4 27
4 31
4 35
4 38
4 39
5 11
5 40
6 1
6 5
6 17
6 35
6 40
7 1
7 3
7 18
8 11
8 23
8 31
8 35
9 23
9 24
9 37
10 3
10 41
11 7
11 13
11 23
11 27
11 32
11 42
12 15
12 27
12 35
13 5
14 3
14 17
14 20
15 7
15 13
16 27
16 31
16 40
17 11
17 12
17 13
17 39
18 31
18 32
19 2
19 7
19 13
19 26
19 30
20 6
20 21
20 28
20 30
21 4
21 5
21 13
21 41
22 1
22 28
22 30
22 41
23 18
23 19
23 20
23 29
24 2
24 3
24 23
24 28
24 29
25 1
25 4
25 12
25 14
25 17
25 33
25 37
26 12
26 18
26 19
26 29
26 31
26 38
26 41
27 32
28 5
28 14
28 17
28 33
28 40
29 13
29 23
29 24
30 15
30 24
31 4
31 6
31 39
32 18
32 22
32 29
32 39
33 4
33 7
33 13
33 27
34 18
35 5
35 13
35 21
35 29
35 34
36 13
36 15
36 37
36 39
36 41
37 17
37 22
37 24
37 26
37 30
37 36
38 5
38 7
38 15
38 19
38 20
38 31
39 11
39 14
39 28
39 31
39 32
40 7
40 8
40 11
40 16
40 19
40 24
40 25
40 30
40 36
41 17
41 18
41 34
41 37
41 38
Loss 0 0 0 0 0 0 0 0 0 29 0 0 0 0 0 0 0 0 0 0 0 14 0 0 0 71 0 0 0 27 0 0 0 13 0 0 0 0 79 0 0 0 
