37 <--# of nodes, 135 edges
1 2
1 26
1 30
2 1
2 9
2 16
2 17
2 34
3 7
3 16
3 20
3 21
3 24
3 36
3 37
4 19
5 4
5 17
5 31
6 3
6 5
6 14
6 29
7 13
8 4
8 7
8 22
9 8
9 28
10 4
10 9
10 14
10 31
11 10
12 13
12 17
12 20
12 24
12 25
13 5
13 31
13 36
14 12
15 8
15 24
15 34
16 10
16 19
16 34
17 3
17 8
17 10
17 36
18 15
18 25
18 30
18 36
19 6
19 9
19 36
20 14
20 15
20 19
21 2
21 24
22 17
22 21
22 25
22 37
23 2
23 5
23 12
23 19
23 21
23 25
23 29
23 30
23 34
24 7
24 13
24 22
24 30
25 13
25 19
25 23
25 31
26 2
26 7
26 12
26 34
27 7
27 21
27 35
27 36
28 3
28 5
28 25
28 29
28 33
29 2
29 18
29 19
29 31
30 10
30 29
30 34
31 2
31 11
31 13
31 20
31 22
31 36
32 5
32 19
32 29
32 35
33 15
33 17
33 22
33 34
34 5
34 8
34 9
34 12
34 36
34 37
35 6
35 8
35 16
36 3
36 24
36 35
37 7
37 14
37 31
Loss 0 0 0 0 0 0 92 0 0 0 0 93 65 0 45 0 58 0 35 0 0 28 0 0 0 0 0 0 34 0 0 95 0 0 0 87 0 
