50 <--# of nodes, 231 edges
1 15
1 27
1 31
1 33
1 41
2 21
3 6
3 14
3 23
3 35
3 40
4 3
4 43
5 13
5 15
5 25
5 28
5 31
5 34
5 48
5 49
6 2
6 13
6 21
6 30
6 35
6 46
7 9
7 10
7 19
7 27
7 46
8 7
8 13
8 20
8 31
8 33
8 37
8 42
8 44
8 47
9 2
9 8
9 13
9 18
9 24
9 25
9 31
9 35
9 49
10 4
10 5
10 19
10 21
10 23
10 31
10 33
10 34
10 47
11 25
12 3
13 2
13 9
13 10
13 39
14 6
14 19
14 25
14 32
14 36
14 41
14 42
14 45
14 48
14 50
15 3
15 4
15 10
15 28
15 33
15 34
15 41
15 44
15 48
16 8
16 9
16 20
16 25
16 50
17 2
17 16
17 29
17 30
17 41
18 9
18 10
18 12
18 21
18 22
18 26
18 32
18 41
19 3
19 9
19 13
19 15
19 46
20 2
20 16
20 18
20 34
21 7
21 11
21 13
21 23
22 14
22 17
22 27
22 42
22 45
23 24
23 31
23 43
24 4
24 9
24 16
24 27
24 38
24 42
25 2
25 7
26 17
26 33
26 45
27 10
27 11
27 26
27 49
28 13
28 19
28 33
28 34
29 4
29 11
29 40
30 7
30 11
30 26
30 32
31 18
31 19
31 33
31 41
31 45
31 46
33 5
33 10
33 11
33 17
33 28
33 34
33 41
33 44
34 15
34 33
35 4
35 20
35 46
36 4
36 5
36 15
36 43
37 10
37 14
37 21
37 28
37 32
37 38
38 22
38 36
38 40
38 44
39 6
40 26
40 48
41 12
41 16
41 29
41 44
42 1
42 29
43 1
43 7
43 12
43 38
43 40
44 4
44 6
44 21
44 22
44 49
45 17
45 25
45 28
45 33
45 36
45 37
45 48
46 1
46 11
46 17
46 26
46 28
46 31
46 42
46 49
47 9
47 21
47 41
48 3
48 4
48 7
49 11
49 13
49 20
49 36
49 37
49 47
50 13
50 28
50 45
Loss 0 93 0 0 0 0 27 0 0 0 20 0 27 0 73 0 0 0 0 0 6 47 0 0 0 0 58 0 0 0 36 0 0 0 0 0 0 0 0 24 0 0 0 0 0 0 0 0 0 0 
