57 <--# of nodes, 317 edges
1 21
1 44
1 49
2 10
2 15
2 28
2 38
2 47
2 55
3 7
3 11
3 20
3 31
3 37
3 40
3 46
3 54
4 10
4 23
4 26
4 30
4 32
4 45
5 10
5 13
5 14
5 20
5 24
5 36
5 56
6 17
6 44
6 50
6 55
7 33
7 41
7 57
8 1
8 14
8 23
8 24
8 35
8 45
8 49
9 6
9 16
9 33
9 35
10 13
10 25
10 41
11 12
11 24
12 1
12 5
12 25
12 39
12 57
13 1
13 35
13 45
13 51
14 8
14 16
14 30
14 34
14 37
14 38
14 51
16 24
16 37
16 45
16 52
17 1
17 11
17 18
17 20
17 37
18 5
18 10
18 36
18 46
19 1
19 12
19 16
19 21
19 48
19 55
20 2
20 10
20 13
20 39
20 44
20 52
21 10
21 45
21 47
21 48
21 52
22 19
22 20
22 28
22 39
23 2
23 19
23 31
23 33
23 49
24 11
24 31
24 40
25 1
25 29
25 30
25 31
25 35
25 49
26 5
26 13
26 18
26 22
26 27
26 28
26 47
26 57
27 10
27 16
28 25
28 39
28 40
28 41
28 42
28 45
29 32
29 45
29 46
29 50
29 52
29 55
30 53
31 5
31 8
31 22
31 28
31 35
32 7
32 17
32 20
32 22
32 35
32 37
32 56
33 16
33 49
34 9
34 11
34 15
34 19
34 23
34 33
34 36
34 39
34 41
35 8
35 26
35 32
35 41
36 6
36 11
36 24
36 28
36 31
36 46
37 9
37 12
37 16
37 18
37 19
37 21
37 27
37 40
38 3
38 13
38 17
38 29
38 35
38 43
38 45
38 48
38 52
38 57
39 4
39 11
39 15
39 18
39 21
39 48
39 53
40 5
40 7
40 16
40 26
40 36
40 44
40 51
41 2
41 4
41 42
41 44
41 46
41 48
42 12
42 14
42 24
42 27
42 29
42 36
42 38
43 15
43 16
43 20
43 29
43 30
43 49
43 54
43 56
44 19
44 20
44 21
44 24
44 25
44 50
45 7
45 26
45 48
45 51
45 54
46 3
46 9
46 14
46 18
46 31
46 32
46 35
46 47
46 54
46 55
47 11
47 12
47 13
47 17
47 25
47 29
47 30
47 45
47 48
47 53
48 1
48 4
48 10
48 13
48 14
48 25
48 35
48 37
48 38
48 47
48 53
49 8
49 43
49 47
49 53
49 54
50 5
50 10
50 18
50 19
50 25
50 44
50 52
50 53
51 2
51 13
51 16
51 29
51 37
51 45
51 50
52 27
52 40
52 48
52 55
53 2
53 15
53 23
53 29
53 32
53 38
53 40
53 46
54 27
54 33
55 25
55 37
55 40
55 46
55 51
56 8
56 12
56 14
56 20
56 22
56 30
56 33
56 41
57 3
57 37
Loss 0 0 68 0 0 0 0 0 0 0 72 0 60 0 0 0 0 0 87 0 0 0 0 0 0 40 0 0 0 0 94 32 0 0 75 0 0 0 0 0 0 0 0 0 0 0 77 0 33 0 0 0 37 0 0 0 0 
