58 <--# of nodes, 343 edges
1 9
1 11
1 19
1 24
1 33
1 38
1 50
1 53
1 54
2 4
2 29
2 33
2 54
2 55
3 13
3 32
3 41
3 45
3 55
4 21
4 24
4 55
5 8
5 10
5 12
5 26
5 29
5 46
5 47
5 55
6 2
6 3
6 5
6 10
6 31
6 33
7 8
7 19
7 30
7 31
7 33
7 51
8 12
8 19
8 22
8 39
8 51
9 8
9 12
9 14
9 26
9 36
9 56
9 57
10 11
10 24
10 27
10 48
10 50
11 32
11 40
11 50
12 7
12 18
12 25
13 21
13 26
13 35
13 37
13 52
14 19
14 20
14 23
14 26
14 29
15 2
15 4
15 14
15 16
15 23
15 25
15 34
15 47
15 49
16 6
16 10
16 12
16 23
16 26
16 38
16 56
16 57
17 5
17 7
17 13
17 22
17 28
17 46
17 47
18 24
18 33
19 4
19 22
19 33
19 37
20 4
20 5
20 32
20 35
20 38
21 8
21 29
21 34
21 36
22 8
22 17
22 19
22 23
22 44
22 45
22 57
22 58
23 1
23 6
23 27
23 46
23 58
24 2
24 14
24 15
24 21
24 31
24 38
25 12
25 24
25 31
25 38
25 40
25 46
25 53
26 18
26 30
26 44
26 49
26 58
27 7
27 10
27 26
27 52
28 13
28 16
28 19
28 25
28 30
28 56
29 1
29 2
29 5
29 6
29 11
29 21
29 38
29 51
30 4
30 12
30 13
30 22
30 38
30 40
30 51
30 53
31 2
31 3
31 4
31 18
31 20
31 32
31 54
32 19
32 28
32 50
33 4
33 12
33 24
33 26
33 56
34 3
34 48
34 57
34 58
35 1
35 6
35 12
35 21
35 22
35 23
36 1
36 18
36 34
36 35
36 40
37 1
37 10
37 17
37 23
37 25
37 44
37 49
38 7
38 8
38 10
38 11
38 12
38 13
38 22
38 52
38 56
39 11
39 18
39 19
39 26
39 27
39 52
40 5
40 8
40 57
41 1
41 17
41 21
41 22
41 24
41 30
41 39
42 2
42 4
42 8
42 10
42 11
42 28
42 35
42 36
42 40
42 56
43 2
43 9
43 31
44 14
44 19
44 26
44 38
44 42
44 48
45 4
45 10
45 20
45 25
45 47
45 50
45 55
46 15
46 17
46 19
46 53
47 9
47 13
47 18
47 19
47 25
47 32
47 34
48 26
48 32
48 37
48 40
48 43
48 47
48 54
48 56
49 3
49 10
49 11
49 19
49 29
49 31
49 34
49 48
49 53
50 12
50 16
50 33
51 2
51 44
52 6
52 8
52 16
52 26
52 29
52 42
52 45
52 47
52 58
53 6
53 31
54 7
54 10
54 12
54 23
54 25
54 27
54 47
55 3
55 16
55 32
55 33
55 37
55 47
55 52
56 12
56 20
56 21
56 26
56 36
56 41
56 43
56 53
56 58
57 1
57 3
57 5
57 7
57 16
57 17
57 19
57 20
57 45
57 53
58 16
58 20
58 32
58 35
58 40
58 41
58 51
Loss 0 0 0 0 0 0 35 0 61 3 0 0 0 99 0 0 0 0 26 0 89 0 0 0 0 0 63 0 0 0 0 0 0 41 0 0 0 0 0 0 12 0 35 76 0 68 0 0 0 0 0 0 61 0 0 88 0 0 
