66 <--# of nodes, 454 edges
1 8
1 18
1 25
1 31
1 36
1 47
1 59
2 14
2 16
2 27
2 28
2 30
2 35
2 38
2 63
3 40
3 62
4 5
4 30
4 54
4 57
4 58
4 66
5 8
5 19
5 38
6 7
6 21
6 47
6 51
7 22
7 23
7 34
7 37
7 48
7 58
7 62
7 66
8 9
8 19
8 20
8 34
8 36
8 38
8 42
8 44
8 49
8 52
8 53
8 54
9 21
9 23
9 30
9 33
9 50
10 19
10 25
10 36
10 39
10 44
10 50
10 59
11 4
11 17
11 36
11 38
11 52
11 56
11 62
12 1
12 7
12 11
12 17
12 27
12 28
12 55
13 3
13 25
13 27
13 36
13 40
13 43
13 52
13 63
14 4
14 11
14 26
14 30
14 52
14 56
15 2
15 5
15 13
15 32
15 33
15 36
15 38
15 48
15 59
15 61
16 11
16 43
16 50
16 62
16 63
17 34
17 44
17 51
17 55
17 61
17 62
18 32
18 40
18 42
18 46
18 48
18 52
19 5
19 7
20 10
20 19
20 21
20 41
20 42
20 50
20 53
21 24
21 27
21 33
21 35
21 43
21 49
21 60
21 64
22 10
22 12
23 12
23 13
23 28
23 32
23 44
23 58
23 65
24 19
24 20
24 30
24 48
24 54
24 64
24 65
25 2
25 10
25 15
25 40
25 50
25 54
25 59
25 63
26 13
26 17
26 23
26 33
26 42
26 54
26 64
27 25
27 29
27 33
27 36
27 46
27 55
27 58
28 1
28 41
28 44
28 53
28 54
28 57
29 40
29 42
29 54
29 63
30 4
30 8
30 9
30 11
30 29
30 33
30 38
30 50
30 62
31 9
31 11
31 17
31 19
31 30
31 33
31 35
31 57
32 3
32 5
32 10
32 14
32 38
32 49
32 62
33 1
33 3
33 4
33 14
33 16
33 26
33 27
33 30
33 37
33 50
33 61
34 8
34 53
34 60
35 6
35 19
35 37
35 39
35 42
35 60
36 5
36 30
36 51
36 53
36 58
36 63
37 6
37 10
37 22
37 25
37 38
37 39
37 41
37 45
37 56
38 5
38 15
38 19
38 34
38 35
38 37
38 45
38 55
39 4
39 9
39 22
39 23
39 37
39 38
39 43
39 49
39 57
39 64
39 65
39 66
40 10
40 16
40 36
40 42
40 58
41 6
41 19
41 26
41 31
41 33
41 42
42 7
42 26
42 38
42 40
42 44
42 53
42 61
42 62
43 3
43 9
43 12
43 14
43 24
43 44
43 57
43 58
44 7
44 8
44 10
44 19
44 21
44 24
44 34
44 41
45 1
45 3
45 6
45 12
45 15
45 18
45 20
45 27
45 31
45 37
45 53
45 54
46 2
46 15
46 19
46 26
46 41
46 43
46 48
46 49
46 51
46 61
46 66
47 3
47 18
47 21
47 27
47 28
47 35
47 40
47 43
47 46
47 64
48 40
48 44
48 62
49 11
49 19
49 25
49 27
49 32
49 42
49 55
49 62
50 8
50 17
50 28
50 34
50 36
50 37
50 41
50 61
50 64
51 4
51 13
51 26
51 28
51 31
51 35
51 40
51 61
51 65
52 30
52 40
53 10
53 28
53 47
53 64
53 66
54 28
54 31
54 61
55 11
55 12
55 23
55 28
55 35
55 47
55 63
56 3
56 16
56 18
56 21
56 29
56 34
56 47
56 55
56 61
56 62
57 4
57 8
57 12
57 14
57 19
57 24
57 30
57 32
57 62
57 65
58 5
58 14
58 20
58 35
58 51
58 55
58 61
59 1
59 3
59 7
59 11
59 39
59 41
59 45
59 47
60 13
60 26
60 35
60 39
60 43
61 4
61 9
61 20
61 51
61 57
61 66
62 16
62 41
62 59
62 60
62 65
63 7
63 12
63 13
63 27
63 39
63 51
63 54
64 5
64 27
64 36
64 44
64 48
64 60
64 61
65 12
65 28
65 29
65 33
65 53
65 56
65 60
65 61
66 12
66 19
66 45
66 47
66 54
66 65
Loss 0 0 0 0 0 0 70 0 0 0 0 0 0 0 45 0 8 0 96 0 0 0 0 0 0 0 0 51 0 0 0 0 0 0 0 35 0 0 0 0 62 0 79 0 0 0 0 0 0 0 0 0 92 0 78 0 0 0 0 29 0 0 0 0 0 0 
