52 <--# of nodes, 270 edges
1 7
1 9
1 42
2 14
2 38
2 41
3 4
3 12
3 18
3 36
3 48
3 51
4 8
4 10
4 12
4 17
4 39
4 45
4 47
5 3
5 4
5 6
5 7
5 10
5 19
5 23
5 24
5 26
5 39
5 45
5 48
5 51
5 52
6 9
6 34
6 37
6 51
7 20
7 32
7 33
7 44
7 45
7 49
7 50
8 10
8 12
8 25
8 38
8 40
8 46
9 8
9 17
9 39
10 1
10 2
10 3
10 9
10 14
10 21
10 23
10 38
11 3
11 26
11 33
12 4
12 26
12 40
13 17
13 27
13 37
13 46
14 8
14 13
14 21
14 30
15 6
15 8
15 9
15 19
15 21
15 30
15 39
15 41
15 45
15 50
16 7
16 33
16 42
16 43
16 44
17 3
17 15
17 27
17 34
17 39
17 41
17 51
17 52
18 8
18 12
19 8
19 12
19 18
19 45
19 51
20 2
20 9
20 26
20 46
20 50
21 4
21 7
21 49
22 17
22 41
22 50
23 7
23 11
23 16
23 41
23 50
24 17
24 22
24 37
25 18
25 27
25 46
26 27
26 34
26 38
26 49
27 10
27 14
27 25
27 40
27 44
27 49
27 52
28 1
28 20
28 39
28 41
28 49
28 52
29 11
29 23
29 35
29 38
29 39
29 48
29 49
29 52
30 35
30 43
31 3
31 14
31 18
31 23
31 26
31 49
31 51
31 52
32 1
32 11
32 12
32 26
32 29
32 37
32 41
33 10
33 16
33 17
33 24
33 38
33 42
34 3
34 7
34 30
34 37
34 44
35 29
35 43
36 5
36 13
36 43
37 2
37 22
37 28
37 38
38 1
38 40
38 45
38 46
39 10
39 11
39 13
39 20
39 27
39 35
39 44
40 7
40 8
40 16
40 19
40 25
40 52
41 2
41 3
41 4
42 6
42 9
42 12
42 16
42 26
42 27
42 31
42 34
42 52
43 26
43 35
44 2
44 13
44 19
44 50
44 51
45 17
45 23
45 24
45 32
45 51
46 16
46 30
46 37
46 43
46 44
46 49
47 11
47 17
47 36
47 38
47 41
47 49
47 50
48 19
48 30
48 40
48 43
49 11
49 14
49 21
49 30
49 38
49 41
50 1
50 9
50 18
50 31
50 37
51 19
51 22
51 28
51 31
51 32
52 14
52 17
52 19
52 23
52 26
52 41
52 45
Loss 0 0 0 0 0 0 0 0 0 0 0 0 0 0 0 0 0 0 62 76 29 0 0 0 0 0 53 0 74 0 21 0 0 0 0 0 0 0 0 0 0 0 0 0 0 0 0 0 0 0 0 36 
