66 <--# of nodes, 482 edges
1 12
1 26
1 35
1 41
1 48
1 50
1 51
1 61
1 65
2 3
2 55
3 15
3 19
3 35
4 9
4 19
4 24
4 33
4 36
4 40
4 53
4 56
5 9
5 17
5 32
5 36
5 39
5 57
5 65
6 3
6 27
6 29
6 31
6 54
6 61
6 62
6 64
7 30
7 40
7 43
7 53
7 54
8 12
8 46
8 47
8 49
8 53
8 54
8 56
9 2
9 3
9 13
9 17
9 22
9 25
9 30
9 40
9 46
9 52
9 54
9 57
10 8
10 22
10 24
10 33
10 38
10 46
10 50
10 52
10 61
11 4
11 18
11 20
11 33
11 37
11 50
12 7
12 17
12 38
12 43
12 56
13 2
13 3
13 9
13 37
13 45
13 60
14 41
14 47
14 49
15 4
15 5
15 6
15 26
15 38
15 48
15 56
15 65
16 2
16 5
16 21
16 35
16 37
16 51
16 57
16 66
17 5
17 11
17 20
17 21
17 33
17 40
17 45
17 62
18 10
18 21
18 24
18 27
18 28
18 30
18 37
18 38
18 47
19 13
19 18
19 20
19 24
19 44
19 54
20 2
20 6
20 21
20 37
20 42
20 44
20 57
20 60
20 61
20 63
21 8
21 13
21 26
21 29
21 51
21 61
22 20
23 1
23 10
23 13
23 40
23 41
23 49
23 51
23 53
24 22
24 33
24 56
24 59
25 6
25 17
25 24
25 38
25 39
25 46
25 59
25 65
26 9
26 15
26 25
26 38
26 40
26 42
26 60
26 62
27 2
27 4
27 5
27 6
27 17
27 20
27 22
27 29
27 34
27 36
27 50
28 11
28 23
28 24
28 41
28 56
28 61
29 3
29 11
29 19
29 30
29 31
29 37
29 42
29 48
29 61
29 63
30 8
30 33
30 38
30 44
30 46
30 51
30 53
30 61
31 15
31 19
31 20
31 23
31 33
31 44
31 54
31 57
31 62
31 64
32 14
32 62
33 6
33 11
33 20
33 22
33 27
33 30
33 40
33 47
33 64
33 65
34 3
34 11
34 12
34 21
34 25
34 31
34 32
34 48
34 51
34 52
34 60
35 9
35 14
35 18
35 21
35 25
35 41
35 44
35 48
35 52
36 10
36 17
36 23
36 38
36 39
37 2
37 8
37 10
37 12
37 21
37 44
37 47
38 15
38 46
38 47
38 49
38 53
38 56
38 61
38 65
39 1
39 5
39 12
39 14
39 24
39 40
39 49
39 54
39 66
40 10
40 15
40 20
40 22
40 27
40 29
40 60
40 62
40 65
41 6
41 31
41 33
41 36
41 44
41 45
41 61
42 26
42 31
42 33
42 51
42 52
42 56
42 58
42 63
43 16
43 22
43 27
43 35
43 37
43 39
43 49
43 60
44 1
44 27
44 28
44 53
44 58
44 61
45 4
45 14
45 26
45 32
46 5
46 8
47 18
47 32
47 45
47 46
48 1
48 8
48 17
48 22
48 28
48 30
48 47
48 52
48 56
49 9
49 36
49 37
49 53
49 57
49 62
49 65
50 18
50 26
50 37
50 44
50 48
50 51
50 55
50 56
50 60
50 61
50 66
51 27
51 36
51 40
51 47
51 50
51 52
51 54
51 62
52 5
52 7
52 8
52 17
52 27
52 30
52 33
52 40
52 41
52 42
52 45
52 49
52 61
52 62
53 1
53 7
53 14
53 17
53 25
53 28
53 31
53 34
53 41
53 63
54 2
54 11
54 13
54 37
54 41
54 49
54 61
54 66
55 26
55 36
55 37
55 46
55 56
55 57
56 9
56 14
56 55
56 62
57 20
57 21
57 23
57 24
57 30
57 35
57 39
57 43
57 55
57 62
57 63
58 17
58 21
58 22
58 28
58 35
58 42
58 62
58 64
59 17
59 23
59 27
59 30
59 40
59 42
59 48
59 54
59 57
59 62
60 6
60 16
60 29
60 38
60 41
60 45
60 57
61 14
61 24
61 44
61 51
61 56
61 59
61 60
61 64
62 9
62 19
62 21
62 32
62 55
62 64
63 8
63 18
63 20
63 21
63 25
63 30
63 36
63 39
64 7
64 16
64 30
64 35
64 41
64 58
65 3
65 6
65 9
65 14
65 15
65 16
65 17
65 20
65 23
65 57
66 19
66 25
66 47
Loss 0 0 0 32 0 0 0 44 0 0 0 0 0 0 0 0 0 0 0 0 0 0 0 0 0 0 0 0 0 0 0 52 0 0 0 0 0 0 0 0 0 0 78 0 0 0 0 0 80 0 0 0 0 84 82 70 0 0 12 0 0 1 59 0 0 0 
