54 <--# of nodes, 273 edges
1 3
1 16
1 41
1 53
2 10
2 26
2 28
2 35
2 36
2 40
2 48
3 17
3 20
3 44
3 48
3 54
4 7
4 12
4 16
4 18
4 22
4 44
5 12
5 27
5 28
5 34
6 10
6 23
6 27
6 37
7 2
7 41
7 43
8 6
8 14
8 20
8 38
8 52
9 28
9 41
10 4
10 24
10 37
10 38
10 39
11 24
11 29
11 30
11 34
11 47
11 52
12 6
12 11
12 16
12 22
12 31
12 43
13 12
13 25
13 31
13 51
14 12
14 29
14 34
14 40
14 41
15 13
15 20
15 36
15 54
16 1
16 10
16 17
16 24
16 27
16 38
16 47
16 48
16 49
17 14
17 43
17 54
18 4
18 22
19 2
19 3
19 17
19 23
20 10
20 16
20 52
21 11
21 38
21 50
22 11
22 14
22 23
22 29
22 43
22 46
22 50
23 2
23 5
23 7
23 26
23 29
23 33
23 46
23 47
23 49
24 18
24 21
24 41
24 43
25 8
25 10
25 14
25 20
25 32
25 54
26 5
26 11
26 13
26 18
26 21
26 22
26 33
26 34
27 4
27 22
27 42
27 45
28 9
28 26
28 42
29 7
29 9
29 31
29 32
29 33
30 9
30 10
30 19
30 21
31 29
31 35
31 41
32 6
32 27
32 39
32 46
32 51
33 24
33 51
34 15
34 20
34 24
34 27
34 33
34 36
34 41
34 46
35 1
35 5
35 9
35 12
35 23
35 32
35 43
35 45
36 14
36 15
36 46
36 47
37 2
37 15
37 19
37 20
37 40
37 41
37 53
38 3
38 6
38 11
38 15
38 23
38 36
38 40
38 50
38 54
39 2
39 3
39 7
39 19
39 31
39 41
40 3
40 14
40 15
40 16
40 39
40 41
41 1
41 2
41 15
41 24
41 43
41 47
41 50
42 2
42 4
42 11
42 13
42 44
43 4
43 11
43 12
43 22
43 27
43 37
43 40
43 46
44 12
44 22
44 27
44 35
44 38
44 41
44 47
45 3
45 10
45 16
45 18
45 29
45 30
45 37
45 50
46 1
46 16
47 15
47 23
48 18
48 29
49 26
49 30
49 36
50 9
50 15
50 43
50 54
51 2
51 18
52 6
52 12
52 13
52 28
52 39
52 40
53 23
53 25
53 26
53 34
53 41
53 54
54 11
54 17
54 19
54 27
54 33
54 44
54 45
54 48
54 51
Loss 0 0 0 0 60 0 0 15 29 0 0 0 0 0 0 0 0 99 0 0 97 0 0 0 0 0 0 13 56 0 81 0 0 0 34 0 0 0 0 0 0 0 0 0 0 68 0 0 0 0 4 0 0 0 
