65 <--# of nodes, 428 edges
1 6
1 14
1 15
1 42
1 59
2 41
2 42
2 53
2 57
3 23
3 24
3 32
4 5
4 6
4 16
4 21
4 26
4 38
4 40
4 51
4 52
4 59
4 65
5 2
5 9
5 32
5 36
5 37
5 65
6 13
6 15
6 35
6 45
6 63
7 2
7 18
7 20
7 24
7 32
7 43
7 45
7 51
7 62
7 63
8 11
8 24
8 26
8 39
8 40
8 41
8 43
8 52
8 54
9 6
9 19
9 39
9 43
9 52
10 4
10 26
10 39
10 46
10 51
10 58
10 63
11 5
11 10
11 15
11 28
11 31
11 34
11 38
11 39
11 57
12 9
12 14
12 17
12 39
12 40
12 41
12 58
13 9
13 21
13 31
13 38
13 43
13 53
13 54
13 56
13 61
14 1
14 3
14 35
14 45
14 50
15 1
15 32
15 37
16 5
16 10
16 23
16 26
16 34
16 37
16 53
16 56
16 61
16 65
17 13
17 14
17 19
17 22
17 39
17 42
17 43
17 45
17 46
17 47
17 56
17 60
17 63
18 17
18 19
18 27
18 30
18 49
18 54
18 55
19 2
19 49
19 61
20 33
20 40
20 42
20 58
20 62
21 29
21 62
21 64
22 8
22 10
22 48
22 49
22 65
23 5
23 21
24 10
24 34
24 50
25 5
25 6
25 8
25 12
25 21
25 26
25 37
25 42
25 43
25 47
25 64
26 20
26 40
26 41
26 46
26 47
26 59
27 6
27 26
27 49
27 63
28 3
28 5
28 11
28 13
28 25
28 34
28 41
28 49
28 65
29 3
29 11
29 30
29 44
29 57
30 5
30 8
30 10
30 21
30 27
30 34
30 48
30 49
30 63
31 1
31 15
31 19
31 20
31 27
31 41
31 42
31 48
31 50
31 57
32 4
32 7
32 57
33 7
33 19
33 20
33 28
33 63
34 2
34 29
35 17
35 23
35 27
35 32
35 38
35 50
35 60
35 64
36 5
36 6
36 8
36 10
36 12
36 48
36 63
37 5
37 6
37 20
37 23
37 27
37 42
37 50
38 2
38 5
38 13
38 56
39 17
39 20
39 23
39 27
39 32
39 40
39 57
39 60
40 11
40 24
40 26
40 45
40 53
40 65
41 1
41 3
41 23
41 30
41 61
42 8
42 13
42 19
42 32
42 45
42 50
42 55
42 57
43 9
43 15
43 16
43 18
43 24
43 29
43 33
43 38
43 52
43 63
43 64
44 1
44 2
44 11
44 17
44 22
44 23
44 60
45 3
45 10
45 13
45 25
45 29
45 49
45 63
45 64
46 11
46 13
46 21
46 22
46 41
46 44
47 2
47 9
47 18
47 19
47 20
47 24
47 27
47 29
47 35
47 52
47 58
47 60
48 7
48 9
48 20
48 37
48 43
48 46
48 62
49 1
49 3
49 19
49 22
49 35
49 52
49 59
50 4
50 25
50 43
50 55
50 61
50 64
51 5
51 7
51 12
51 15
51 27
51 28
51 36
51 40
51 53
52 5
52 36
52 44
52 47
52 54
52 55
52 59
53 16
53 38
53 42
53 49
53 54
54 3
54 10
54 17
54 46
54 49
54 59
55 2
55 5
55 6
55 19
55 33
55 44
55 46
56 5
56 27
56 37
56 44
56 60
56 63
57 2
57 5
57 7
57 33
57 42
57 59
58 10
58 27
58 37
58 55
59 15
59 18
59 21
59 22
59 24
59 28
59 36
59 40
59 47
59 57
59 63
59 65
60 7
60 25
60 38
61 21
61 40
61 43
61 46
61 52
61 58
62 3
62 5
62 16
62 21
62 33
62 47
62 60
63 19
63 21
63 34
63 35
63 48
63 52
64 2
64 3
64 5
64 20
64 58
64 59
64 60
64 65
65 1
65 21
65 33
65 41
65 43
65 58
Loss 0 10 0 68 0 0 0 0 0 0 0 0 0 0 0 50 0 94 0 49 0 81 0 0 0 8 0 0 0 0 0 0 0 0 0 0 0 0 0 0 0 0 0 0 0 0 0 0 0 0 0 0 0 0 0 0 0 0 54 0 0 0 0 0 0 
