62 <--# of nodes, 396 edges
1 5
1 10
1 13
1 22
1 59
2 7
2 9
2 15
2 25
2 30
2 43
2 44
2 47
3 4
3 11
3 20
3 35
3 45
3 48
3 54
3 57
3 59
4 19
4 24
4 35
4 44
4 56
4 57
5 18
5 19
5 35
5 42
5 46
5 49
6 5
6 19
6 21
6 29
6 32
6 35
6 43
6 48
6 57
6 62
7 27
7 30
7 33
7 37
7 59
7 61
8 10
8 14
8 27
8 44
8 59
9 31
9 43
9 46
10 7
10 11
10 16
10 29
10 30
10 54
10 59
10 61
11 6
11 9
11 33
11 35
11 39
11 40
11 44
11 48
11 56
11 60
12 2
12 25
12 26
12 38
12 42
12 50
13 6
13 12
13 18
13 22
13 57
14 3
14 6
14 10
14 11
14 23
14 24
14 25
14 40
14 57
15 5
15 10
15 13
15 28
15 29
15 42
15 47
16 1
16 24
16 28
16 40
17 5
17 12
17 13
17 19
17 22
17 30
17 31
17 32
17 46
17 48
18 10
18 13
18 48
18 55
19 24
19 42
19 53
19 57
20 17
20 21
20 22
20 25
20 26
20 27
21 2
21 8
21 20
21 26
21 35
21 45
22 48
23 20
23 27
23 47
23 48
23 57
24 2
24 19
24 20
24 31
24 34
24 39
24 42
24 44
24 53
25 2
25 9
25 19
25 23
25 27
25 29
25 51
25 53
26 3
26 6
26 9
26 18
26 19
26 41
26 48
26 49
26 62
27 1
27 14
27 28
27 36
27 40
28 14
28 24
28 25
28 32
28 36
28 38
28 40
28 41
28 49
28 58
29 7
29 13
29 14
29 26
29 28
29 34
29 36
29 38
30 12
30 26
30 42
31 8
31 27
31 34
31 36
31 43
31 61
32 9
32 10
32 16
32 20
32 37
32 42
33 5
33 9
33 13
33 14
33 28
33 29
33 38
33 45
33 47
33 52
33 56
34 4
34 18
34 19
34 32
34 33
34 48
34 51
34 58
34 61
35 3
35 26
35 50
35 54
35 58
36 5
36 7
36 29
36 33
36 59
37 5
37 20
37 24
37 30
37 35
37 40
37 49
37 51
38 1
38 4
38 21
38 23
38 28
38 47
38 60
38 61
39 2
39 22
39 34
39 47
40 4
40 7
40 9
40 18
40 21
40 23
40 31
40 57
41 13
41 16
41 56
42 21
42 34
42 40
42 45
42 60
43 7
43 20
43 27
43 33
43 34
43 55
44 2
44 26
44 29
44 48
44 51
44 57
45 40
45 53
46 62
47 18
47 22
47 52
48 10
48 12
48 14
48 24
48 30
48 39
48 40
48 45
48 57
48 61
49 9
49 22
49 32
49 33
49 45
49 53
49 57
50 8
50 9
50 13
50 34
50 37
50 47
50 51
50 52
51 2
51 3
51 4
51 8
51 21
51 43
52 4
52 7
52 11
52 14
52 26
52 34
52 51
52 53
53 5
53 7
53 11
53 13
53 20
53 24
53 36
53 39
53 47
53 58
54 4
54 15
54 31
54 35
54 37
54 42
54 51
54 53
54 60
54 61
55 21
55 24
55 46
55 51
56 12
56 17
56 21
56 38
56 43
56 52
56 59
57 36
57 46
57 51
57 56
57 60
58 13
58 20
58 29
58 33
58 34
58 39
58 41
58 44
59 3
59 5
59 7
59 12
59 22
59 29
59 44
59 47
60 1
60 14
60 56
60 59
61 8
61 33
61 40
61 41
61 49
62 6
62 11
62 16
62 53
62 61
Loss 0 0 0 0 0 0 0 0 0 0 0 0 0 0 0 2 0 0 0 0 0 0 0 0 96 0 69 0 31 0 0 0 83 3 0 0 0 0 0 0 0 0 0 89 0 2 0 0 62 0 0 0 80 0 0 0 0 0 25 0 0 0 
