36 <--# of nodes, 110 edges
1 10
1 33
1 35
2 23
2 30
4 5
4 13
5 2
5 4
5 19
5 20
5 22
5 33
6 8
6 16
6 20
6 28
7 13
7 14
8 9
8 10
8 16
8 32
9 12
9 20
9 30
9 35
10 31
11 1
11 7
11 30
12 11
12 15
12 16
12 21
12 28
13 18
13 21
14 1
14 23
14 26
14 31
15 10
15 34
16 11
16 18
16 31
16 34
17 24
18 11
18 13
18 14
18 29
18 35
19 9
20 3
20 13
20 14
21 20
21 22
21 36
22 5
22 19
22 23
22 33
23 9
23 18
23 35
24 4
24 5
24 16
25 12
26 20
26 35
27 3
27 6
27 9
27 32
28 1
28 2
28 7
28 8
28 31
28 32
28 36
29 2
29 11
29 25
29 26
29 33
30 1
30 21
30 33
31 24
31 25
31 30
31 32
32 30
33 30
34 14
34 19
34 31
34 33
35 4
35 14
35 28
36 2
36 6
36 10
36 17
Loss 0 0 0 0 0 0 0 0 0 0 0 0 54 0 0 97 0 3 0 0 0 49 0 0 0 80 0 0 0 0 0 42 0 0 0 0 
