38 <--# of nodes, 140 edges
1 16
1 27
1 32
1 38
2 8
2 15
3 24
3 29
3 37
4 1
4 3
4 5
4 10
4 16
5 13
5 18
5 20
5 27
6 9
6 16
6 25
6 34
7 16
7 21
7 22
7 25
7 29
7 33
8 16
8 17
8 31
10 6
10 14
10 18
10 27
10 31
11 14
11 24
11 37
12 5
13 3
13 4
13 6
13 14
13 29
14 9
14 12
14 16
14 25
14 29
14 32
14 36
14 38
15 7
15 11
15 13
15 24
15 35
16 8
16 22
17 29
17 38
18 15
18 16
18 19
18 31
18 34
21 20
21 37
22 4
22 6
23 9
23 19
23 29
24 1
24 10
24 18
24 21
24 38
25 4
25 35
25 36
26 12
26 15
27 10
27 18
27 24
27 33
27 34
27 36
28 8
28 16
28 20
28 30
29 9
29 14
29 20
29 24
29 34
30 11
30 12
30 31
30 34
31 14
31 18
31 30
31 32
31 35
31 36
32 8
32 10
32 19
32 26
32 27
33 10
33 18
33 28
33 34
34 6
34 17
34 18
34 37
35 3
35 12
35 13
35 38
36 10
36 15
36 16
36 37
37 11
37 15
37 19
37 24
37 30
37 32
37 38
38 11
38 16
38 26
Loss 0 0 0 0 0 0 0 76 75 0 0 0 0 0 0 44 0 0 0 25 0 0 0 0 0 0 0 0 0 0 0 0 0 0 0 0 0 0 
