32 <--# of nodes, 100 edges
1 12
1 15
2 18
2 27
3 4
3 12
3 15
3 18
3 25
4 2
4 6
4 9
4 10
4 13
4 26
5 6
5 8
5 9
5 18
5 23
5 27
6 1
6 3
6 27
6 28
7 10
7 17
7 26
7 28
7 30
8 13
8 14
8 21
8 22
9 1
9 7
9 15
9 28
9 32
10 7
10 12
10 27
11 2
11 28
11 29
12 14
12 15
12 22
12 23
12 30
13 21
13 22
13 27
13 30
14 21
15 3
16 4
16 26
16 27
17 7
17 30
18 9
18 12
18 22
18 23
18 27
18 31
19 14
19 18
20 1
20 11
20 18
20 28
21 3
21 14
21 31
22 23
22 29
23 9
23 10
23 32
25 4
26 30
27 1
27 23
27 25
27 29
27 30
28 10
28 16
28 20
29 8
29 13
31 5
31 7
31 15
31 23
32 3
32 10
32 14
Loss 0 0 0 0 0 0 0 0 84 0 0 32 0 53 0 0 29 0 0 0 0 0 0 0 0 0 0 0 0 0 0 0 
