48 <--# of nodes, 246 edges
1 23
1 24
1 44
2 29
2 36
2 41
3 1
3 18
3 33
3 34
4 1
4 2
4 3
4 5
4 9
4 21
4 26
4 27
4 40
5 10
5 11
5 38
5 42
5 44
6 23
6 28
7 2
7 9
7 11
7 13
7 22
7 26
7 28
7 35
7 40
7 44
8 5
8 6
8 19
8 21
8 29
9 14
10 11
10 12
10 18
10 20
10 23
11 1
11 14
11 26
11 40
11 47
11 48
12 5
12 17
12 33
12 42
13 6
13 11
13 20
13 24
13 29
13 32
13 44
14 12
14 18
14 25
14 27
14 33
14 37
14 46
15 4
15 7
15 20
15 33
16 2
16 11
16 41
17 1
17 6
17 12
17 20
17 24
17 32
17 37
17 46
18 3
18 6
18 20
18 21
18 22
18 24
18 26
18 30
19 35
19 43
19 45
19 48
20 5
20 9
20 16
20 30
20 48
21 12
21 14
21 31
21 46
22 2
22 5
22 12
22 20
22 23
22 28
22 40
22 42
22 45
23 1
23 8
23 48
24 5
24 6
24 11
24 36
24 43
25 8
25 18
25 38
26 7
26 15
26 33
26 41
27 10
27 14
27 21
27 34
27 37
27 39
28 4
28 7
28 12
28 25
28 26
28 34
29 1
29 16
29 28
29 33
29 47
30 8
30 18
30 25
30 39
31 12
31 14
31 16
31 17
31 21
31 25
31 26
31 32
31 43
31 48
32 16
32 35
32 36
32 39
32 41
32 42
32 44
33 9
33 16
33 23
33 35
34 8
34 37
34 38
35 12
35 18
35 19
35 20
35 32
35 40
36 7
36 13
36 20
36 28
36 42
37 4
37 8
37 11
37 16
37 19
37 21
37 22
37 30
37 33
37 35
38 7
38 11
38 14
38 37
38 39
38 40
38 44
38 47
39 4
39 10
39 28
40 7
40 23
40 28
40 30
41 21
41 25
41 42
41 43
42 1
42 25
42 30
42 33
42 34
42 44
43 1
43 22
44 1
44 4
44 11
44 16
44 48
45 18
45 19
45 24
45 48
46 9
46 10
46 29
46 43
47 6
47 7
47 9
47 11
47 38
48 9
48 34
48 39
48 40
Loss 0 0 0 0 0 0 53 0 5 0 47 63 0 0 0 0 0 0 0 0 0 36 0 0 2 0 82 0 11 0 0 64 0 0 0 0 0 0 0 0 19 0 0 0 0 0 0 0 
