54 <--# of nodes, 304 edges
1 5
1 6
1 9
1 10
1 14
1 21
1 29
1 35
1 53
2 1
2 18
2 25
2 44
2 47
2 48
2 49
2 52
3 21
3 25
3 27
3 29
3 30
3 31
3 53
5 20
5 28
5 30
5 41
5 42
5 50
6 3
6 12
6 13
6 17
6 26
6 29
6 52
6 53
7 11
7 19
7 23
7 25
7 30
7 32
7 35
7 45
7 48
7 49
7 50
8 24
8 32
8 33
8 37
9 5
9 7
9 17
10 1
10 3
10 11
10 13
10 27
10 29
10 45
11 6
11 15
11 19
11 20
11 47
11 50
11 53
12 32
12 34
12 51
13 4
13 7
13 11
13 12
13 33
13 37
14 1
14 2
14 3
14 9
14 10
14 20
14 21
14 22
14 33
14 45
14 47
14 50
15 13
15 36
15 37
15 39
15 42
15 45
15 49
16 10
16 32
16 39
16 54
17 4
17 6
17 10
17 29
17 36
17 40
17 42
17 49
18 12
18 17
19 1
19 6
19 13
19 20
19 24
19 47
20 27
20 37
20 41
20 51
21 8
21 11
21 14
21 18
21 34
21 45
21 51
21 54
22 5
22 17
22 23
22 37
22 50
23 1
23 12
23 28
23 30
23 34
23 43
23 50
24 3
24 10
24 11
24 20
24 30
24 32
24 38
24 39
25 17
25 37
26 13
26 23
26 25
26 28
26 32
26 44
26 53
27 6
27 38
27 54
28 14
28 20
28 38
28 44
29 6
29 9
30 8
30 11
30 14
30 25
30 41
31 12
31 13
31 14
31 15
31 17
31 23
31 27
32 6
32 7
32 28
32 45
32 51
33 9
33 20
33 26
33 35
33 38
33 49
33 50
33 53
34 1
34 17
34 28
34 37
34 39
34 52
34 54
35 9
35 11
35 26
35 49
35 54
36 1
36 5
36 6
36 10
36 46
36 48
36 49
37 3
37 17
37 20
37 26
38 25
38 40
38 41
39 2
39 17
39 27
39 30
39 32
40 1
40 4
40 5
40 7
40 17
40 28
40 49
40 54
41 5
41 15
41 16
41 33
41 35
41 40
41 51
42 3
42 11
42 37
42 43
42 48
42 50
43 10
43 19
43 20
43 37
43 49
43 54
44 1
44 4
44 14
44 21
44 30
44 31
44 37
45 8
45 15
45 17
45 29
45 30
46 10
46 13
46 16
46 28
46 43
47 2
47 5
47 12
47 41
47 50
48 5
48 6
48 29
48 36
48 54
49 2
49 9
49 19
49 34
50 7
50 9
50 11
50 23
50 24
50 38
50 42
51 11
51 19
51 37
51 43
51 47
51 52
52 5
53 5
53 9
53 10
53 21
53 40
54 1
54 4
54 39
Loss 0 0 0 0 0 0 0 0 0 0 0 0 0 0 0 0 0 0 0 0 0 0 0 82 0 0 0 0 0 48 0 0 0 0 0 0 34 0 0 0 0 0 0 0 0 0 0 0 0 0 0 0 0 0 
