39 <--# of nodes, 158 edges
1 9
1 13
1 17
1 24
1 27
2 1
2 7
2 21
2 25
2 30
2 31
3 5
3 17
4 5
4 14
4 15
4 29
4 33
5 8
5 10
5 11
5 25
5 39
6 38
7 33
7 37
8 1
8 15
8 22
9 19
9 32
9 34
10 3
10 20
10 23
10 29
10 38
11 4
11 17
11 37
11 38
12 11
12 17
12 30
13 10
13 21
13 29
13 39
14 23
14 24
14 27
14 39
15 18
15 26
15 31
15 36
16 2
16 24
16 34
17 7
17 8
18 3
18 8
18 11
18 17
18 21
18 25
18 26
18 31
19 10
19 38
20 1
21 1
21 3
21 4
21 32
21 36
22 5
22 8
22 34
23 18
23 26
23 38
24 17
24 20
24 21
24 28
24 37
25 9
25 12
25 14
25 20
25 33
26 4
26 6
26 20
26 30
26 31
27 2
27 17
27 22
27 28
27 31
28 7
28 9
28 12
28 17
29 8
29 10
29 17
29 21
29 37
30 3
30 12
30 14
30 25
30 28
30 29
31 1
31 6
31 10
31 14
31 22
32 4
32 7
33 10
33 16
33 19
33 23
33 28
33 31
34 11
34 19
34 22
34 24
34 27
34 28
34 36
35 8
35 20
35 22
35 23
36 2
36 22
36 31
36 33
36 39
37 19
37 20
37 29
37 34
38 3
38 23
38 25
39 3
39 8
39 11
39 22
Loss 0 0 0 0 0 27 0 0 0 84 0 0 13 0 0 0 0 0 0 0 3 0 0 91 52 0 0 85 0 0 50 0 0 0 0 0 0 20 0 
