50 <--# of nodes, 230 edges
1 22
1 37
2 30
2 31
2 37
2 40
3 12
3 18
3 25
3 28
3 39
4 12
4 21
4 27
4 28
4 37
4 42
5 8
5 12
5 20
5 21
5 26
5 29
5 47
6 3
6 23
6 28
6 31
7 6
7 21
7 42
7 44
7 45
7 49
8 14
8 38
9 5
9 15
9 22
9 47
10 39
11 5
11 20
11 22
11 34
11 42
13 4
13 6
13 45
14 44
15 1
15 4
15 5
15 6
15 14
15 40
16 4
16 22
16 23
16 24
16 27
16 43
16 45
17 31
17 34
17 43
17 46
17 50
18 13
18 19
19 6
19 10
19 14
19 23
19 45
19 46
20 5
20 6
20 10
20 15
20 19
20 34
21 19
21 30
21 38
22 1
22 7
22 25
22 36
23 20
23 41
23 43
23 46
23 47
23 50
24 6
24 7
24 20
24 31
24 49
25 3
25 4
25 8
25 12
25 42
26 17
26 36
26 46
26 50
27 11
27 12
27 26
27 30
27 32
27 37
27 42
28 1
28 7
28 10
28 12
28 23
28 36
28 37
28 39
29 2
29 19
29 30
30 18
30 38
30 39
30 43
31 1
31 3
31 14
31 24
31 29
31 34
31 48
32 5
32 6
32 11
32 37
33 22
33 47
34 13
34 39
35 2
35 13
35 23
35 29
35 41
35 44
36 13
36 17
36 27
36 45
37 12
37 24
37 30
37 43
37 46
38 13
38 37
39 17
39 31
39 35
40 1
40 4
40 17
40 19
40 26
40 32
40 36
41 6
41 12
41 15
41 33
41 45
41 48
42 8
42 26
42 27
42 33
42 46
42 49
43 1
43 6
43 27
43 46
44 3
44 6
44 8
44 11
44 41
45 10
45 15
45 16
45 19
45 22
45 24
45 31
46 9
46 15
46 20
46 21
46 28
46 31
46 36
46 50
47 17
47 28
47 45
47 49
48 3
48 15
48 17
48 18
48 33
48 34
49 9
49 21
49 28
49 35
49 42
49 43
50 8
50 10
50 28
50 30
50 42
Loss 0 0 0 0 74 0 0 0 0 0 0 0 0 0 70 63 0 0 0 0 3 0 0 0 42 0 5 0 0 0 0 0 0 72 0 0 0 0 0 0 0 23 71 0 0 0 0 0 0 0 
