57 <--# of nodes, 291 edges
1 2
1 5
1 17
1 23
1 25
1 33
2 16
2 22
2 33
2 36
3 1
3 12
3 27
3 36
4 9
4 18
4 20
4 37
4 50
5 2
5 8
5 12
5 16
5 18
5 25
5 33
6 23
6 27
6 46
7 5
7 9
7 11
7 53
8 2
8 16
8 32
8 39
8 47
8 48
8 55
9 15
9 17
9 23
9 35
9 36
9 49
10 16
10 23
10 24
10 29
11 2
11 3
11 12
11 22
11 46
12 7
12 35
12 54
13 24
13 28
13 33
13 38
13 42
13 53
13 54
14 6
14 8
14 20
14 31
14 44
14 45
14 56
15 8
15 30
15 38
15 43
15 48
16 8
16 20
16 41
16 48
16 50
17 3
17 9
17 11
17 21
17 45
17 50
18 1
18 7
18 14
18 16
18 42
18 50
18 51
19 7
19 41
19 57
20 17
20 22
20 23
20 24
20 28
20 32
20 43
21 1
21 18
21 20
21 31
21 36
21 38
22 36
22 38
22 45
22 50
22 53
23 1
23 2
23 3
23 14
23 18
23 21
23 24
23 38
24 44
24 52
24 53
25 10
25 15
25 33
25 53
25 57
26 8
26 13
26 23
26 24
26 38
26 47
27 3
27 26
27 48
27 55
28 6
28 7
28 14
28 32
28 33
28 49
29 26
29 27
29 34
29 38
29 49
30 13
30 32
30 35
30 36
30 49
30 52
31 2
31 3
31 5
31 12
31 24
31 30
31 38
31 40
31 46
31 51
31 54
31 55
32 8
32 13
32 17
32 26
32 57
33 4
33 20
33 39
34 10
34 38
34 49
35 27
35 28
36 7
36 9
36 39
36 40
36 43
36 48
36 51
36 57
37 5
37 7
37 13
37 22
37 52
38 18
38 35
38 49
38 52
39 11
39 17
39 22
39 24
39 38
39 44
40 15
40 33
40 38
41 23
42 2
42 9
42 20
42 29
42 44
43 1
43 5
43 36
44 6
44 10
44 15
44 53
44 54
45 32
45 36
46 2
46 6
46 18
46 21
46 26
46 47
47 3
47 13
47 22
47 29
47 33
47 34
47 40
47 43
47 44
47 49
47 50
47 53
47 56
48 7
48 11
48 16
48 24
48 40
48 44
49 17
49 18
49 20
49 31
49 37
49 46
50 2
50 24
50 31
50 48
50 49
51 4
51 37
51 43
51 52
52 13
52 23
52 27
52 40
52 42
53 6
53 12
53 27
53 28
53 37
53 45
54 1
54 28
54 31
54 46
54 52
54 57
55 25
55 26
56 14
57 5
57 7
57 10
57 32
57 38
Loss 0 0 0 0 0 0 0 0 0 0 0 0 18 0 0 50 0 0 0 0 0 0 41 0 0 0 0 0 64 0 0 0 0 0 0 0 0 0 69 13 0 0 0 63 31 0 97 79 0 0 0 0 0 0 0 0 33 
