70 <--# of nodes, 508 edges
1 2
1 15
1 17
1 30
1 44
1 54
1 59
2 6
2 20
2 23
2 34
2 38
2 39
2 40
2 44
2 48
2 64
3 10
3 11
3 13
3 19
3 21
3 32
3 35
3 49
3 58
3 67
3 68
4 13
4 21
4 29
4 33
4 36
4 45
4 48
4 66
5 3
5 13
5 15
5 33
5 40
5 59
5 60
5 67
6 7
6 36
6 39
6 52
6 57
6 61
6 68
7 11
7 12
7 23
7 27
7 50
7 53
7 56
7 63
7 69
8 5
8 10
8 37
9 11
9 13
9 19
9 28
9 29
9 33
10 3
10 27
10 39
10 42
10 58
11 1
11 4
11 9
11 26
11 30
11 32
11 41
11 66
12 9
12 13
12 14
12 25
12 27
12 48
12 55
12 68
13 1
13 9
13 10
13 11
13 17
13 20
13 30
13 33
13 36
14 5
14 6
14 22
14 25
14 27
14 37
14 38
14 39
14 44
14 48
14 57
14 66
15 11
15 30
15 36
15 48
16 3
16 5
16 9
16 10
16 49
16 66
17 7
17 9
17 14
17 20
17 25
17 30
17 36
17 42
17 49
17 50
18 3
18 6
18 16
18 19
18 22
18 25
18 30
18 40
18 56
18 67
19 5
19 11
19 17
19 21
19 41
19 46
20 2
20 26
20 41
20 42
20 54
20 64
20 69
21 5
21 14
21 24
21 30
21 37
21 39
21 40
21 51
22 10
22 12
22 36
22 38
22 41
22 42
22 51
22 55
22 58
23 3
23 11
23 19
23 41
23 43
23 50
23 68
24 5
24 19
24 33
24 39
24 40
24 66
25 17
25 27
25 28
25 39
25 51
26 4
26 11
26 30
26 51
26 55
27 2
27 25
27 47
27 57
27 59
27 63
27 70
28 2
28 9
28 21
28 27
28 35
28 49
28 52
28 55
28 59
28 62
28 65
29 7
29 17
29 22
29 43
29 46
29 54
29 65
29 70
30 8
30 20
30 24
30 42
30 49
30 57
30 63
31 7
31 8
31 27
31 44
31 45
31 56
31 67
31 68
31 69
32 14
32 31
32 37
32 43
33 6
33 8
33 27
33 32
33 43
33 51
33 53
33 54
33 60
33 61
33 62
33 65
34 9
34 14
34 16
34 19
34 30
34 61
34 68
35 22
35 25
35 31
35 46
35 48
35 57
35 64
36 13
36 22
36 59
36 64
36 69
37 5
37 7
37 11
37 13
37 18
37 22
37 38
37 45
37 52
37 61
38 11
38 13
38 17
38 19
38 45
38 57
38 62
39 2
39 3
39 16
39 26
39 29
39 32
39 41
39 45
39 59
39 68
40 51
40 53
40 54
40 63
40 69
41 5
41 14
41 27
41 36
41 37
41 39
41 49
41 65
42 16
42 23
42 40
42 48
42 64
43 9
43 24
43 36
43 52
44 1
44 9
44 10
44 19
44 26
44 45
44 59
44 61
44 63
45 9
45 20
45 43
45 55
45 60
46 14
46 15
46 23
46 38
46 48
46 56
46 66
46 67
47 9
47 13
47 14
47 22
47 29
47 52
47 58
47 61
47 68
47 69
48 5
48 13
48 18
48 39
48 51
49 1
49 5
49 15
49 25
49 68
50 18
50 21
50 25
50 33
50 39
50 58
50 67
51 1
51 13
51 25
51 31
51 44
51 48
51 61
51 63
51 66
52 14
52 23
52 34
52 64
53 5
53 14
53 27
53 34
53 56
53 63
53 67
54 11
54 15
54 16
54 18
54 25
54 36
54 44
54 51
54 61
54 65
54 68
55 1
55 6
55 14
55 28
55 37
55 46
55 51
56 3
56 4
56 14
56 57
57 3
57 23
57 34
57 47
57 59
57 66
58 42
58 43
59 8
59 17
59 18
59 33
59 35
59 38
59 56
59 66
60 2
60 18
60 21
60 25
60 37
60 69
61 10
61 16
61 20
61 21
61 22
61 39
61 46
61 64
62 4
62 5
62 12
62 22
62 28
62 38
62 51
63 2
63 20
63 26
63 58
63 69
64 12
64 28
64 32
64 33
64 38
64 42
64 46
64 62
64 68
65 2
65 13
65 19
65 43
65 46
65 47
65 57
65 60
65 62
66 14
66 20
66 28
66 30
66 32
66 34
66 58
66 59
67 3
67 6
67 25
67 39
67 43
67 44
67 58
68 7
68 15
68 36
68 44
68 60
68 61
68 64
68 65
69 4
69 10
69 14
69 24
69 29
69 39
70 1
70 4
70 19
70 30
70 55
70 58
70 63
70 68
Loss 0 0 0 0 0 43 99 0 0 0 0 0 0 0 0 0 0 0 0 0 0 0 0 89 0 0 0 0 0 0 34 59 0 38 87 75 0 14 0 0 0 0 0 0 0 0 0 0 0 0 0 47 30 0 0 0 0 93 0 0 0 0 0 0 0 0 0 0 99 0 
