47 <--# of nodes, 245 edges
1 10
1 14
1 35
1 36
1 44
2 1
2 6
2 9
2 13
2 19
2 25
2 33
3 5
3 17
3 26
4 14
4 15
4 18
5 4
5 9
5 38
6 18
6 29
6 36
6 37
6 44
7 1
7 23
7 24
7 31
7 46
7 47
8 12
8 14
8 26
9 6
9 8
9 12
9 15
9 26
9 30
9 35
9 36
9 38
10 31
11 24
11 40
11 42
12 1
12 3
12 33
12 34
12 35
12 41
13 8
13 28
13 29
13 34
13 36
13 39
13 40
13 42
14 5
14 11
14 12
14 13
14 21
14 40
15 5
15 28
15 32
15 39
16 13
16 14
16 17
16 21
16 28
16 41
17 5
17 8
17 13
17 16
17 25
17 28
18 4
18 16
18 20
18 37
18 39
18 40
18 43
18 45
19 2
19 10
19 12
19 16
19 22
19 24
19 31
19 36
19 41
19 47
20 35
20 47
21 3
21 23
21 27
21 37
21 46
22 13
22 39
23 3
23 12
23 14
23 19
23 27
23 36
23 44
23 47
24 7
24 8
24 19
24 23
24 33
24 34
24 36
24 45
25 8
25 14
25 29
25 30
26 24
26 36
26 47
27 20
27 34
27 36
28 5
28 10
28 12
28 23
28 24
28 25
28 35
28 36
28 44
29 5
29 18
29 33
29 34
30 11
30 14
30 22
30 37
30 38
30 41
31 2
31 3
31 18
31 21
31 28
31 34
31 41
31 44
32 4
32 7
32 8
32 12
32 22
32 37
32 40
32 41
32 44
33 7
33 24
33 27
33 30
33 31
33 37
33 38
34 3
34 6
34 27
34 29
34 30
35 13
35 15
35 31
35 33
36 8
36 11
36 44
36 45
37 5
37 28
37 35
37 43
38 5
38 13
38 16
38 18
38 26
38 30
38 36
38 37
39 7
39 14
39 19
39 25
39 29
40 6
40 7
40 8
40 15
40 31
40 34
40 42
41 3
41 31
41 37
42 9
42 14
42 46
43 35
44 3
44 12
44 13
44 18
44 32
44 35
44 37
45 11
45 21
45 26
45 27
45 33
45 36
46 1
46 2
46 12
46 19
46 29
46 32
46 37
47 33
Loss 0 0 0 0 0 0 0 78 58 0 0 0 56 0 0 57 0 90 96 0 36 0 28 0 0 0 0 0 0 0 0 0 10 0 0 0 0 0 0 0 0 83 0 0 0 0 95 
