39 <--# of nodes, 139 edges
1 10
1 16
1 27
2 5
2 14
2 23
2 30
2 34
2 38
3 17
3 19
3 28
3 29
4 1
4 14
4 36
5 7
5 13
5 14
5 23
5 36
5 37
6 1
6 4
6 25
7 21
8 1
8 4
8 5
8 14
8 28
8 37
9 19
9 37
10 3
10 29
11 17
11 26
11 33
12 7
12 16
12 17
12 23
12 26
12 27
12 31
13 5
13 8
13 27
13 35
14 2
14 3
14 5
14 11
14 34
15 2
15 17
15 18
15 22
15 23
15 25
15 30
16 3
16 9
16 25
16 34
17 20
17 21
17 26
17 33
18 9
18 19
18 29
18 36
19 28
20 17
21 2
21 8
21 16
21 19
21 29
21 38
22 1
22 7
22 14
22 34
23 29
23 33
24 14
24 21
24 31
24 34
24 36
24 39
25 27
25 31
26 11
26 22
26 36
27 36
27 39
28 1
28 2
28 4
28 5
28 23
29 18
30 7
30 10
30 14
30 17
30 38
31 1
31 4
31 10
31 11
31 14
31 19
31 23
31 28
32 36
33 13
33 20
34 10
34 15
35 3
35 12
35 18
36 21
36 28
37 6
37 20
37 35
38 2
38 8
38 22
38 37
39 12
39 15
Loss 0 0 0 0 0 0 0 0 86 83 0 0 0 19 0 0 0 0 0 30 0 0 0 0 0 0 0 0 0 0 0 0 57 0 0 0 0 0 0 
