40 <--# of nodes, 149 edges
1 11
2 1
2 7
2 15
2 19
2 22
2 36
2 38
3 10
3 24
3 27
3 35
3 40
4 32
4 37
4 38
5 6
5 19
5 21
5 31
6 1
6 12
7 16
7 25
8 11
8 22
8 24
8 25
8 35
8 38
9 5
9 8
9 14
9 17
10 4
10 7
10 13
10 22
10 30
10 34
10 38
11 1
11 7
11 26
11 35
12 3
12 8
12 18
12 23
13 18
14 1
14 6
14 26
14 28
14 30
14 39
15 8
16 27
16 37
17 22
18 11
18 17
18 31
19 6
19 7
19 17
19 21
19 24
19 32
19 36
20 15
20 16
20 21
20 22
20 24
20 35
21 18
21 20
21 40
22 33
23 4
23 25
23 33
23 37
24 20
24 26
24 39
25 1
25 11
25 23
25 40
26 1
26 4
26 7
26 8
26 11
26 15
26 27
26 28
26 36
27 1
27 11
27 16
27 31
27 32
28 15
28 21
28 29
28 36
29 5
29 14
29 22
29 30
30 5
30 7
30 13
30 24
31 9
31 12
32 3
32 11
32 33
33 10
33 16
33 21
33 24
34 1
34 20
34 38
35 40
36 11
36 13
36 30
36 34
36 35
36 38
37 12
38 5
38 26
38 40
39 6
39 17
39 31
39 33
40 5
40 7
40 12
40 35
40 39
Loss 0 0 0 66 0 0 0 0 73 0 0 12 50 78 0 0 0 0 0 0 0 0 0 0 0 41 0 72 0 0 0 70 0 0 0 0 0 0 50 0 
