56 <--# of nodes, 306 edges
1 5
1 10
1 13
1 19
1 30
2 10
2 11
2 20
2 27
2 30
2 40
2 53
3 17
3 24
3 33
3 49
4 3
4 10
4 28
4 35
4 39
4 46
5 33
5 34
5 45
5 47
6 8
6 14
6 19
6 22
6 23
6 26
6 37
6 40
6 48
7 8
7 18
8 54
9 6
9 7
9 23
9 28
9 34
9 35
9 37
9 51
9 53
9 54
10 2
10 14
10 22
10 40
10 43
10 51
11 3
11 4
11 8
11 29
11 30
11 40
11 43
11 46
11 54
12 20
12 21
12 23
12 27
12 43
12 52
13 36
13 42
13 44
13 51
14 3
14 4
14 6
14 41
14 43
15 1
15 4
15 14
16 1
16 9
16 39
17 21
17 32
17 41
17 42
17 52
18 2
18 22
18 29
18 36
18 53
18 54
19 23
19 34
19 47
20 9
20 12
20 13
20 15
20 25
20 35
20 40
20 44
20 49
20 53
21 3
21 4
21 6
21 12
21 27
21 34
21 38
21 44
21 50
21 53
22 2
22 6
22 15
22 18
22 20
22 29
22 42
23 17
23 19
23 49
23 52
24 1
24 6
24 11
24 30
25 3
25 24
25 28
26 1
26 5
26 20
26 25
26 50
26 54
27 8
27 11
27 13
27 35
27 36
27 37
27 42
27 46
27 50
27 54
28 2
28 4
28 6
28 14
28 19
28 29
28 55
29 17
29 25
29 30
29 32
29 35
29 49
30 11
30 12
30 13
30 20
30 39
30 41
30 46
30 53
30 56
31 25
31 29
32 1
32 10
32 17
32 27
32 41
32 48
32 55
33 6
33 10
33 26
34 8
34 51
35 1
35 3
35 5
35 36
36 1
36 5
36 13
37 4
37 6
37 7
37 25
37 33
37 45
38 9
38 36
38 40
38 43
39 4
39 13
39 14
39 17
39 24
40 5
40 20
40 28
40 29
40 34
40 56
41 1
41 6
41 12
41 13
41 19
41 22
41 23
41 45
41 46
41 52
41 56
42 2
42 8
42 19
42 31
42 33
42 35
43 26
43 46
43 47
43 51
44 7
44 22
44 32
44 45
44 46
44 48
44 55
45 53
46 10
46 15
46 17
46 19
46 27
46 34
46 36
46 40
47 21
47 31
47 36
47 41
47 42
47 43
48 20
48 23
48 28
48 30
48 43
49 7
49 12
49 15
49 19
49 25
49 45
50 12
50 16
50 21
50 30
50 31
50 56
51 2
51 49
51 56
52 12
52 17
52 20
53 5
53 16
53 22
53 28
53 36
53 42
53 47
53 51
54 2
54 3
54 37
54 41
54 53
55 10
55 22
55 23
55 50
56 4
56 6
56 9
56 14
56 42
56 45
56 47
Loss 0 0 0 0 0 0 0 0 0 63 42 46 56 0 98 5 0 0 48 0 21 0 0 0 0 0 57 0 0 0 0 0 0 0 0 0 80 0 0 41 0 89 0 0 0 0 82 0 90 0 0 0 0 0 0 0 
