55 <--# of nodes, 302 edges
1 21
1 34
1 44
2 6
2 9
2 10
2 26
2 35
2 54
3 9
3 11
3 46
3 52
4 1
4 5
4 9
4 12
4 29
4 31
4 33
4 36
4 43
4 45
4 46
5 2
5 3
5 13
5 33
5 37
6 7
6 17
6 30
6 34
6 47
7 12
7 21
7 29
7 33
7 34
7 37
7 40
7 48
7 54
8 6
8 33
8 40
8 51
8 54
9 1
9 5
9 8
9 13
9 25
9 26
9 33
9 40
10 5
10 37
11 19
11 22
12 1
12 9
12 17
12 24
12 28
12 33
12 38
12 40
12 43
12 50
12 52
12 53
13 6
13 18
13 30
13 32
13 42
13 44
13 48
14 17
14 24
14 30
15 1
15 18
16 6
16 15
16 18
16 27
16 41
16 44
16 52
17 26
17 32
17 35
17 37
17 39
17 41
18 4
18 14
18 24
18 25
18 28
18 45
18 53
19 8
19 20
19 23
19 31
20 10
20 37
20 43
21 5
21 9
21 16
21 20
21 31
21 32
21 37
21 42
21 43
21 53
22 23
22 24
23 6
23 31
24 9
24 21
24 35
24 37
24 54
25 8
25 10
25 14
25 29
25 35
25 51
26 45
26 52
27 26
27 28
27 35
28 14
28 15
28 18
28 32
28 39
28 40
28 49
29 12
29 22
29 27
29 51
30 2
30 17
31 39
32 6
32 9
32 11
32 23
32 26
32 27
32 41
33 10
33 13
33 14
33 15
33 39
33 45
34 4
34 14
34 24
34 26
34 39
34 43
35 2
35 20
35 25
35 31
35 36
35 38
36 15
36 21
36 28
36 41
36 48
37 26
37 34
37 44
37 48
38 16
38 30
38 34
38 41
38 55
39 11
39 12
39 21
39 25
39 26
39 27
39 30
39 34
39 42
39 54
40 6
40 7
40 8
40 11
40 34
40 41
40 55
41 15
41 31
41 32
42 26
42 27
42 32
42 46
43 7
43 8
43 13
43 19
43 20
43 23
43 28
43 41
43 50
44 10
44 17
44 29
45 4
45 14
45 40
45 43
45 55
46 14
46 15
46 16
46 21
46 33
46 40
46 51
47 3
47 11
47 16
47 21
47 22
47 26
47 27
47 35
47 44
48 2
48 14
48 23
48 40
48 55
49 1
49 10
49 14
49 19
49 26
49 31
49 43
49 45
50 1
50 15
50 17
50 22
50 25
50 26
50 36
50 42
50 49
51 14
51 15
51 35
51 49
52 15
52 25
52 29
52 36
52 40
52 47
52 53
52 55
53 10
53 18
53 22
53 25
53 26
53 30
53 46
54 4
54 15
54 20
54 32
54 52
55 1
55 7
55 12
55 18
55 24
Loss 0 0 85 0 0 0 87 0 85 0 0 0 0 0 0 0 0 0 0 0 89 0 0 0 0 0 0 10 0 0 0 0 41 0 0 97 56 0 0 0 0 39 0 0 86 0 11 0 0 0 7 76 0 0 0 
