42 <--# of nodes, 164 edges
1 3
1 9
1 15
1 16
1 34
2 1
2 5
2 10
2 15
2 19
2 22
2 26
2 27
2 33
3 9
3 25
3 27
4 25
4 37
5 9
5 12
5 21
6 1
6 26
6 28
6 32
6 37
7 23
8 21
8 41
9 1
9 3
9 17
9 28
10 16
10 22
11 5
11 18
11 30
11 33
11 38
12 1
12 8
12 26
13 8
13 35
13 39
14 5
14 6
14 12
14 33
14 39
14 41
15 20
15 24
16 9
16 28
16 33
17 4
17 21
17 31
18 2
18 6
18 8
19 18
19 21
19 34
19 36
20 10
20 28
20 33
21 12
21 18
21 19
21 23
22 14
22 24
22 26
22 32
22 33
22 36
22 40
23 1
23 18
23 28
23 39
24 1
24 2
24 5
24 6
24 8
24 15
24 42
25 2
25 4
25 32
25 36
25 37
25 40
26 5
26 16
26 21
26 24
26 38
26 40
27 1
27 7
27 22
27 25
27 26
28 6
28 8
28 11
28 38
28 42
29 30
29 42
30 15
30 40
31 2
31 5
31 6
31 8
32 4
32 12
32 14
32 23
32 31
32 37
32 40
32 41
33 2
33 3
33 9
33 37
34 22
34 30
35 9
35 21
35 26
36 9
36 20
36 42
37 6
37 29
37 35
38 6
38 10
38 19
38 21
38 28
38 39
39 5
39 10
39 13
39 18
39 19
39 24
40 33
41 27
41 36
41 42
42 10
42 34
Loss 0 0 0 64 8 55 0 50 0 0 0 0 0 42 4 0 0 0 16 0 0 0 0 73 13 0 75 0 0 0 56 0 0 79 0 97 11 55 0 0 34 0 
