36 <--# of nodes, 127 edges
1 3
1 12
1 24
1 35
2 18
2 28
3 20
3 27
4 21
4 31
4 34
5 15
5 23
5 24
5 27
5 34
6 4
6 5
6 14
6 15
6 17
6 26
7 1
7 6
7 15
7 22
7 34
8 12
8 13
8 20
8 23
8 26
8 29
9 4
9 19
9 21
9 32
10 4
10 18
11 23
11 26
11 32
12 26
12 27
12 28
12 30
13 1
13 27
13 34
13 36
14 22
14 24
15 9
15 16
15 23
16 11
16 12
16 14
16 21
17 4
17 6
17 15
17 21
17 26
17 28
18 6
18 9
18 17
18 33
19 13
19 17
19 24
19 35
20 22
21 1
21 6
21 8
21 14
21 15
21 19
21 20
21 24
22 19
22 20
22 21
23 6
23 9
23 10
23 19
23 25
24 10
24 15
25 8
25 21
25 31
26 4
26 15
27 17
27 21
27 25
27 31
28 7
29 8
29 17
29 19
29 20
29 30
30 8
30 26
30 27
30 32
31 11
32 9
32 19
32 23
32 36
33 8
33 14
33 21
34 12
34 19
34 36
35 1
35 9
35 22
35 25
36 32
Loss 0 0 32 0 0 0 0 0 0 0 0 0 0 0 0 0 0 0 9 99 0 99 66 0 0 0 0 0 2 40 0 0 0 0 0 0 
