31 <--# of nodes, 101 edges
1 9
1 11
1 29
2 1
2 11
2 15
2 26
2 29
3 8
3 19
3 21
3 26
3 29
4 17
4 27
5 29
6 25
7 4
7 20
7 26
8 15
8 28
8 29
9 3
9 23
9 27
9 29
10 6
10 7
10 23
10 24
11 4
11 16
11 23
11 26
12 7
12 30
13 17
13 19
13 27
14 3
14 5
14 11
14 13
14 23
15 24
15 25
16 3
16 7
16 10
16 12
16 17
16 19
16 21
16 26
17 1
17 6
17 12
17 22
18 6
18 10
18 21
18 30
19 2
19 10
19 14
19 24
20 5
20 11
20 30
21 9
21 16
22 16
22 24
23 5
23 13
23 21
23 25
23 28
24 4
24 18
24 27
25 23
26 19
26 22
26 25
27 1
27 7
27 15
27 16
28 1
28 8
28 29
28 31
29 3
29 12
29 28
29 30
30 5
30 10
31 20
Loss 0 0 0 0 0 0 0 0 0 0 0 0 0 63 0 0 0 88 0 0 0 0 0 0 0 54 0 0 29 0 0 
