64 <--# of nodes, 412 edges
1 5
1 20
1 27
1 45
1 54
2 5
2 14
2 20
2 40
2 53
2 62
3 15
3 24
3 40
3 43
3 47
4 2
4 10
4 17
4 42
4 43
4 55
4 58
5 32
5 36
5 56
6 4
6 12
6 20
6 24
6 28
6 30
6 35
6 59
6 61
7 14
7 35
7 41
8 9
8 16
8 37
8 44
8 51
8 61
9 6
9 24
9 45
9 47
9 50
9 53
9 56
10 12
10 24
10 25
11 41
12 8
12 20
12 23
12 24
12 31
12 42
12 45
13 2
13 4
13 10
13 12
13 20
13 21
13 22
13 28
13 44
13 47
13 62
14 17
14 28
15 20
15 33
15 35
15 48
15 61
16 22
16 23
16 28
16 49
16 59
17 4
17 12
17 15
17 39
17 41
17 46
17 53
18 41
18 57
19 9
19 14
19 45
19 58
20 5
20 9
20 15
20 18
20 26
20 30
20 62
21 3
21 4
21 9
21 10
21 20
21 26
21 30
21 37
21 38
21 41
21 49
22 1
22 19
22 23
22 37
22 38
22 39
22 42
22 51
22 61
23 7
23 20
23 47
23 48
23 62
24 8
24 9
24 14
24 20
24 23
24 38
24 49
24 56
24 59
25 1
25 14
25 36
25 37
25 42
25 44
25 47
25 53
26 4
26 20
26 29
26 37
26 44
26 57
27 25
27 30
27 34
27 43
27 44
27 51
27 54
27 59
28 13
28 15
28 21
28 39
28 49
28 55
28 57
28 62
29 2
29 6
29 12
29 14
29 22
29 28
29 46
29 47
30 9
30 41
30 54
30 59
30 64
31 1
31 5
31 7
31 14
31 17
31 38
31 43
31 48
31 60
31 63
31 64
32 12
32 19
32 21
32 24
33 20
33 21
33 26
33 55
33 57
33 61
34 61
34 62
35 10
36 6
36 9
36 10
36 18
36 55
36 62
37 7
37 20
37 22
37 33
37 40
37 49
37 60
38 5
38 15
38 23
38 25
38 47
38 50
38 56
38 63
39 14
39 15
39 22
39 41
39 45
39 48
39 59
39 63
40 10
40 11
40 16
40 21
40 22
40 23
40 27
40 38
40 55
41 20
41 29
41 37
41 49
41 51
41 61
42 40
42 49
42 56
42 61
43 4
43 6
43 12
43 42
43 52
43 59
43 60
43 64
44 2
44 11
44 14
44 17
44 33
44 34
44 43
44 51
44 60
45 8
45 9
45 13
45 20
45 28
45 30
45 34
45 40
45 44
45 56
45 58
45 61
45 63
45 64
46 4
46 19
46 32
46 40
46 53
46 55
46 59
46 62
47 1
47 2
47 3
47 6
47 15
47 24
47 35
47 37
48 15
48 16
48 52
49 1
49 2
49 5
49 10
49 22
49 23
49 25
49 26
49 37
49 43
49 47
49 62
50 15
50 39
50 45
50 48
51 6
51 13
51 20
51 28
51 40
51 44
51 46
51 47
51 63
52 12
52 24
52 28
52 32
52 43
53 5
53 30
53 33
53 36
53 41
53 43
53 50
53 56
53 57
53 58
53 63
53 64
54 1
54 25
54 29
54 30
54 41
55 15
55 17
55 21
55 28
55 29
55 33
55 34
55 49
55 56
56 1
56 16
56 17
56 25
56 37
56 39
56 49
56 62
56 63
57 17
57 35
57 61
58 6
58 13
58 25
58 26
58 29
58 34
58 39
59 20
59 24
59 48
59 49
59 54
59 63
60 16
60 34
60 44
60 55
61 5
61 46
61 47
61 57
61 60
62 2
62 3
62 4
62 5
62 7
62 10
62 60
63 4
63 11
63 56
64 1
64 5
64 6
64 14
64 22
64 35
64 40
64 56
Loss 0 0 0 26 58 0 54 0 0 0 0 0 61 0 0 0 0 0 94 10 0 0 0 0 0 0 0 0 0 0 0 45 40 0 7 0 0 0 20 62 0 0 0 0 0 0 0 0 0 0 0 35 0 43 0 49 0 0 0 0 12 0 0 0 
