45 <--# of nodes, 188 edges
1 4
1 7
1 44
2 3
2 7
2 13
2 18
2 36
2 43
3 1
3 8
3 17
3 22
3 43
4 15
4 19
4 28
4 34
4 39
5 10
5 11
5 28
5 32
5 40
5 42
5 44
6 31
6 33
6 34
6 38
6 44
7 6
7 25
7 36
7 39
7 45
8 12
8 17
9 8
10 7
10 12
10 15
10 20
10 27
11 16
12 5
12 13
12 21
12 29
12 39
12 40
13 2
13 4
13 19
13 23
13 33
13 35
13 37
13 42
13 44
14 3
14 4
14 8
14 9
14 16
14 23
14 28
15 13
15 34
15 39
16 5
16 30
17 9
17 16
17 24
17 27
17 31
17 32
17 44
18 4
18 5
18 9
18 11
18 14
18 23
18 28
18 38
18 43
19 1
19 13
19 38
19 40
19 44
19 45
20 12
20 25
20 28
20 36
20 40
21 11
21 13
21 25
21 28
21 33
21 44
22 6
22 14
22 19
22 25
22 33
22 43
23 3
23 9
23 12
23 14
24 28
25 22
26 14
26 19
26 45
27 2
27 13
27 24
27 32
27 40
28 2
28 11
28 14
28 34
28 38
29 22
29 30
29 36
30 26
30 39
30 40
30 43
31 5
31 19
33 5
33 41
33 43
33 44
34 2
34 14
34 21
34 23
34 24
34 38
34 40
35 3
35 24
35 28
36 12
36 20
36 41
37 8
38 21
38 29
38 32
39 8
39 13
39 14
39 19
39 25
39 37
39 40
40 17
41 2
41 21
41 29
41 33
42 9
42 13
42 14
42 18
42 45
43 16
43 30
44 1
44 7
44 32
44 40
45 6
45 9
45 20
45 26
45 36
Loss 0 0 0 0 0 0 0 0 0 0 0 0 0 0 40 0 0 0 0 0 0 0 0 50 0 0 0 4 0 0 0 44 0 0 0 0 0 0 95 0 0 74 0 47 0 
