48 <--# of nodes, 216 edges
1 12
1 25
1 46
2 1
2 7
2 12
2 15
2 19
2 32
2 35
3 8
3 42
3 44
4 12
4 40
4 43
5 2
5 8
5 16
5 23
5 25
5 29
5 43
6 29
6 32
7 6
7 9
7 15
7 17
7 22
7 36
8 7
8 19
8 43
9 14
9 16
9 20
9 26
9 28
9 34
9 35
9 41
9 44
10 12
10 20
10 28
10 36
10 38
11 2
11 12
11 14
11 39
11 44
12 8
12 10
12 14
12 34
12 40
12 41
12 43
12 46
13 1
13 4
13 37
13 38
14 19
14 22
14 24
14 31
14 42
15 21
15 36
16 2
16 10
16 19
16 25
16 42
16 43
17 7
17 33
17 38
18 8
18 10
18 29
18 48
19 2
19 40
19 48
20 29
20 33
21 7
21 31
21 36
22 23
22 33
22 46
23 1
23 3
23 16
23 47
24 14
24 18
24 26
24 30
24 48
25 9
25 10
25 16
25 17
25 38
25 48
26 14
26 40
26 45
27 6
27 29
27 30
27 34
28 5
28 10
28 12
28 26
28 29
28 42
29 2
29 18
29 27
29 45
29 47
30 12
30 17
30 37
30 44
31 17
31 21
31 27
31 34
31 36
32 18
32 23
32 26
32 31
32 34
32 38
32 44
33 9
33 20
33 39
33 43
34 1
34 5
34 21
34 26
34 28
34 30
34 42
35 5
35 24
35 47
36 4
36 8
36 22
36 23
36 37
36 38
36 48
37 33
38 2
38 3
38 41
39 17
39 19
39 42
40 6
40 7
40 14
40 34
40 43
40 47
41 14
41 24
41 44
42 5
42 8
42 17
42 23
42 36
42 44
43 9
43 37
44 5
44 23
44 34
44 39
45 2
45 23
45 31
45 38
45 40
46 2
46 4
46 21
46 24
46 41
46 48
47 11
47 16
47 21
47 31
47 37
47 46
48 1
48 21
48 25
48 33
48 42
Loss 0 0 0 0 0 0 0 0 0 0 0 95 0 0 0 0 0 0 0 0 71 0 0 0 0 0 0 0 0 0 0 45 0 90 0 0 0 0 0 0 0 0 0 0 0 0 0 0 
