58 <--# of nodes, 307 edges
1 23
1 56
3 12
3 19
3 32
3 35
3 41
4 5
4 8
4 14
4 17
4 38
4 49
4 55
5 3
6 12
6 37
6 47
7 29
7 33
7 39
7 41
7 43
7 50
7 54
8 6
8 12
8 17
8 26
8 44
8 47
8 50
9 3
9 4
9 8
9 11
9 13
9 23
9 56
10 11
10 17
10 46
10 49
10 58
11 1
11 2
11 7
11 20
11 52
12 1
12 2
12 4
12 18
12 20
12 21
12 28
12 37
12 54
12 56
12 57
13 32
13 40
13 42
13 43
13 55
14 10
14 44
15 1
15 9
15 18
15 33
15 39
15 41
15 53
16 3
16 22
16 28
16 40
16 53
17 3
17 56
18 25
18 55
19 4
19 9
19 18
19 30
19 36
19 52
19 54
20 3
20 8
20 13
20 17
20 49
21 9
21 13
21 23
21 26
21 28
21 29
21 40
21 43
21 45
21 51
22 11
22 24
22 25
22 26
22 38
22 43
23 30
23 45
23 52
24 1
24 12
24 18
24 27
24 29
24 46
25 11
25 20
25 24
25 39
25 43
25 51
26 1
26 6
26 24
26 39
26 45
27 4
27 23
27 33
27 45
27 49
28 16
28 39
28 43
28 44
28 46
29 18
29 25
29 26
29 41
29 45
29 58
30 5
30 8
30 43
30 57
31 12
31 40
31 46
32 2
32 35
32 39
32 55
32 57
33 16
33 35
33 52
34 15
34 17
34 32
34 51
35 6
35 14
35 15
35 24
35 32
35 51
36 12
36 21
37 7
37 13
37 17
37 22
38 9
38 12
38 14
38 32
38 50
38 58
39 1
39 37
39 50
39 54
39 56
40 6
40 7
40 18
40 35
41 2
41 25
41 30
41 49
41 55
42 1
42 6
42 19
42 24
42 30
42 38
42 45
42 52
42 55
42 57
43 25
43 27
43 55
44 6
44 40
45 2
45 4
45 10
45 11
45 17
45 27
45 38
45 39
45 46
45 51
46 6
46 7
46 13
46 16
46 17
46 38
46 47
46 55
47 17
47 30
47 35
47 52
47 53
47 57
48 8
48 13
48 30
48 43
48 47
49 10
49 15
49 29
49 53
50 15
50 16
50 17
50 22
50 29
50 31
50 43
50 45
51 2
51 11
51 12
51 16
51 25
51 28
51 34
51 35
51 54
52 9
52 30
52 31
52 33
52 35
52 45
52 57
53 6
53 14
53 17
53 41
53 43
54 41
54 52
55 4
55 10
55 17
55 21
55 23
55 25
55 29
55 44
55 51
55 53
56 11
56 16
56 27
56 28
56 45
56 48
57 9
57 14
57 17
57 26
57 30
57 33
57 58
58 8
58 20
58 28
58 29
58 38
58 47
58 48
Loss 0 0 0 0 66 0 0 62 0 71 0 0 91 15 57 0 0 0 0 0 0 0 14 0 0 0 36 0 0 0 0 0 0 0 0 68 73 54 0 0 0 0 0 0 0 0 0 0 0 43 0 0 0 0 31 0 0 0 
