26 <--# of nodes, 82 edges
1 9
1 20
1 24
1 25
2 11
2 15
3 16
3 23
4 13
4 17
4 22
4 24
5 8
5 22
6 7
6 13
7 2
7 17
8 6
8 10
8 23
9 6
9 22
9 25
10 7
10 12
10 13
10 14
11 2
11 14
11 18
11 21
11 24
11 25
12 6
12 7
12 21
13 3
13 7
13 15
14 6
15 2
15 4
15 7
15 9
15 23
16 5
16 8
16 9
16 21
16 24
16 26
17 6
17 14
17 22
18 2
18 17
19 10
20 23
21 1
21 8
21 23
21 24
22 1
22 4
22 10
22 12
22 18
22 26
23 14
23 17
23 21
24 4
24 9
24 10
24 18
25 7
25 13
26 8
26 14
26 15
26 19
Loss 0 0 0 0 0 92 0 0 20 37 0 0 69 0 0 0 0 0 16 0 0 0 0 0 0 0 
