44 <--# of nodes, 206 edges
1 2
1 30
2 6
2 10
2 25
2 29
2 34
3 4
3 14
3 23
3 35
4 16
4 18
4 32
5 4
5 7
5 9
5 16
5 19
5 20
5 34
5 42
6 3
6 7
6 13
6 20
6 22
6 39
6 43
7 5
7 6
7 8
7 12
7 19
7 21
8 1
8 19
8 34
9 1
9 19
9 25
9 40
10 4
10 5
10 11
10 20
10 27
10 43
11 1
11 27
12 10
12 19
12 26
12 33
12 37
13 11
13 12
13 15
14 7
14 8
14 12
14 13
14 23
14 27
14 41
14 43
15 4
15 5
15 6
15 16
15 23
15 26
15 28
15 43
16 1
16 5
16 17
16 38
17 1
17 19
17 20
17 22
17 28
17 40
18 23
18 25
18 30
18 32
18 37
19 6
19 11
19 12
19 16
19 25
19 43
20 4
20 16
21 25
22 1
22 8
22 11
22 13
22 17
22 34
23 27
23 42
24 11
24 12
24 23
24 29
24 31
24 43
25 1
25 7
25 13
25 22
25 23
25 35
25 36
25 38
25 41
26 5
26 35
27 1
27 5
28 3
28 5
28 11
28 26
28 31
28 32
29 2
29 8
29 13
29 23
30 10
30 29
30 36
30 41
31 3
31 10
31 32
32 13
32 31
33 2
33 7
33 13
33 14
33 31
33 42
34 24
34 29
34 36
35 3
35 10
35 14
35 21
35 41
36 3
36 4
36 11
36 27
37 3
37 35
37 38
37 39
38 6
38 21
38 23
38 24
38 43
38 44
39 2
39 25
39 27
39 28
39 42
40 5
40 11
40 26
40 32
41 5
41 6
41 8
41 18
41 26
41 29
41 37
41 42
42 3
42 8
42 13
42 23
42 28
42 31
42 39
42 43
42 44
43 5
43 13
43 14
43 27
43 29
44 13
44 34
44 39
Loss 0 0 0 0 0 0 0 14 0 0 0 0 0 98 0 0 0 18 0 0 98 0 75 0 0 73 0 29 86 0 53 0 0 0 0 0 0 60 0 0 31 0 0 0 
