62 <--# of nodes, 370 edges
1 14
1 33
1 39
1 44
2 6
2 26
2 37
2 42
2 49
2 52
3 12
3 21
3 34
3 51
3 55
4 2
4 21
4 42
5 17
5 36
5 46
5 54
6 7
6 9
6 12
6 20
6 26
6 27
6 44
6 50
6 60
7 1
7 9
7 12
7 27
7 33
7 52
7 56
8 3
8 7
8 13
8 16
8 38
8 44
8 47
8 53
8 61
9 11
9 12
9 13
9 25
9 34
9 41
9 42
9 53
10 5
10 29
10 35
10 37
10 48
10 51
11 2
11 10
11 22
11 39
11 49
12 33
12 39
12 47
12 52
12 60
13 4
13 5
13 17
13 22
13 26
13 38
13 39
13 40
13 50
13 54
14 2
14 4
14 15
14 25
14 31
14 49
14 59
14 62
15 10
15 21
15 36
15 57
16 5
16 11
16 33
17 31
17 42
18 9
18 14
18 19
18 42
18 44
18 45
18 51
18 62
19 5
19 9
19 18
19 27
19 28
19 32
19 43
19 53
19 60
20 12
20 17
20 18
20 44
21 13
21 20
21 33
21 49
21 60
22 21
22 25
22 38
22 44
22 46
22 49
22 61
23 6
23 29
23 31
23 38
24 7
24 13
24 15
24 23
24 28
24 52
24 62
25 18
25 23
25 31
25 36
26 4
26 7
26 11
26 17
26 19
26 25
26 31
26 40
26 55
26 56
26 61
27 2
27 15
27 20
27 29
27 36
27 43
27 55
28 3
28 61
29 1
29 9
29 16
29 23
29 34
29 59
30 1
30 16
30 19
30 24
30 26
30 29
30 37
31 2
31 5
31 10
31 33
31 37
31 40
31 42
31 55
31 60
32 2
32 15
32 16
32 20
32 27
32 29
32 35
32 47
32 48
32 51
32 55
32 58
33 23
33 24
33 40
33 41
33 42
33 52
33 56
33 57
34 2
34 23
34 25
34 39
34 55
34 57
35 5
35 17
35 22
35 29
35 33
35 34
35 62
36 19
36 30
36 31
36 41
36 50
36 56
37 8
37 13
37 18
37 20
37 21
37 31
37 38
37 45
37 54
37 62
38 4
38 23
38 29
38 50
38 51
39 6
39 27
39 30
39 37
39 41
39 59
40 15
40 33
40 48
40 61
41 29
41 39
42 9
42 16
42 28
42 33
42 40
42 53
42 54
43 9
43 10
43 27
43 36
44 11
44 34
44 36
44 39
44 53
45 18
45 19
45 36
45 52
45 53
45 59
46 5
46 13
46 20
46 26
46 47
46 48
46 58
47 2
47 18
47 21
47 25
47 26
47 29
47 39
47 45
48 15
48 18
48 19
48 21
48 40
48 44
49 5
49 17
50 19
50 27
50 28
50 31
50 35
50 55
50 56
50 58
51 1
51 4
51 12
51 32
51 35
51 36
52 9
52 10
52 16
52 19
52 25
52 30
52 32
52 35
52 42
52 43
52 58
53 23
53 55
54 1
54 6
54 8
54 47
54 59
55 6
55 39
56 33
56 41
56 52
56 55
57 3
57 14
57 15
57 41
57 47
57 55
57 56
58 7
58 13
58 24
58 26
58 31
58 32
58 45
58 47
58 50
58 51
59 2
59 13
59 35
59 60
60 5
60 31
60 36
60 57
61 6
61 19
61 21
62 10
62 31
62 34
62 39
62 61
Loss 0 0 0 0 0 0 0 0 0 0 80 0 0 0 0 0 0 33 92 0 0 0 63 0 99 32 85 0 13 0 0 0 0 0 0 0 0 0 0 0 0 0 0 83 6 0 0 0 0 0 0 0 0 0 61 0 0 0 0 0 0 0 
