61 <--# of nodes, 357 edges
1 4
1 6
1 29
1 39
1 41
1 49
1 51
2 16
2 22
2 31
2 49
2 51
3 10
3 13
3 18
3 20
3 31
3 32
3 42
3 43
3 56
3 58
3 61
4 1
4 10
4 17
4 18
4 40
4 43
4 58
5 7
5 10
5 20
5 21
5 33
5 47
5 56
6 13
6 18
6 23
6 27
6 38
6 56
7 4
7 8
7 10
7 27
7 44
8 2
8 7
8 9
8 13
8 16
8 18
8 32
8 44
8 46
8 50
8 52
9 29
9 38
9 39
9 50
10 11
10 17
10 32
10 42
10 60
11 8
11 12
11 22
11 37
11 38
11 46
11 47
11 49
11 52
11 53
12 5
12 10
12 15
12 27
12 59
12 60
13 21
13 25
13 35
13 56
14 10
14 30
14 34
14 48
14 59
15 2
15 3
15 8
15 16
15 20
15 23
15 27
15 30
15 32
15 60
16 22
16 38
16 43
16 51
16 53
16 59
17 18
17 52
17 57
17 58
18 14
18 24
18 29
18 42
18 49
18 50
18 55
19 1
19 16
19 42
19 47
19 55
19 61
20 6
20 28
20 31
20 37
20 51
20 56
20 58
20 60
21 1
21 3
21 5
21 9
21 13
21 54
21 56
22 7
22 45
22 47
22 54
23 7
23 10
23 30
23 49
23 55
24 1
24 11
24 19
25 3
25 15
25 16
25 17
25 28
25 46
25 59
26 15
26 17
26 21
26 33
26 39
26 44
26 47
26 53
27 25
27 31
27 32
27 33
27 37
27 44
27 53
28 3
28 21
28 31
28 59
28 61
29 27
29 38
29 39
30 4
30 19
30 29
30 31
30 35
30 41
30 51
30 53
30 57
31 4
31 12
31 17
31 24
31 25
31 36
31 53
32 6
32 12
32 14
32 19
33 16
33 19
33 27
33 31
33 57
34 7
34 15
34 21
34 28
34 36
34 39
34 47
34 48
34 57
35 3
35 12
35 14
35 26
35 32
35 41
35 55
36 14
36 30
36 50
37 20
37 35
37 38
38 13
39 6
39 21
39 40
39 50
40 12
40 14
40 19
40 38
40 42
41 4
41 9
41 49
41 59
42 2
42 3
42 20
42 25
42 26
42 27
42 49
42 50
42 58
43 1
43 6
43 13
43 16
43 22
43 26
43 34
43 41
43 49
43 61
44 6
44 26
44 37
44 43
44 49
44 58
45 17
45 31
45 40
45 44
45 57
45 61
46 7
46 11
46 42
46 43
46 45
46 55
46 59
46 61
47 3
47 15
47 19
47 38
47 53
48 2
48 16
48 29
48 32
48 38
48 44
48 46
49 1
49 2
49 9
49 15
49 22
49 28
49 34
49 35
49 46
49 55
49 57
50 11
50 31
50 45
50 47
50 58
51 11
51 36
51 41
51 42
51 45
51 47
51 48
52 24
52 45
53 4
53 35
54 7
54 10
54 14
54 21
54 30
54 47
55 32
55 38
55 52
55 60
56 1
56 15
56 31
56 59
57 19
57 31
57 47
57 51
57 55
58 13
58 14
58 31
58 34
58 38
58 57
59 17
60 21
60 52
60 56
61 2
61 4
61 37
61 43
61 44
61 56
Loss 0 0 0 0 0 0 0 0 0 0 19 0 57 0 25 75 0 0 0 0 54 0 0 44 0 0 0 0 0 0 0 0 0 0 0 0 0 6 96 0 18 84 0 65 5 0 0 0 0 0 0 42 0 0 27 0 0 0 0 0 0 
