56 <--# of nodes, 276 edges
1 15
1 40
1 44
2 26
2 36
2 47
2 51
3 9
3 15
3 18
3 29
3 44
3 54
3 55
4 17
4 27
4 37
4 44
4 55
5 30
5 40
5 46
5 55
6 5
6 12
6 19
6 45
6 46
6 51
6 52
7 1
7 22
7 24
7 36
7 40
7 42
8 1
8 9
8 43
8 56
9 12
9 22
9 32
9 36
10 17
10 24
10 36
10 42
10 50
11 14
11 32
11 33
11 35
11 44
11 53
11 55
12 8
12 11
12 22
12 23
12 27
12 30
13 5
13 27
13 33
13 35
13 53
14 44
15 2
15 9
15 19
15 20
15 21
15 40
15 47
15 49
16 19
16 23
16 40
16 56
17 6
17 7
17 12
17 36
17 54
18 8
18 19
19 4
19 22
19 27
19 36
19 38
20 41
20 45
21 20
21 34
21 38
22 13
22 18
22 30
22 38
23 14
23 18
23 43
23 53
24 7
24 25
24 54
25 2
25 10
25 31
25 40
26 1
26 6
27 3
27 4
27 23
27 29
27 32
28 5
28 20
28 32
28 53
29 3
29 7
29 8
29 14
29 16
29 35
29 36
30 7
30 27
30 38
30 40
31 7
31 25
31 36
31 44
31 54
32 1
32 10
32 17
32 20
32 47
33 1
33 9
33 10
33 20
33 47
33 49
34 7
34 11
34 13
35 22
35 41
35 51
36 24
36 32
36 34
36 37
36 41
36 56
37 5
37 24
37 30
37 32
37 34
37 42
38 7
38 14
38 52
39 6
39 17
39 19
39 25
39 38
39 48
39 55
40 13
40 28
40 32
40 33
41 8
41 20
41 27
41 35
41 39
41 43
41 44
41 50
41 54
42 1
42 7
42 10
42 16
42 17
42 41
42 47
43 23
43 31
43 35
43 44
43 50
44 5
44 27
44 34
45 7
45 17
45 25
45 31
45 32
45 35
45 39
46 2
46 6
46 11
46 23
46 33
46 41
46 44
46 47
46 54
47 40
47 43
48 1
48 5
48 15
48 27
48 28
48 54
49 1
49 9
49 10
49 15
49 23
49 26
49 31
49 55
50 3
50 7
50 12
50 27
50 34
50 49
50 53
50 55
51 26
51 43
52 1
52 12
52 13
52 31
52 45
52 47
53 7
53 12
53 15
53 32
53 46
54 5
54 15
54 29
54 39
54 46
54 53
55 6
55 25
55 34
55 37
55 42
55 47
56 1
56 3
56 15
56 26
56 41
Loss 0 0 59 54 0 0 0 0 0 97 0 0 0 0 0 7 0 0 0 82 0 0 0 0 0 0 0 0 22 0 41 0 0 0 0 0 0 0 0 0 57 0 0 20 0 0 0 0 0 0 0 0 0 0 0 0 
