33 <--# of nodes, 92 edges
1 11
1 13
1 15
1 29
2 6
2 21
2 27
3 9
3 21
3 23
3 29
3 30
4 17
4 32
5 1
5 2
5 8
5 22
5 31
6 3
6 4
6 10
6 22
6 25
7 22
8 20
8 30
10 14
11 18
12 2
12 23
13 3
13 11
13 16
13 26
13 32
15 1
15 8
15 32
16 4
16 11
16 25
17 15
17 25
18 13
18 16
18 22
19 10
19 21
19 24
19 25
19 33
20 10
21 15
21 29
22 1
22 32
23 8
23 10
23 19
23 27
23 29
24 1
25 3
25 17
25 22
26 22
26 32
27 5
27 11
27 14
27 24
27 31
28 7
28 11
28 13
28 17
29 4
29 6
29 16
29 19
29 22
29 31
30 19
31 6
31 29
32 5
32 19
33 3
33 4
33 21
33 23
Loss 0 0 0 0 27 88 79 0 0 0 35 0 0 0 0 0 0 0 0 0 0 0 0 0 0 51 0 0 0 87 0 0 0 
