50 <--# of nodes, 258 edges
1 6
1 12
1 18
1 44
1 48
2 3
2 9
2 13
2 31
2 40
2 41
2 48
3 2
3 6
3 13
3 14
3 23
4 6
4 34
4 39
5 26
5 35
5 38
5 40
6 4
6 9
6 13
6 32
6 39
6 42
7 5
7 9
7 13
7 14
7 16
7 18
7 20
7 27
7 31
7 37
7 40
7 41
8 1
8 6
8 20
8 26
9 8
9 19
9 22
9 32
9 43
9 46
10 4
10 5
10 9
10 19
10 27
10 34
10 36
10 47
11 30
11 39
12 5
12 22
12 39
13 1
13 16
13 29
13 30
13 32
13 36
13 47
14 12
14 42
14 47
15 6
15 8
15 21
15 27
15 30
15 36
15 48
16 15
16 24
16 27
16 45
16 50
17 11
17 14
17 23
17 33
17 45
17 48
17 50
18 3
18 7
18 8
18 10
18 19
18 34
18 44
19 7
19 15
19 23
19 33
19 37
19 38
20 2
20 17
20 22
20 26
20 40
20 48
21 3
21 7
21 25
21 39
21 46
22 16
22 28
22 33
22 37
22 40
22 41
23 1
23 8
23 17
23 24
24 5
24 6
24 13
24 16
24 19
24 41
24 45
25 1
25 20
26 1
26 29
26 43
26 50
27 1
27 50
28 16
28 29
28 37
29 43
29 49
30 5
30 14
30 17
30 19
30 23
30 48
30 49
31 7
31 19
31 21
31 33
31 36
31 42
31 43
32 5
32 7
32 20
32 36
32 38
32 39
32 41
32 46
32 47
33 16
33 18
33 36
34 27
34 46
35 15
35 42
36 3
36 9
36 22
36 25
36 48
37 27
37 28
37 32
37 43
38 3
38 7
38 18
38 36
38 43
39 5
39 8
39 18
39 19
39 24
39 26
39 28
39 36
40 4
40 33
40 47
41 8
41 16
41 20
41 22
41 37
41 43
42 6
42 7
42 27
42 29
42 46
43 3
43 5
44 7
44 8
44 15
44 17
44 24
44 38
44 47
45 3
45 10
45 16
45 26
45 48
46 11
46 23
46 26
46 27
46 37
47 3
47 5
47 8
47 12
47 23
47 29
48 11
48 12
48 23
48 45
49 3
49 10
49 22
49 37
49 38
49 39
49 42
49 45
50 4
50 11
50 13
50 17
50 27
50 40
50 46
Loss 0 21 0 0 0 0 0 0 0 0 0 0 51 0 38 0 76 0 0 0 0 0 71 0 0 0 0 0 0 0 0 88 0 0 0 0 0 0 0 47 0 0 0 8 0 38 0 0 0 15 
