70 <--# of nodes, 467 edges
1 9
1 16
1 32
1 50
1 68
1 70
2 7
2 28
2 30
2 45
2 54
2 68
2 69
3 11
3 15
3 24
3 36
3 50
3 60
4 11
4 18
4 22
4 25
4 26
4 61
4 67
5 10
5 11
5 18
5 26
5 30
5 45
5 50
5 55
5 59
5 60
6 2
6 11
6 31
6 68
6 69
6 70
7 9
7 15
7 22
7 47
7 51
7 68
8 14
8 15
8 17
8 27
8 39
8 40
8 54
9 4
9 15
9 18
9 34
9 38
9 60
10 9
10 19
10 22
10 25
10 34
10 36
10 43
10 53
10 59
10 60
10 61
10 66
11 31
11 33
11 37
11 41
11 44
11 63
11 67
12 9
12 10
12 17
12 32
12 44
12 49
12 51
12 59
12 65
13 6
13 17
13 21
13 28
13 29
13 49
13 62
13 65
13 67
14 22
14 31
14 57
14 65
15 2
15 17
15 44
15 61
15 68
16 12
16 51
16 64
17 2
17 8
17 33
17 34
17 49
17 54
17 57
17 63
18 2
18 13
18 17
18 22
18 24
18 39
18 45
18 47
18 63
19 47
19 59
20 6
20 12
20 29
20 49
20 50
20 53
20 56
21 2
21 19
21 23
21 28
21 60
22 15
22 16
22 21
22 27
22 30
22 61
23 28
23 30
23 31
23 38
23 44
23 65
23 70
24 3
24 11
24 33
24 63
24 69
25 4
25 24
25 29
25 41
25 55
25 59
25 67
26 12
26 23
26 29
26 42
26 48
26 49
26 60
26 65
27 17
27 33
27 65
27 68
28 5
28 16
28 21
28 52
29 7
29 13
29 38
29 49
29 54
29 69
30 20
30 28
30 46
30 47
30 62
31 4
31 19
31 28
31 32
31 45
31 48
31 50
32 2
32 3
32 6
32 19
32 38
32 69
33 13
33 44
34 23
34 52
34 60
35 15
35 18
35 28
35 33
35 34
35 44
35 51
35 57
36 10
36 18
36 49
36 54
36 69
37 5
37 6
37 11
37 16
37 17
37 25
37 39
37 61
37 64
37 69
38 34
38 44
38 47
38 55
38 69
39 8
39 30
39 31
39 48
39 53
40 19
40 22
40 29
40 42
40 47
40 69
41 2
41 10
41 16
41 17
41 22
41 29
41 30
41 31
41 34
41 43
41 48
42 25
42 28
42 34
42 48
42 50
42 55
42 57
42 66
43 10
43 17
43 31
43 40
43 42
43 58
43 65
44 2
44 4
44 35
44 42
44 62
45 20
45 22
45 33
45 53
45 55
45 66
46 37
46 41
46 57
46 58
47 4
47 8
47 27
47 30
47 37
47 39
47 50
47 56
48 7
48 36
48 50
48 65
49 24
49 30
49 51
50 2
50 34
51 3
51 13
51 15
51 29
51 31
51 34
51 42
51 47
51 56
51 63
52 2
52 19
52 20
52 24
52 26
52 34
52 37
52 45
52 49
52 54
52 66
53 8
53 10
53 13
53 20
53 32
53 37
53 68
54 6
54 7
54 8
54 15
54 16
54 23
54 55
55 5
55 8
55 9
55 10
55 40
55 51
55 56
56 11
56 17
56 40
57 1
57 42
57 45
57 60
57 63
58 3
58 11
58 14
58 22
58 25
58 45
58 52
58 53
59 9
59 12
59 13
59 23
59 26
59 28
59 30
59 31
59 34
59 40
59 43
59 55
59 64
59 66
59 68
60 33
60 52
60 56
61 2
61 4
61 33
61 37
61 60
61 63
61 69
62 6
62 20
62 28
62 32
62 35
62 40
62 56
62 59
62 61
62 68
62 69
62 70
63 7
63 15
63 19
63 23
63 33
63 35
63 49
63 64
63 68
63 69
64 2
64 35
64 37
64 55
65 3
65 16
65 33
65 34
65 44
65 48
65 63
65 69
66 1
66 18
66 30
66 40
66 43
66 52
66 59
66 61
66 65
66 68
67 9
67 20
67 22
67 39
67 46
67 51
67 54
67 61
67 64
68 7
68 17
68 19
68 31
68 54
68 60
69 4
69 27
69 29
69 30
69 38
69 39
69 45
69 47
69 49
69 50
69 61
70 22
70 46
70 48
70 53
70 68
70 69
Loss 0 0 0 0 0 0 0 28 94 0 0 7 69 0 0 0 0 0 0 0 0 0 27 0 0 0 0 84 38 34 0 0 63 0 65 0 0 0 0 5 0 0 8 0 0 0 75 0 0 0 0 0 0 0 0 0 0 0 0 0 0 11 2 0 55 0 0 0 0 0 
