59 <--# of nodes, 371 edges
1 4
1 7
1 26
1 35
1 43
2 21
2 28
2 35
2 42
2 46
3 11
3 21
3 22
3 28
3 46
4 10
4 14
4 16
4 22
4 31
4 33
4 48
4 51
4 52
5 3
5 13
5 14
5 38
5 46
5 51
6 10
6 15
6 16
6 39
6 59
7 5
7 11
7 17
7 19
7 29
7 46
7 56
7 58
8 1
8 11
8 17
8 20
8 32
8 46
9 2
9 3
9 8
9 11
9 28
9 29
9 31
9 32
9 36
9 49
10 5
10 15
10 18
10 28
10 29
10 37
10 40
10 43
10 54
10 57
11 3
11 18
11 24
11 45
11 55
12 1
12 6
12 13
12 18
12 45
12 46
12 48
12 52
13 22
13 26
13 29
13 35
13 54
13 55
13 59
14 8
14 11
14 28
14 43
14 51
15 11
15 19
15 27
15 44
15 49
15 51
15 52
16 5
16 8
16 13
16 14
16 22
16 25
16 28
17 5
17 8
17 9
17 13
17 20
17 32
17 35
17 38
17 58
18 4
18 8
18 21
18 31
18 38
18 39
18 51
18 52
18 58
19 41
19 50
20 25
20 46
21 26
21 30
21 32
21 34
21 47
22 2
22 9
22 10
22 11
22 21
22 26
22 41
22 45
22 47
22 52
22 53
23 3
23 9
23 11
23 17
23 39
23 41
23 45
23 57
24 4
24 11
24 19
24 26
24 31
25 3
25 7
25 15
25 37
25 57
26 7
26 16
26 17
26 51
26 55
26 56
26 59
27 17
27 36
28 11
28 14
28 25
28 41
28 49
28 53
28 56
29 22
29 26
29 50
29 57
30 6
30 12
30 36
30 42
30 48
30 55
31 3
31 5
31 7
31 12
31 23
32 27
32 30
32 33
32 37
32 48
32 49
32 58
33 27
33 39
34 4
34 17
34 21
34 23
34 29
34 30
34 31
34 47
35 3
35 5
35 6
35 16
35 18
35 41
35 46
35 53
36 3
36 11
36 14
36 16
36 29
36 35
36 39
36 45
36 46
36 57
36 59
37 1
37 13
37 26
37 31
37 34
38 2
38 7
38 17
38 23
38 36
38 39
38 45
38 58
39 1
39 14
39 28
39 38
39 56
40 3
40 15
40 17
40 24
40 26
40 36
40 43
41 5
41 20
41 28
41 45
42 40
42 53
42 59
43 2
43 6
43 15
43 23
43 29
43 37
43 40
44 5
44 16
44 20
44 25
44 27
44 35
44 45
44 48
44 59
45 3
45 11
45 13
45 23
45 25
45 28
45 34
45 49
45 54
46 24
46 30
46 50
46 54
47 2
47 10
47 18
47 30
47 49
48 2
48 30
48 42
49 4
49 6
49 17
49 25
49 29
49 54
50 38
50 52
50 54
50 57
51 4
51 19
51 39
51 43
52 4
52 6
52 9
52 23
52 29
52 35
52 42
52 56
53 4
53 8
53 12
53 13
54 2
54 11
54 21
54 30
54 53
54 56
55 3
55 9
55 13
55 17
55 20
55 52
56 9
56 33
56 35
56 36
56 37
56 46
56 50
56 55
57 1
57 5
57 9
57 16
57 24
57 28
57 29
58 8
58 12
58 13
58 20
58 28
58 35
58 36
58 39
58 42
58 49
59 6
59 11
59 13
59 14
59 17
59 20
59 24
59 42
Loss 0 53 36 0 78 0 0 0 0 0 0 0 21 0 37 0 0 0 0 80 0 0 0 2 0 73 69 56 26 57 0 0 62 0 0 0 0 0 0 0 0 0 0 0 0 0 0 0 0 87 0 0 0 0 0 0 54 0 0 
