56 <--# of nodes, 298 edges
1 20
1 27
1 42
2 37
3 20
3 44
3 46
3 55
4 9
4 34
4 38
4 40
5 12
5 15
5 19
5 21
5 44
5 46
5 47
5 50
6 3
6 5
6 25
6 31
6 43
6 48
7 4
7 10
7 17
7 22
7 26
7 29
7 51
7 55
8 5
8 19
8 20
8 47
8 50
8 53
9 6
9 17
9 19
9 35
9 50
9 53
10 1
10 17
10 18
10 19
10 29
10 55
11 2
11 7
11 24
11 25
11 28
11 53
11 56
12 4
12 6
12 13
12 27
12 35
12 37
12 38
12 42
13 7
13 14
13 35
13 43
13 52
14 8
14 10
14 12
14 17
14 30
14 34
14 42
14 56
15 21
16 3
16 15
16 40
16 43
17 8
17 10
17 18
17 38
17 44
17 53
18 5
18 11
18 14
18 17
18 25
18 36
18 45
18 56
19 22
19 27
19 34
19 36
19 51
19 52
20 10
20 33
20 34
20 47
21 29
21 35
21 39
21 40
21 42
22 1
22 13
22 29
23 6
23 13
23 24
23 31
24 1
24 13
24 31
24 40
24 42
24 49
25 2
25 21
25 26
25 37
25 39
25 45
25 52
26 3
26 6
26 18
26 21
26 23
26 24
26 25
26 27
26 29
26 37
26 49
26 51
27 10
27 47
27 54
28 11
28 30
28 39
28 45
28 50
29 5
29 19
29 30
29 45
30 4
30 13
30 18
30 34
30 40
30 44
30 54
31 21
31 25
31 27
31 45
32 21
32 28
32 38
32 49
33 54
34 1
34 20
34 26
34 31
35 14
35 29
35 33
35 48
36 8
36 12
36 18
36 26
36 37
36 38
37 11
37 15
37 23
37 30
37 34
37 41
37 48
38 1
38 34
38 43
38 52
39 12
39 16
39 24
39 33
39 46
39 52
40 5
40 9
40 25
40 28
40 36
40 39
40 46
40 49
40 50
41 38
41 49
41 50
41 53
41 56
42 9
42 20
42 27
42 34
42 39
43 7
43 29
43 47
43 48
44 4
44 9
44 15
44 24
44 34
44 40
44 45
45 6
45 34
45 35
45 42
45 52
45 56
46 33
46 56
47 4
47 6
47 32
47 55
48 3
48 5
48 6
48 9
48 16
48 26
48 42
48 51
49 1
49 15
49 29
50 2
50 9
50 22
50 46
50 56
51 5
51 11
51 12
51 22
51 26
51 34
51 35
51 42
51 45
51 53
52 10
52 31
52 53
53 6
53 22
53 30
53 33
53 39
54 8
54 32
54 38
54 41
54 44
55 13
55 20
55 21
55 29
55 43
56 6
56 10
56 15
56 24
56 34
56 46
56 47
Loss 0 0 0 0 11 0 0 0 91 0 0 52 0 0 0 0 0 0 0 0 0 0 0 0 43 41 84 0 0 0 28 0 0 0 0 0 0 0 0 0 0 0 97 0 0 0 0 32 0 0 70 0 0 0 0 0 
