68 <--# of nodes, 439 edges
1 17
1 24
1 40
1 43
1 45
1 46
2 7
2 14
2 31
2 49
2 62
2 63
3 10
3 16
3 19
3 25
3 33
3 36
3 57
3 60
3 63
3 68
4 10
4 12
4 17
4 38
4 50
5 17
5 50
6 25
6 26
6 43
6 44
6 47
6 56
7 6
7 18
7 64
7 66
7 67
8 2
8 15
8 62
9 30
9 47
9 50
9 52
9 55
9 60
9 66
10 7
10 36
10 48
10 65
11 14
11 21
11 29
11 30
11 31
11 39
11 52
11 58
12 13
12 24
12 26
12 35
12 66
13 5
13 14
13 17
13 23
13 31
13 38
13 45
13 50
13 67
14 1
14 12
14 15
14 21
14 24
14 26
14 27
14 32
14 41
14 51
14 54
14 56
15 17
15 32
15 52
15 57
16 3
16 9
16 41
16 43
16 57
17 1
17 5
17 18
17 45
17 60
17 61
18 39
18 40
18 54
18 57
18 60
19 5
19 8
19 9
19 14
19 22
19 23
19 36
19 52
19 56
19 65
19 68
20 7
20 11
20 27
20 34
20 39
20 50
20 54
21 8
21 11
21 14
21 19
22 5
22 7
22 12
22 34
22 42
22 43
22 47
22 53
22 61
23 1
23 18
23 28
23 33
23 35
23 36
23 47
23 50
23 53
24 9
24 20
24 37
24 44
25 14
25 26
25 30
25 31
25 33
25 38
25 42
25 45
25 47
25 49
26 5
26 21
26 39
26 45
27 2
27 6
27 35
27 50
27 64
28 3
28 15
28 36
28 40
28 41
28 55
29 9
29 36
29 63
29 68
30 6
30 12
30 27
30 47
30 49
30 55
30 61
31 11
31 20
31 32
31 34
31 44
31 45
32 4
32 5
32 6
32 43
33 5
33 19
33 20
33 23
33 26
33 44
33 51
34 4
34 8
34 11
34 38
34 47
34 48
34 59
35 5
35 9
35 11
35 15
35 20
35 31
35 41
35 43
35 50
35 52
35 57
35 63
35 68
36 19
36 35
36 37
36 39
36 43
36 44
37 5
38 7
38 9
38 40
38 43
38 66
39 2
39 7
39 10
39 14
39 41
39 43
39 45
39 53
39 59
39 60
40 7
40 26
40 30
40 35
40 41
40 54
41 7
41 8
41 16
41 34
41 38
41 43
41 50
41 56
42 32
42 37
42 38
42 49
42 52
42 54
42 55
43 6
43 30
43 34
43 49
43 50
43 52
43 66
44 8
44 15
44 23
44 46
44 50
44 68
45 28
45 30
45 41
45 42
45 43
45 63
46 7
46 11
46 31
46 43
46 61
47 13
47 16
47 24
47 37
47 51
48 14
48 16
48 21
48 29
48 32
48 52
48 64
49 12
49 24
49 30
49 35
49 57
49 61
49 67
50 8
50 22
50 24
50 32
50 45
50 51
50 59
50 64
51 7
51 8
51 21
51 24
51 35
51 44
51 49
51 65
52 4
52 10
52 12
52 15
52 19
52 29
52 51
52 57
53 4
53 9
53 14
53 22
53 28
53 51
53 66
53 68
54 3
54 15
54 33
54 38
54 52
54 55
54 59
55 15
55 24
55 28
55 31
55 35
56 4
56 15
56 30
56 38
56 45
57 7
57 12
57 19
57 25
57 50
58 9
58 13
58 19
58 34
58 40
58 48
59 10
59 16
59 23
59 44
59 46
59 53
59 55
59 58
60 7
61 14
61 15
61 36
61 49
61 68
62 9
62 30
62 35
62 40
62 46
62 47
62 56
62 61
63 2
63 6
63 10
63 16
63 21
63 22
63 36
63 38
63 39
63 48
64 5
64 13
64 24
64 34
64 50
64 55
64 58
64 59
65 24
65 33
66 3
66 6
66 8
66 14
66 20
66 25
66 32
66 44
66 47
67 8
67 11
67 13
67 28
67 29
67 36
67 45
67 55
67 57
67 60
68 1
68 31
68 40
68 42
68 54
68 58
68 61
Loss 0 0 0 0 68 0 0 43 0 0 0 0 0 8 0 0 0 0 34 0 0 0 0 0 25 0 0 0 0 0 0 0 0 0 0 0 19 0 51 0 0 0 0 0 0 0 27 0 0 0 0 0 0 0 0 0 33 0 0 0 71 0 0 0 0 0 0 0 
