67 <--# of nodes, 452 edges
1 18
1 22
1 29
1 35
1 42
1 45
1 59
1 65
2 1
2 16
2 36
2 44
2 45
2 46
2 51
2 52
2 59
2 63
3 30
3 32
3 43
3 44
3 54
3 59
4 10
4 21
4 31
4 32
4 44
4 48
4 49
4 57
4 62
5 3
5 9
5 60
5 61
6 13
6 36
6 38
6 47
6 55
7 1
7 5
7 16
7 29
7 36
7 43
7 53
8 37
8 58
8 60
9 66
9 67
10 1
10 9
10 17
10 34
10 35
10 37
10 38
10 39
10 53
10 55
10 66
11 16
11 18
11 36
11 43
11 51
11 53
11 55
12 7
12 9
12 14
12 17
12 31
12 32
12 33
12 42
12 48
12 49
12 51
12 53
12 55
12 59
13 4
13 14
13 19
13 21
13 23
13 38
13 46
13 49
13 58
14 7
14 22
14 29
14 32
14 38
14 45
14 48
14 53
14 54
14 57
14 58
14 67
15 13
15 26
15 48
15 57
15 62
16 8
16 22
16 42
16 58
16 67
17 6
17 14
17 16
17 23
17 26
17 29
17 35
17 42
17 52
17 57
17 61
18 2
18 3
18 30
18 36
18 44
18 65
19 20
19 29
19 31
19 52
20 1
20 5
20 6
20 28
20 31
20 50
20 51
21 19
21 62
21 67
22 12
22 16
22 31
22 61
22 64
23 9
23 14
23 18
23 25
23 42
23 58
23 59
23 60
24 13
24 15
24 21
24 31
24 37
24 60
24 66
25 3
25 10
25 33
25 34
25 49
26 20
26 23
26 39
26 53
26 65
27 3
27 5
27 8
27 12
27 18
27 40
27 48
27 56
28 14
28 20
28 22
28 29
28 30
28 41
28 47
28 59
29 20
29 27
29 41
29 42
29 47
29 52
29 56
30 9
30 16
30 23
30 41
30 42
30 44
30 65
30 67
31 3
31 25
31 26
31 51
31 54
31 56
31 58
32 1
32 14
32 20
32 21
32 64
32 67
33 5
33 7
33 9
33 15
33 24
33 26
33 28
33 44
33 45
34 11
34 14
34 29
34 30
34 32
34 36
34 50
34 58
35 14
35 17
35 22
35 26
35 27
35 28
35 58
36 6
36 23
36 37
36 41
36 42
36 57
37 17
37 29
37 30
37 54
38 8
38 14
38 34
38 50
38 56
38 64
39 6
39 23
39 42
39 43
39 66
40 1
40 4
40 15
40 17
40 26
40 46
40 47
40 48
40 54
40 65
41 3
41 23
41 30
41 32
41 34
41 49
41 51
41 53
41 57
41 62
41 63
42 4
42 23
42 38
42 46
42 53
43 8
43 18
43 38
43 50
43 51
43 59
43 61
43 66
44 2
44 3
44 5
44 6
44 10
44 14
44 19
44 26
44 43
44 49
45 2
45 20
45 21
45 41
45 43
45 66
46 9
46 10
46 37
46 41
46 47
46 58
47 4
47 8
47 29
47 36
47 37
47 58
47 63
48 15
48 17
48 35
48 45
48 49
48 52
48 53
49 14
49 23
49 44
49 45
50 8
50 18
50 41
50 42
50 44
50 47
50 53
50 58
50 61
50 62
51 7
51 9
51 26
51 34
51 38
51 43
51 63
52 29
52 31
52 53
52 55
52 57
52 65
53 9
53 20
53 36
53 37
53 41
53 45
53 50
53 51
53 60
53 65
54 15
54 19
54 27
54 49
54 62
55 3
55 4
55 16
55 17
55 23
55 25
55 47
55 51
56 20
56 30
57 25
57 35
57 42
57 55
57 60
57 62
57 63
58 9
58 18
58 26
58 37
58 44
58 62
59 9
59 11
59 15
59 19
59 20
59 53
59 54
59 62
59 66
60 7
60 9
60 17
60 21
60 29
60 40
60 51
61 36
61 45
61 51
61 53
62 7
62 64
63 5
63 16
63 39
63 43
63 44
64 5
64 7
64 16
64 45
64 58
64 60
65 25
65 36
65 56
65 58
66 7
66 10
66 17
66 26
66 35
66 45
66 49
67 2
67 18
67 20
67 21
67 27
67 31
Loss 0 0 0 0 0 0 0 0 0 0 0 0 0 0 0 0 0 0 0 53 0 0 0 0 0 0 0 0 0 0 0 0 35 0 12 0 0 0 0 4 0 0 0 0 0 0 0 0 8 0 64 0 0 0 0 0 10 0 36 31 0 0 0 0 0 0 0 
