30 <--# of nodes, 82 edges
1 7
1 22
1 28
1 29
2 4
2 7
2 11
3 1
3 9
3 27
4 12
4 29
5 8
6 17
6 28
7 10
7 15
7 19
7 30
8 6
9 2
9 10
9 20
9 21
9 27
10 14
11 7
12 3
12 30
13 6
13 14
14 4
14 6
14 12
14 21
14 24
14 27
15 19
15 29
16 7
16 17
16 30
17 3
17 10
17 13
17 18
17 25
18 10
18 14
18 23
18 29
19 11
19 12
20 13
20 15
21 5
21 13
21 19
22 6
22 25
22 29
23 19
24 5
24 11
25 8
25 30
26 13
26 25
27 4
27 6
27 8
27 9
27 13
27 16
27 18
27 22
27 29
28 2
28 30
29 3
30 10
30 28
Loss 0 0 0 0 0 0 0 0 0 0 0 36 86 0 0 0 22 0 0 0 38 0 0 0 97 0 0 92 0 0 
