69 <--# of nodes, 474 edges
1 11
1 24
1 32
1 40
1 45
1 69
2 15
2 16
2 17
2 31
2 36
2 46
2 58
2 65
3 27
3 35
3 51
3 64
3 68
4 12
4 24
4 28
4 37
4 39
4 49
4 63
4 65
4 69
5 30
5 35
5 42
5 57
5 58
5 68
6 2
6 4
6 20
6 46
6 64
7 8
7 10
7 12
7 19
7 21
7 23
7 34
7 62
7 64
8 15
8 16
8 28
8 34
8 60
9 22
9 33
9 43
9 48
9 50
9 63
9 65
10 9
10 17
10 27
10 34
10 46
10 47
10 62
10 69
11 3
11 10
11 33
11 40
11 41
11 49
12 2
12 3
12 6
12 13
12 28
12 32
12 35
12 39
12 69
13 5
13 10
13 15
13 19
13 37
13 40
13 48
13 65
13 68
14 22
14 25
14 32
15 6
15 12
15 17
15 18
15 19
15 51
15 55
15 59
15 60
15 61
15 64
15 65
16 6
16 25
16 35
16 40
16 41
16 49
16 51
17 1
17 2
17 5
17 24
17 32
17 36
17 57
17 61
18 25
18 27
18 28
18 35
18 38
18 40
18 44
18 66
19 11
19 14
19 26
19 27
19 34
19 48
19 53
19 66
20 2
20 11
20 58
20 68
21 24
21 36
21 53
22 9
22 10
22 17
22 29
22 58
23 10
23 11
23 16
23 32
23 34
23 68
24 34
24 37
24 48
24 51
24 52
24 69
25 8
25 10
25 31
25 34
25 39
25 42
25 44
25 51
25 57
26 18
26 43
26 57
26 59
27 13
27 16
27 17
27 20
27 24
27 30
27 41
27 59
28 19
28 41
28 43
28 45
28 62
28 67
29 5
29 11
29 18
29 31
29 35
29 41
29 50
29 56
29 68
30 10
30 19
30 21
30 29
30 35
30 36
30 39
30 55
31 7
31 12
31 19
31 26
31 28
31 42
31 57
31 58
31 59
32 1
32 2
32 5
32 13
32 15
32 16
32 35
32 40
32 47
32 48
32 62
32 64
33 19
33 66
34 12
34 21
34 22
34 25
34 42
34 49
34 56
35 34
35 42
35 54
36 7
36 64
37 1
37 25
37 34
37 35
37 39
37 61
37 62
37 63
38 3
38 18
38 36
38 40
38 45
38 46
38 48
38 59
38 63
39 6
39 16
39 17
39 24
39 28
39 51
39 53
39 66
40 3
40 24
40 36
40 45
40 49
41 13
41 23
41 40
41 64
41 67
42 5
42 12
42 17
42 22
42 35
42 36
42 52
42 54
42 63
43 5
43 9
43 15
43 26
43 32
43 59
43 66
44 13
44 32
44 43
44 47
45 30
45 49
45 55
45 67
46 3
46 23
47 1
47 5
47 8
47 9
47 13
47 15
47 20
47 30
47 64
48 10
48 13
48 16
48 18
48 24
48 26
48 34
48 35
48 44
48 55
48 64
49 13
49 30
49 32
49 46
49 51
50 7
50 27
50 35
50 52
50 53
50 64
50 65
51 21
51 38
51 41
52 24
52 45
52 64
53 16
53 27
53 39
53 56
53 60
54 10
54 16
54 24
54 40
54 42
54 45
54 53
54 58
54 64
54 65
55 26
55 59
55 64
55 66
55 69
56 10
56 14
56 20
56 25
56 49
56 58
56 61
57 2
57 16
57 20
57 26
57 36
57 44
57 55
57 64
58 17
58 19
58 34
58 38
58 41
58 49
58 50
58 61
58 62
58 64
59 3
59 6
59 7
59 20
59 21
59 31
59 46
59 53
59 61
59 69
60 16
60 57
60 58
60 61
61 6
61 8
61 14
61 22
61 25
61 29
61 30
61 36
61 38
61 51
61 53
61 56
61 63
61 65
62 6
62 11
62 23
62 24
62 42
62 43
62 47
62 48
62 50
62 69
63 4
63 7
63 16
63 22
63 32
63 46
63 47
63 51
63 62
64 3
64 16
64 29
64 54
65 25
65 29
65 30
65 33
65 34
65 45
65 68
66 2
66 15
66 21
66 23
66 24
66 34
66 38
66 52
66 60
67 15
67 32
67 33
67 41
67 43
67 46
67 51
67 64
68 10
68 17
68 25
68 34
68 37
68 43
68 51
68 52
69 6
69 33
69 46
69 49
69 60
69 62
Loss 0 0 0 0 0 0 16 0 0 0 0 97 74 0 0 0 0 37 0 0 0 0 0 0 0 0 0 95 0 0 0 0 0 96 0 0 13 0 0 22 0 0 0 0 0 0 0 27 47 0 0 34 0 0 0 91 0 79 0 0 0 0 0 0 0 0 0 0 0 
