67 <--# of nodes, 442 edges
1 11
1 18
1 29
1 39
1 41
1 45
1 48
2 9
2 17
2 41
2 45
2 56
2 62
2 63
3 1
3 11
3 19
3 24
3 34
3 35
3 44
3 66
4 3
4 10
4 11
4 15
4 19
4 21
4 22
4 26
4 52
4 58
4 60
4 61
4 66
5 25
5 38
5 40
5 55
5 59
6 1
6 28
6 29
6 62
7 1
7 13
7 14
7 19
7 29
7 41
7 49
7 53
7 61
7 62
7 67
8 10
8 15
8 18
8 33
8 37
8 39
8 47
8 51
8 59
9 24
9 30
9 52
9 56
10 43
10 49
10 58
10 64
11 15
12 13
12 18
12 21
12 34
12 37
12 42
12 45
12 50
13 1
13 11
13 14
13 19
13 24
13 38
13 56
13 57
13 61
13 66
14 9
14 28
14 30
14 43
14 54
15 36
15 39
15 51
15 60
15 65
16 11
16 13
16 14
16 17
16 38
16 55
16 59
17 5
17 9
17 11
17 19
17 28
17 30
17 39
17 40
17 44
17 49
17 56
17 66
18 19
18 27
18 45
18 51
18 66
19 10
19 11
19 33
19 44
19 50
19 53
19 65
20 10
20 32
20 38
20 54
21 14
21 16
21 23
21 33
21 39
21 42
21 44
22 24
22 25
22 28
22 45
22 55
22 62
22 65
23 3
23 14
23 26
23 30
23 31
23 49
23 67
24 38
24 59
24 60
25 9
25 12
25 19
25 21
25 29
26 7
26 12
26 13
26 16
26 22
26 39
27 4
27 11
27 49
27 65
28 14
28 27
28 38
28 43
28 60
28 67
29 1
29 6
29 37
29 46
29 47
29 53
29 62
30 3
30 18
30 28
30 38
30 47
31 4
31 21
31 25
31 28
31 41
31 49
31 57
31 63
32 9
32 21
32 42
32 44
32 54
32 55
32 60
32 66
33 16
33 21
33 25
33 51
33 63
34 6
34 20
34 27
34 47
34 50
35 7
35 17
35 28
35 57
35 65
36 16
36 33
36 40
36 41
36 56
36 58
36 61
37 8
37 19
37 27
37 34
37 44
37 48
37 53
38 2
38 11
38 12
38 63
39 18
39 30
39 37
39 47
39 48
39 52
39 58
39 62
40 2
40 6
40 7
40 24
40 26
40 49
40 51
40 58
40 65
40 66
41 8
41 13
41 14
41 21
41 39
41 48
41 56
41 60
42 4
42 8
42 18
42 19
42 22
42 41
42 54
42 67
43 3
43 23
43 35
43 47
44 2
44 4
44 7
44 10
44 28
44 38
44 49
45 3
45 19
45 20
45 26
45 35
45 39
45 52
46 12
46 14
46 30
46 35
46 41
46 55
47 2
47 13
47 15
47 25
47 43
47 54
47 61
47 62
48 2
48 22
48 31
48 33
48 47
48 49
49 3
49 12
49 17
49 46
49 47
49 52
49 55
49 59
50 18
50 31
50 34
50 42
50 56
50 62
50 63
51 13
51 29
51 31
51 35
51 48
51 56
51 63
52 10
52 25
52 29
52 35
52 46
52 49
52 53
52 63
53 28
53 33
53 34
53 45
53 58
53 64
54 2
54 18
54 22
54 24
54 45
54 64
55 8
55 23
55 27
55 33
55 38
55 49
55 54
56 8
56 11
56 18
56 23
56 30
56 46
56 51
57 14
57 44
57 63
57 65
58 9
58 10
58 42
58 55
58 57
58 61
59 4
59 8
59 29
59 50
59 53
59 65
60 3
60 4
60 16
60 39
60 48
60 65
61 3
61 13
61 17
61 20
61 46
62 1
62 19
62 30
62 42
62 47
63 2
63 15
63 16
63 17
63 19
63 27
63 54
63 58
63 67
64 1
64 2
64 34
64 57
64 58
65 3
65 9
65 19
65 20
65 22
65 31
65 38
65 47
65 53
65 57
66 12
66 30
66 48
66 52
66 55
67 9
67 12
67 15
67 22
67 28
67 42
67 48
67 50
67 51
67 57
67 65
Loss 0 0 0 55 0 0 89 10 0 29 23 0 0 0 0 0 0 0 0 0 93 0 0 41 0 0 0 0 0 0 0 0 0 0 0 96 36 29 0 0 0 0 0 0 0 0 0 0 0 0 0 0 0 0 0 31 0 0 0 0 0 0 0 16 99 0 0 
