28 <--# of nodes, 71 edges
1 4
1 5
1 8
2 8
2 12
2 22
2 28
3 4
3 10
3 12
4 28
5 3
5 20
5 21
5 22
7 6
7 12
8 19
8 21
9 2
9 25
10 6
10 18
10 27
11 28
12 9
12 22
13 7
13 17
13 21
13 23
14 22
15 5
15 20
15 28
16 4
16 11
16 18
16 21
17 16
17 19
17 26
18 2
18 15
19 5
19 12
20 2
20 7
20 17
21 3
21 8
21 16
21 25
22 1
22 4
22 7
22 9
22 18
22 28
24 5
24 22
25 1
25 19
26 6
26 8
26 13
26 15
27 1
28 15
28 16
28 17
Loss 0 10 0 0 0 0 0 82 0 0 0 0 0 0 42 32 0 0 85 49 0 0 33 0 0 29 0 0 
