53 <--# of nodes, 230 edges
1 12
1 18
1 46
2 15
2 21
2 27
2 35
2 36
2 45
3 10
3 11
3 18
3 28
3 33
3 40
3 49
4 26
4 27
4 34
5 8
5 11
5 22
5 23
5 26
5 28
6 19
6 29
6 52
7 2
7 10
7 13
7 19
7 22
7 23
7 40
7 51
8 11
8 14
8 28
8 44
8 52
9 19
10 15
10 18
10 23
10 24
10 43
10 44
10 52
11 46
12 1
12 9
12 32
12 45
13 18
13 28
13 30
13 39
14 7
14 11
14 22
14 24
14 28
14 35
14 52
15 12
15 43
16 15
16 26
16 28
16 53
17 2
17 24
17 27
17 29
17 36
17 53
18 1
18 2
18 10
18 15
18 37
18 42
19 34
19 53
20 17
20 23
20 28
20 30
20 42
20 45
20 47
20 49
21 11
21 14
21 27
21 29
21 38
22 7
22 23
22 33
22 49
23 6
23 31
23 52
23 53
24 11
25 4
25 11
25 15
25 21
25 38
25 40
25 49
26 11
26 27
26 33
26 51
27 35
27 40
27 43
28 1
28 10
28 20
28 40
28 43
29 51
30 9
30 12
30 13
30 31
30 53
31 2
31 47
32 24
32 42
32 51
33 2
33 21
33 28
33 31
33 42
33 45
34 14
34 25
34 29
34 43
34 51
34 53
35 6
35 11
35 28
35 32
35 51
36 6
36 8
36 16
36 19
36 35
36 45
37 25
37 30
37 35
37 51
38 3
38 8
38 16
38 25
38 33
39 11
39 12
39 28
39 32
39 46
40 17
40 22
40 31
40 35
40 37
41 8
41 48
42 14
42 19
42 43
42 49
43 3
43 8
43 10
43 41
43 47
43 49
44 4
44 17
44 28
44 49
45 5
45 42
46 6
46 8
46 27
47 5
47 38
47 44
48 28
48 44
48 50
49 24
49 26
49 31
50 5
50 6
50 34
50 39
50 46
51 9
51 14
51 34
51 39
52 6
52 23
52 28
52 33
52 37
52 42
52 53
53 11
53 20
53 23
53 47
53 50
Loss 0 0 0 0 0 45 0 45 0 0 9 0 0 0 0 0 0 0 0 0 0 0 0 0 0 0 0 0 78 76 84 77 0 99 0 0 32 0 0 0 0 0 41 26 0 0 0 0 0 0 52 45 26 
