59 <--# of nodes, 345 edges
1 3
1 11
1 34
1 41
1 59
2 3
2 21
2 31
2 52
3 1
3 7
3 20
3 34
3 37
3 48
4 29
4 36
4 52
4 58
5 19
5 20
5 46
5 52
5 58
6 5
6 14
6 39
6 40
6 42
6 45
7 4
7 8
7 14
7 19
7 26
7 36
7 42
7 46
7 48
7 57
7 58
7 59
8 1
8 27
8 29
8 38
8 55
8 56
9 20
9 36
9 42
9 43
9 51
9 55
10 19
10 27
10 43
10 44
10 54
11 2
11 15
11 40
11 46
11 50
12 16
12 55
12 56
13 3
13 51
14 8
14 11
14 17
14 20
14 31
14 32
14 41
14 46
14 49
15 7
15 8
15 12
15 40
15 45
16 9
16 45
17 2
17 20
17 21
17 25
17 32
17 41
17 54
18 1
18 13
18 19
18 44
18 52
19 50
20 7
20 18
20 27
20 30
20 40
21 6
21 12
21 29
21 33
21 38
21 46
21 48
21 58
22 4
22 6
22 26
22 31
22 32
22 45
23 4
23 7
23 21
23 31
23 39
23 47
23 57
24 5
24 9
24 13
24 20
24 32
24 56
24 57
25 5
25 8
25 42
25 47
26 5
26 23
26 33
26 37
26 40
26 53
27 1
27 3
27 8
27 12
27 26
27 35
27 36
27 39
27 42
27 44
27 51
27 57
28 1
28 15
28 16
28 25
28 51
28 55
29 12
29 26
29 39
30 9
30 16
30 19
30 22
31 1
31 36
32 14
32 26
32 28
32 35
32 36
32 49
32 50
32 52
32 53
32 55
33 9
33 23
33 55
34 5
34 8
34 33
34 35
34 40
34 44
34 53
35 1
35 4
35 9
35 31
35 40
35 46
35 49
35 51
36 6
36 11
36 22
36 50
36 56
37 5
37 21
37 25
37 34
37 39
37 44
37 45
37 58
38 8
38 12
38 20
38 21
38 39
38 53
38 55
38 56
39 1
39 14
39 32
39 34
40 2
40 11
40 18
40 29
40 36
40 47
40 56
41 26
41 30
41 31
41 32
41 49
41 59
42 17
42 18
42 23
42 51
43 2
43 14
43 31
43 37
43 42
43 45
43 48
43 50
44 3
44 4
44 9
44 12
44 33
44 36
44 43
44 47
44 50
45 15
45 20
45 38
45 55
45 56
46 1
46 20
46 31
46 34
46 35
46 40
46 55
46 58
47 6
47 18
47 25
47 34
47 42
48 10
48 19
48 44
48 53
48 57
49 15
49 21
49 31
49 46
49 56
50 2
50 16
50 18
50 30
50 37
50 41
50 58
51 43
51 49
52 14
52 16
52 20
52 28
52 30
52 36
52 37
52 42
52 49
52 55
53 7
53 14
53 18
53 28
53 49
54 3
54 4
54 23
54 33
54 38
54 41
54 55
55 8
55 34
55 40
55 50
56 1
56 5
56 13
56 15
56 20
56 34
56 52
57 11
57 19
57 36
57 38
58 1
58 16
58 24
58 37
58 48
59 5
59 11
59 16
59 17
59 19
59 23
59 27
59 30
59 32
59 41
59 43
Loss 0 0 0 0 0 0 0 0 96 0 16 0 0 0 0 0 0 98 0 0 0 0 0 0 93 34 0 54 0 0 18 0 0 25 0 0 0 0 0 0 0 20 0 0 0 0 0 56 92 0 0 0 0 0 41 0 0 0 0 
