65 <--# of nodes, 418 edges
1 15
1 19
1 53
1 54
2 21
2 49
2 51
2 59
2 62
3 12
3 14
3 22
3 25
3 39
3 45
3 49
3 52
4 5
4 6
4 7
4 8
4 50
5 23
5 24
5 44
5 62
6 18
6 45
6 52
7 16
7 19
7 24
7 25
7 45
7 61
7 64
8 7
8 13
8 23
8 43
8 49
8 52
8 61
8 64
9 13
9 18
9 24
9 28
9 47
9 57
9 64
10 27
10 29
10 44
10 45
10 52
10 54
11 5
11 7
11 9
11 21
11 29
11 38
11 40
11 41
11 47
11 54
11 61
12 9
12 25
12 54
12 55
12 64
13 5
13 6
13 8
13 64
14 44
14 47
14 62
14 65
15 12
15 33
15 39
15 52
15 57
15 64
16 6
16 13
16 39
16 46
17 6
17 10
17 15
17 27
17 36
17 44
17 63
18 10
18 17
18 20
18 38
18 44
18 51
19 47
19 52
19 55
20 2
20 6
20 24
20 26
20 43
21 5
21 18
21 19
21 23
21 36
21 43
21 50
22 2
22 20
22 32
22 39
22 41
22 50
22 51
22 58
23 11
23 35
23 37
23 56
24 7
24 10
24 17
24 23
25 14
25 15
25 19
25 21
25 22
25 23
25 30
25 34
25 54
25 58
26 1
26 6
26 13
26 33
26 48
26 63
27 7
27 23
27 31
27 47
27 57
27 60
28 4
28 10
28 11
28 17
28 32
28 33
28 62
28 64
29 1
29 7
29 9
29 11
29 17
29 21
29 26
29 27
29 43
29 62
29 63
30 1
30 26
30 48
31 3
31 14
31 18
31 25
31 26
31 29
31 59
31 64
32 6
32 18
32 19
32 21
32 30
32 38
32 41
32 45
32 54
32 62
33 4
33 6
33 12
33 18
33 32
33 34
33 42
33 63
34 18
34 24
34 62
35 22
35 25
35 32
35 49
35 50
35 61
36 16
36 19
36 25
36 31
36 34
36 47
36 55
36 65
37 8
37 26
37 33
37 39
37 50
37 58
38 20
38 27
38 32
38 61
39 23
39 41
40 3
40 14
40 21
40 26
40 33
40 35
40 41
40 44
40 45
40 57
41 7
41 25
42 1
42 28
42 36
42 45
42 54
42 63
43 6
43 12
43 18
43 22
43 24
43 25
43 28
43 37
43 42
43 45
43 50
43 52
43 53
44 23
44 45
44 53
44 65
45 2
45 8
45 28
45 38
45 47
45 53
46 12
46 20
46 21
46 25
46 35
46 43
46 50
46 57
47 9
47 11
47 14
47 27
47 44
47 48
47 50
47 57
47 58
48 5
48 27
48 30
48 57
49 5
49 26
49 35
49 41
49 42
49 48
49 61
49 64
50 4
50 9
50 12
50 16
50 19
50 25
50 28
50 40
50 45
51 12
51 13
51 20
51 26
51 28
51 29
51 30
51 35
51 47
51 48
51 55
51 57
52 6
52 8
52 46
52 47
52 50
53 48
54 10
54 12
54 34
54 37
54 40
54 41
54 47
54 51
54 56
54 62
55 5
55 7
55 9
55 10
55 25
55 31
55 33
55 37
56 3
56 34
56 43
56 59
57 13
57 16
57 20
57 26
57 28
57 45
57 54
58 3
58 20
58 39
58 40
58 42
58 53
58 55
59 3
59 10
59 20
59 21
59 25
59 27
59 33
59 48
59 60
59 62
59 64
60 6
60 10
60 38
60 39
60 46
60 56
61 3
61 21
61 31
61 42
61 46
61 47
61 58
61 59
62 8
62 27
62 32
62 33
62 34
62 39
62 41
62 42
62 45
62 60
63 10
63 13
63 21
63 41
63 64
64 5
64 17
64 26
64 35
65 4
65 6
65 13
65 28
65 29
65 52
65 60
Loss 0 81 0 0 0 0 0 0 0 0 0 14 0 39 7 0 0 0 0 0 0 0 0 0 0 0 0 0 0 0 0 42 0 0 60 39 0 0 30 0 0 0 0 0 0 0 0 0 88 30 0 0 29 0 0 0 0 0 0 0 0 0 0 48 0 
