53 <--# of nodes, 287 edges
1 4
1 21
1 24
1 47
2 7
2 20
2 21
2 27
2 34
2 36
2 39
2 44
3 2
3 20
3 32
3 50
3 51
4 13
4 14
4 25
4 34
4 36
4 37
4 38
4 48
4 53
5 10
5 13
5 16
5 19
5 29
5 41
6 4
6 15
6 17
6 20
6 27
6 35
6 42
6 51
7 4
7 11
7 25
7 28
7 29
7 32
7 44
7 47
8 13
8 17
8 21
8 34
8 38
8 45
8 47
8 53
9 4
9 5
9 12
9 19
9 27
9 34
9 45
9 48
10 17
10 22
10 24
10 51
11 7
11 14
11 30
11 33
11 40
11 49
12 5
12 17
12 33
12 44
12 46
13 10
13 11
13 17
13 35
13 44
14 12
14 16
14 26
14 41
15 36
15 38
15 52
16 23
16 39
16 41
16 43
17 1
17 8
17 23
17 35
17 41
17 45
17 46
18 4
18 14
18 20
18 23
18 27
18 45
19 8
19 24
19 27
19 30
19 34
19 39
19 47
19 51
20 1
20 2
20 22
20 35
20 42
20 47
20 53
21 13
21 14
21 29
21 45
21 50
22 24
22 32
22 34
22 46
22 47
23 28
23 35
23 38
23 41
23 48
24 3
24 12
24 47
25 4
25 17
25 34
26 10
26 12
26 37
26 47
27 14
27 19
27 21
27 34
27 39
28 26
28 37
28 39
28 42
28 49
29 17
29 18
29 20
29 40
29 51
30 26
30 37
31 9
32 11
32 13
32 16
32 29
32 39
33 10
33 12
33 17
33 24
33 38
33 49
34 1
34 2
34 23
34 33
34 41
34 42
34 45
34 46
35 5
35 24
35 33
35 47
35 48
35 50
36 10
36 52
36 53
37 3
37 12
37 44
37 52
38 7
38 8
38 25
38 32
38 44
39 17
39 29
39 37
39 40
39 43
39 44
39 52
40 5
40 6
40 9
40 26
40 36
40 37
40 45
40 46
41 8
41 25
41 40
41 50
41 53
42 15
42 17
42 25
42 26
43 1
43 9
43 34
43 35
43 37
43 42
43 49
44 5
44 14
44 23
44 25
44 37
44 49
44 53
45 2
45 17
45 19
45 22
45 27
45 35
45 50
46 2
46 16
46 23
46 24
46 35
47 10
47 19
47 27
47 31
47 40
48 9
48 27
48 34
48 49
49 4
49 9
49 11
49 21
49 22
49 28
49 31
49 33
49 46
49 48
49 52
50 22
50 42
51 23
51 29
51 32
51 47
52 7
52 41
52 50
52 51
53 20
53 24
53 34
53 40
Loss 0 0 0 36 0 5 0 0 0 0 0 13 0 0 0 0 0 94 59 0 0 0 0 0 0 0 58 0 0 29 0 0 0 0 0 0 0 0 0 3 0 0 0 0 0 0 0 0 0 51 0 0 66 
