60 <--# of nodes, 343 edges
1 11
1 32
1 55
1 56
2 11
2 12
2 16
2 52
2 56
2 57
3 27
3 48
3 55
4 6
4 12
4 13
4 20
4 35
4 53
4 57
5 3
5 13
5 42
5 43
5 55
5 57
5 59
6 1
6 45
6 58
7 6
7 8
7 11
7 16
7 34
7 41
7 42
7 47
7 48
7 54
7 57
8 3
8 35
8 38
9 1
9 19
9 31
9 33
9 47
9 55
10 33
10 42
10 48
11 8
11 14
11 15
11 16
11 28
11 39
11 40
11 41
11 42
11 53
11 54
12 7
12 26
13 1
13 39
13 43
13 59
14 4
14 36
14 47
14 48
14 49
15 21
15 34
15 41
15 48
15 51
15 56
16 31
16 32
16 37
16 38
16 40
16 41
16 42
16 44
16 53
16 58
17 29
17 40
17 44
17 57
17 58
18 2
18 16
18 21
18 24
18 32
18 35
18 53
18 55
19 34
20 6
20 14
20 28
20 40
20 45
20 51
20 57
20 59
21 35
21 39
21 48
21 49
22 10
22 26
22 31
22 50
22 55
22 58
23 11
23 26
23 33
23 34
24 3
24 20
24 25
24 50
24 53
25 11
25 14
25 24
25 40
25 46
25 54
26 12
26 18
26 23
26 29
26 33
26 43
26 45
26 58
27 7
27 19
27 24
27 32
27 38
27 46
28 14
28 24
28 36
28 39
28 55
28 57
28 58
29 3
29 19
29 40
30 1
30 14
30 17
30 23
30 24
30 27
30 34
30 38
30 45
31 1
31 16
31 42
31 46
32 25
32 30
32 41
32 43
32 56
33 5
33 18
33 22
33 30
33 46
34 9
34 30
34 42
34 44
34 49
34 54
34 56
34 59
35 13
35 31
35 38
35 48
36 10
36 22
36 26
36 31
36 40
36 41
36 47
36 48
37 3
37 4
37 9
37 29
37 36
37 51
37 54
38 7
38 30
38 44
39 11
39 15
39 21
39 32
39 46
40 22
40 34
40 36
40 41
40 43
40 60
41 3
41 29
41 35
41 54
42 27
42 31
42 35
42 45
43 8
43 14
43 18
43 31
43 32
43 51
44 17
44 28
44 29
44 35
45 13
45 26
45 33
45 43
45 49
45 57
46 16
46 17
46 20
46 21
46 27
46 39
46 40
46 44
47 22
47 27
47 31
47 36
47 40
48 5
48 11
48 22
48 34
48 36
48 43
48 47
48 52
49 14
49 23
49 29
49 37
49 38
49 39
49 42
49 50
49 51
50 30
50 32
50 35
50 52
50 59
51 8
51 13
51 22
51 40
51 50
51 53
52 7
52 19
52 44
52 50
52 51
52 57
52 59
53 2
53 8
53 16
53 22
53 25
53 51
54 8
54 30
54 38
54 43
54 52
55 18
55 20
55 27
55 38
55 43
55 54
55 58
56 9
56 18
56 25
56 36
56 38
56 40
56 48
57 2
57 11
58 2
58 23
58 24
58 56
59 5
59 7
59 28
59 44
59 57
60 10
60 22
60 25
60 33
60 35
60 48
60 50
60 56
60 58
Loss 0 0 54 14 0 0 0 0 0 0 0 0 0 0 0 0 0 63 0 61 0 0 0 0 85 0 0 0 0 0 46 0 0 0 0 0 0 0 0 0 0 0 0 0 0 0 0 0 0 0 29 76 0 0 0 0 0 0 16 0 
