30 <--# of nodes, 82 edges
1 6
1 12
1 18
1 19
2 1
2 15
2 16
3 12
3 14
3 17
3 24
4 28
5 3
5 15
5 23
5 24
6 13
6 15
6 23
6 29
7 10
7 12
7 25
8 2
8 3
8 19
9 25
10 7
11 20
11 25
11 28
12 14
12 16
12 17
13 1
13 15
13 17
13 22
14 8
15 11
15 22
15 23
15 27
16 11
16 12
16 17
16 23
17 5
17 9
17 13
17 27
18 5
18 10
20 7
20 10
20 14
20 18
21 12
21 19
21 27
22 7
22 14
23 2
23 11
23 12
23 13
23 15
24 2
24 7
24 20
25 2
25 3
26 21
26 23
27 14
27 19
28 23
29 13
29 14
29 27
29 30
30 28
Loss 0 0 0 0 0 29 0 91 61 0 84 74 0 77 0 0 0 0 0 0 77 0 0 0 0 0 96 0 0 0 
