34 <--# of nodes, 117 edges
1 4
2 3
2 21
2 22
3 7
3 8
3 10
3 20
3 23
3 30
3 34
4 2
4 17
4 22
4 27
5 9
5 10
5 14
5 15
6 19
6 22
6 26
6 31
7 14
7 23
7 26
8 1
8 9
8 21
8 29
9 21
9 24
9 33
10 24
10 26
10 31
11 2
11 7
11 26
12 1
12 2
12 29
13 4
13 9
14 12
14 18
14 24
14 30
15 12
15 22
15 26
16 9
16 12
16 22
16 34
17 9
18 4
18 12
18 22
18 31
18 34
19 30
20 5
20 12
21 13
21 16
21 24
21 34
22 1
22 18
23 8
23 29
24 30
25 4
25 22
25 24
25 30
25 33
26 11
26 21
26 23
26 28
27 15
27 28
28 1
28 6
28 21
28 26
28 30
29 11
29 12
29 13
29 19
29 21
29 22
29 34
30 4
30 11
30 15
30 19
30 22
30 24
31 1
31 8
31 19
31 28
31 30
31 33
31 34
32 13
32 16
32 33
34 1
34 2
34 4
34 27
34 30
Loss 0 0 0 53 60 0 0 0 0 7 0 68 0 83 52 0 0 0 87 0 0 10 0 0 80 0 0 0 66 0 0 0 0 0 
