62 <--# of nodes, 378 edges
1 13
1 39
1 50
1 57
1 60
2 1
2 36
2 49
2 51
3 36
3 40
3 50
3 55
4 2
4 7
4 12
4 13
4 26
5 14
5 20
5 27
5 29
5 31
5 38
5 43
5 51
6 5
6 23
6 36
6 46
6 59
6 61
7 14
7 21
7 30
7 31
7 53
8 4
8 6
8 10
8 23
8 24
8 29
8 33
8 34
8 37
8 41
8 44
8 53
8 58
8 62
9 6
9 24
9 27
9 33
9 39
10 16
10 17
10 21
10 33
10 39
10 52
10 53
10 55
11 6
11 9
11 12
11 29
11 31
11 33
11 36
11 39
11 47
12 9
12 36
12 49
13 7
13 14
13 15
13 29
13 33
13 43
13 55
14 4
14 17
14 21
14 25
14 32
14 47
15 5
15 18
15 37
15 44
16 5
16 7
16 8
16 17
16 23
16 39
16 46
17 12
17 42
18 22
18 27
18 31
18 39
18 48
18 50
19 12
19 14
19 24
19 33
19 36
19 48
19 55
19 62
20 3
20 45
20 48
20 52
21 18
21 20
21 35
21 62
22 3
22 27
22 35
22 52
23 4
23 6
23 16
23 21
23 25
23 27
23 28
23 30
23 43
23 50
23 56
23 58
24 1
24 6
24 16
24 32
24 36
24 41
24 49
24 52
24 60
25 9
25 13
25 35
25 38
25 47
25 57
26 5
26 32
26 40
26 42
26 43
26 45
27 5
27 14
27 17
27 24
27 28
27 36
27 46
27 56
28 13
28 21
28 25
28 33
28 41
28 43
28 46
28 61
29 13
29 20
29 51
29 60
29 62
30 4
30 8
30 10
30 21
30 22
31 15
31 21
31 30
31 32
31 41
31 45
31 48
32 5
32 20
32 45
32 47
32 48
32 59
33 28
33 38
33 45
33 52
33 58
34 4
34 11
34 17
34 23
34 36
34 53
34 54
35 1
35 18
35 23
35 52
35 59
36 40
36 52
36 58
37 7
37 10
37 26
37 28
37 29
37 30
37 44
38 6
38 7
38 18
38 30
38 50
38 56
38 58
38 59
38 61
39 3
39 6
39 20
39 32
39 41
39 47
40 19
40 39
40 55
41 4
41 13
41 19
41 40
41 44
41 47
41 55
41 61
42 3
42 5
42 7
42 10
42 13
42 25
42 34
42 36
42 62
43 7
43 27
43 53
43 58
43 60
44 17
44 25
44 34
44 38
44 40
44 54
44 61
45 2
45 10
45 22
45 30
45 38
45 41
45 48
45 50
46 1
46 11
46 15
46 22
46 26
46 40
46 51
46 60
47 16
47 20
47 35
47 51
48 15
48 25
48 51
48 54
49 16
49 24
49 35
49 40
49 56
50 3
50 7
50 21
50 28
50 35
50 37
50 40
50 47
51 4
51 20
51 21
51 57
52 13
52 17
52 45
52 53
52 61
53 5
53 30
53 37
53 61
54 12
54 29
54 35
54 41
54 42
54 53
55 10
55 15
55 24
55 32
55 39
55 44
55 51
56 6
56 11
56 21
56 23
56 31
57 26
57 27
57 36
57 47
57 56
58 35
58 51
58 54
58 56
59 18
59 19
59 20
59 25
59 27
59 34
59 46
59 53
60 14
60 34
60 36
60 39
60 49
60 58
61 1
61 9
61 14
61 18
61 20
61 21
61 22
61 30
61 40
61 50
62 3
62 11
62 43
Loss 0 0 0 0 0 0 71 0 0 0 0 39 46 0 0 0 0 0 0 0 0 0 0 84 70 0 0 0 0 0 0 58 0 0 0 0 47 0 0 0 0 0 0 0 0 0 0 0 0 0 0 0 0 0 4 0 0 90 90 0 91 18 
