45 <--# of nodes, 206 edges
1 35
2 9
2 27
2 35
2 37
3 1
3 14
3 32
3 45
4 9
4 15
4 17
4 22
4 43
5 4
5 15
5 17
5 30
5 32
5 37
6 7
6 9
6 44
7 2
7 34
8 12
8 13
8 23
8 37
8 40
9 8
9 21
9 25
10 22
10 38
11 9
11 22
11 26
11 30
11 39
12 1
12 27
12 29
13 1
13 8
13 14
13 15
13 21
13 22
13 27
13 33
13 41
14 1
14 5
14 8
14 19
15 6
15 10
16 12
16 26
16 28
16 29
16 44
17 5
17 7
17 35
18 6
18 8
18 9
18 26
18 31
18 34
18 36
18 43
19 24
19 28
19 32
19 38
19 42
20 3
20 34
21 16
21 26
21 31
21 32
21 37
22 1
22 10
22 30
22 35
23 9
23 38
23 44
23 45
24 1
24 2
24 8
24 19
24 28
24 32
24 39
24 40
25 2
25 17
25 37
25 45
26 10
26 17
26 38
26 39
26 40
26 44
27 13
27 17
27 31
28 2
28 21
28 22
29 18
29 19
29 34
29 37
29 42
29 45
30 4
30 17
30 19
30 24
30 26
31 20
31 25
31 29
31 30
31 37
31 39
32 6
32 17
32 21
33 3
33 4
33 13
33 21
33 25
33 37
34 8
34 27
34 31
34 33
34 43
34 45
35 2
35 17
35 19
35 39
36 16
36 21
36 22
36 33
36 39
37 1
37 18
37 28
37 32
38 8
38 9
38 12
38 15
38 30
38 34
38 45
39 13
39 14
39 15
39 16
39 17
39 20
39 22
39 30
39 33
39 43
39 44
40 3
40 8
40 14
40 23
40 37
40 43
41 16
41 23
42 6
42 16
42 23
42 29
42 33
42 36
43 3
43 12
43 17
43 42
44 11
44 30
45 18
45 23
45 29
45 32
45 38
Loss 0 0 0 0 0 0 0 0 0 2 0 0 98 0 0 0 0 0 0 0 44 3 0 0 0 0 0 0 73 0 0 0 0 0 0 0 0 0 0 0 0 0 0 0 0 
