57 <--# of nodes, 315 edges
1 37
1 43
2 8
2 38
2 43
2 50
2 51
2 54
3 10
3 15
3 22
3 24
3 25
3 37
3 43
3 49
4 17
4 20
4 31
5 12
5 19
5 22
5 28
5 33
5 44
6 2
6 4
6 8
6 12
6 24
6 33
6 39
6 40
6 42
6 53
7 3
7 10
7 16
7 39
7 57
8 52
9 2
9 6
9 47
9 50
9 52
10 4
10 21
10 34
10 41
10 43
11 16
11 19
11 20
11 23
11 26
11 36
11 44
11 47
11 54
11 55
12 10
12 11
12 15
12 20
12 35
12 40
12 44
13 1
13 4
13 20
13 22
13 23
13 26
13 42
13 49
13 52
14 7
14 8
14 10
14 16
14 18
14 24
14 44
15 11
15 18
15 29
15 39
16 3
16 5
16 29
16 34
16 38
16 43
16 44
16 47
16 55
17 1
17 12
17 30
17 47
18 13
18 49
19 49
19 51
20 3
20 6
20 41
20 53
21 2
21 19
21 20
21 28
21 30
21 40
21 44
22 7
22 14
22 18
22 29
22 53
23 19
23 20
23 30
23 40
23 50
23 53
23 56
24 18
24 19
24 25
24 31
24 35
25 3
25 4
25 22
25 26
25 28
25 31
25 41
26 22
26 28
26 36
26 38
26 42
26 48
26 49
26 52
27 8
27 10
27 28
27 43
27 57
28 2
28 20
28 50
29 4
29 16
29 22
29 26
29 37
29 51
29 56
30 8
30 10
31 20
31 27
31 52
32 18
32 31
32 39
33 5
33 11
33 22
33 31
33 32
33 35
33 39
34 22
34 25
34 36
34 37
34 45
34 52
34 56
35 4
35 5
35 13
35 23
35 24
35 57
36 2
36 9
36 26
36 49
36 56
37 2
37 28
37 29
37 32
37 45
37 49
37 54
38 9
38 20
38 25
38 26
38 32
38 35
38 51
38 52
39 1
39 6
39 26
40 19
40 23
40 31
40 46
41 21
41 34
41 42
41 46
42 1
42 2
42 4
42 20
42 26
42 29
42 32
42 39
42 47
43 15
43 18
43 35
43 36
43 56
44 3
44 5
44 17
44 23
44 28
44 35
44 39
44 56
44 57
45 37
45 53
46 1
46 11
46 14
46 31
46 42
46 48
46 54
47 6
47 10
47 17
47 24
47 35
47 37
47 50
47 51
48 22
48 24
49 5
49 11
49 18
49 30
49 50
50 4
50 11
50 16
50 19
50 28
50 52
51 2
51 12
51 16
51 21
51 23
51 25
51 39
51 45
52 10
52 38
53 20
53 23
53 28
53 32
53 55
54 2
54 10
54 15
54 20
54 35
54 39
54 48
55 2
55 5
55 12
55 31
55 54
56 1
56 2
56 19
56 22
56 47
56 48
56 50
56 51
57 3
57 25
57 30
57 43
57 50
Loss 0 0 88 0 0 80 0 17 0 0 11 0 46 0 0 23 0 2 0 0 0 0 67 0 0 0 0 0 0 0 20 0 2 0 0 86 0 0 0 0 44 66 98 0 0 0 0 0 0 0 0 59 31 25 0 0 0 
