33 <--# of nodes, 110 edges
1 5
1 7
1 20
1 21
2 9
2 29
3 13
3 18
4 2
4 15
4 17
4 27
5 6
5 17
5 21
5 25
6 21
7 1
7 5
7 13
8 6
8 23
9 1
9 2
9 14
10 16
10 28
11 6
11 17
11 21
11 26
11 32
12 3
12 4
12 11
12 21
12 26
12 30
12 33
13 5
13 17
13 33
14 28
14 29
14 33
15 3
16 1
16 2
16 26
16 29
16 31
17 2
17 9
17 10
17 14
17 28
18 25
19 1
19 30
20 1
20 9
20 26
20 32
21 4
21 7
21 12
21 24
21 27
22 13
23 6
23 18
23 22
23 26
23 30
23 32
24 5
24 10
24 13
24 22
24 27
25 1
25 18
25 20
26 7
26 18
26 27
27 1
27 13
27 21
27 26
27 30
27 32
28 8
28 9
28 19
28 29
29 31
30 20
30 29
31 21
31 22
32 14
32 17
32 18
32 25
32 28
33 2
33 15
33 26
33 29
Loss 0 0 0 32 0 0 0 93 34 0 0 0 44 0 0 0 0 0 0 38 0 0 0 0 84 0 62 0 0 0 0 0 0 
