50 <--# of nodes, 230 edges
1 8
1 18
1 41
2 11
2 23
2 31
3 6
3 19
3 26
3 37
3 41
3 46
3 49
4 21
4 33
4 35
5 11
5 22
5 24
5 36
5 37
5 44
5 47
6 5
6 21
6 22
6 35
7 2
7 4
7 9
7 11
7 15
7 50
8 12
8 22
8 32
8 36
8 38
9 7
9 17
9 33
9 35
10 50
11 28
11 29
12 19
12 26
12 38
12 39
13 7
14 22
14 27
14 31
14 37
14 40
14 42
14 43
14 44
15 6
15 9
15 12
15 24
15 40
16 10
16 14
16 18
16 23
16 34
16 43
16 46
17 1
17 13
17 23
17 34
17 41
17 45
17 46
17 47
18 6
18 23
18 26
18 36
18 42
18 48
19 12
19 15
19 33
19 47
19 49
20 35
20 39
21 6
21 8
21 9
21 13
21 18
21 20
22 5
22 9
22 28
22 29
22 31
22 49
23 7
23 11
23 29
23 43
23 47
23 49
24 1
24 2
24 20
24 22
24 25
24 42
24 43
25 16
25 18
25 27
25 34
25 35
25 45
26 5
26 10
26 46
26 49
27 11
28 6
28 7
28 15
28 24
28 29
28 33
28 36
28 45
29 14
29 24
29 35
29 38
29 41
29 44
30 1
30 2
30 7
30 8
30 11
30 13
30 25
31 6
31 17
31 28
31 32
31 44
32 16
32 46
33 1
33 4
33 17
33 26
33 31
33 36
33 38
34 5
34 19
34 28
34 31
34 40
34 42
34 48
35 40
35 49
35 50
36 14
36 19
36 24
36 32
37 8
37 21
37 24
37 26
37 39
37 44
38 9
38 42
39 2
39 19
39 24
39 28
39 43
39 48
40 1
40 10
40 13
41 5
41 12
41 13
41 18
41 31
41 44
42 3
42 10
42 28
42 47
42 49
43 27
44 3
44 5
44 21
44 28
45 23
45 25
46 28
46 35
46 37
47 1
47 10
47 12
48 1
48 7
48 11
49 1
49 4
49 26
49 28
49 36
50 1
50 13
50 14
50 35
50 38
Loss 0 0 0 0 0 41 0 52 0 0 0 0 0 0 0 0 0 0 0 0 0 0 48 49 0 0 0 0 0 0 0 0 19 99 51 0 0 0 0 0 0 0 13 0 0 0 0 0 0 0 
