46 <--# of nodes, 193 edges
1 14
1 23
2 4
2 8
2 16
2 22
3 8
3 22
3 29
4 26
4 40
5 23
5 38
5 46
6 12
6 22
6 39
6 41
7 4
7 6
7 10
7 13
7 15
7 17
7 44
7 46
8 13
8 23
8 32
8 36
9 23
9 25
9 27
9 37
9 38
9 43
10 4
10 31
10 35
11 5
11 13
11 18
11 22
11 32
12 8
12 20
12 21
12 30
12 39
13 1
13 8
13 26
13 46
14 15
14 24
14 29
14 37
14 40
14 42
14 46
15 28
15 30
15 44
16 3
16 13
16 22
16 30
16 40
17 5
17 7
17 25
17 42
17 43
18 9
18 11
18 20
18 22
18 23
18 24
18 39
19 3
19 11
19 13
19 18
19 23
19 43
20 6
20 16
20 45
21 16
21 25
21 26
21 45
21 46
22 2
22 25
23 3
23 17
23 39
24 6
25 1
25 13
25 15
25 16
25 21
25 29
25 45
25 46
26 40
27 2
27 16
27 17
27 31
27 39
28 23
28 38
29 1
29 31
29 32
29 46
30 13
30 16
30 41
30 43
30 46
31 11
31 20
31 21
32 15
32 16
32 28
32 31
33 19
33 24
33 29
33 31
34 17
34 18
34 26
34 27
34 37
34 44
35 15
35 16
35 21
35 45
36 14
36 37
36 41
36 45
37 13
37 24
37 35
38 2
38 4
38 44
39 22
39 23
39 26
39 41
39 43
40 23
40 24
40 25
40 29
40 41
40 44
40 45
41 9
41 19
41 22
41 27
41 30
41 43
42 26
43 21
43 23
43 35
43 45
44 17
44 26
44 34
44 39
45 3
45 21
45 24
45 36
46 7
46 25
46 32
46 36
46 37
46 39
Loss 0 0 0 0 0 0 0 0 0 0 0 0 0 0 0 0 0 0 0 0 83 0 0 0 80 0 0 0 0 0 0 0 0 0 0 0 0 0 0 28 0 0 0 91 0 0 
