25 <--# of nodes, 68 edges
1 10
1 12
2 18
3 9
3 11
3 18
4 12
4 14
5 1
5 25
6 11
7 1
7 6
7 8
7 11
7 15
7 16
7 17
7 21
8 2
9 5
9 7
9 10
9 20
10 5
10 7
10 12
10 13
10 15
10 17
11 1
12 13
12 18
13 10
14 5
14 18
15 5
15 6
15 9
15 17
16 8
16 11
16 13
16 19
17 5
17 8
17 12
18 7
18 11
19 14
19 20
19 21
20 5
20 16
20 21
21 5
21 7
21 10
21 14
21 18
23 1
23 15
24 11
24 19
24 22
24 25
25 8
25 22
Loss 0 0 0 0 0 0 0 0 0 0 0 0 0 0 0 54 9 28 0 81 0 0 0 0 0 
