49 <--# of nodes, 235 edges
1 15
1 18
1 29
2 13
2 22
2 26
2 33
2 36
3 2
3 4
3 19
4 11
4 20
4 48
5 4
5 12
5 43
6 7
6 11
6 17
6 20
6 23
6 27
6 33
6 42
6 48
7 1
7 10
7 20
7 27
7 29
7 41
8 2
8 38
8 46
9 18
9 24
9 27
9 31
9 36
9 41
10 4
10 11
10 34
10 35
10 37
11 10
11 15
11 33
12 1
12 5
12 19
12 30
13 11
13 15
13 25
13 40
13 45
13 48
14 7
14 27
14 32
14 44
14 46
14 49
15 19
15 26
15 32
15 36
15 44
15 45
15 48
16 41
17 3
17 5
17 7
17 20
17 25
17 26
18 9
18 21
18 35
18 49
19 7
19 15
19 20
20 16
20 31
20 47
21 7
21 10
21 22
21 44
21 45
22 13
22 26
22 35
22 42
22 45
23 4
23 12
23 33
23 47
24 11
24 23
24 45
24 48
25 2
25 4
25 18
25 43
26 12
26 20
26 24
26 45
27 6
27 18
27 30
27 33
27 38
28 3
28 13
28 24
28 37
29 4
29 10
29 16
29 49
30 16
30 20
30 23
30 25
30 32
31 16
31 20
31 35
31 38
32 6
32 12
32 23
32 31
32 34
32 37
33 28
33 48
34 5
34 6
34 10
34 19
34 21
34 29
34 35
34 36
34 37
34 41
34 45
35 3
35 7
35 24
35 29
35 46
36 3
36 4
36 30
36 37
36 42
37 6
37 28
37 49
38 10
38 14
38 47
38 49
39 1
39 19
39 34
39 36
39 40
39 43
40 9
40 23
40 41
41 2
41 7
41 27
41 43
41 44
42 3
42 8
42 21
42 24
42 26
42 28
43 5
43 19
43 31
43 42
44 11
44 13
44 14
44 23
44 45
45 4
45 7
45 14
45 22
45 29
45 38
45 41
46 5
46 10
46 30
46 31
46 36
46 42
47 10
47 13
47 30
47 33
47 39
48 6
48 12
48 29
48 39
48 43
48 46
49 4
49 6
49 9
49 15
49 17
49 31
49 34
49 39
49 41
Loss 0 32 0 0 0 0 0 0 0 33 44 58 0 53 0 84 0 0 0 0 0 0 0 0 0 0 16 0 0 0 0 0 76 0 27 0 41 0 62 0 0 0 0 0 0 0 0 0 0 
