66 <--# of nodes, 403 edges
1 18
1 36
1 42
1 55
1 56
1 58
1 61
2 4
2 38
2 64
3 15
3 23
3 26
3 42
3 43
3 55
3 64
4 7
4 8
4 10
4 14
4 41
4 48
4 52
4 62
4 63
5 30
5 44
5 50
6 42
6 43
6 52
7 3
7 10
7 47
7 58
7 66
8 16
8 19
8 29
8 35
8 36
8 59
8 60
8 61
9 10
9 19
9 23
9 27
9 32
9 35
9 37
9 45
9 54
10 31
10 36
10 54
10 60
11 13
11 27
11 47
11 54
11 64
12 7
12 18
12 22
12 26
12 32
13 5
13 7
13 44
13 48
13 60
14 11
14 24
14 35
14 41
14 45
14 50
14 54
15 3
15 14
15 27
15 42
15 52
15 63
16 4
16 12
16 17
16 23
16 35
16 37
16 38
16 45
16 53
16 59
17 2
17 42
17 48
17 50
17 63
18 41
18 47
18 51
19 21
19 32
19 44
19 66
20 4
20 12
20 14
20 15
20 29
20 34
20 36
20 38
20 47
20 50
20 65
21 7
21 16
21 18
21 46
21 49
21 59
21 65
22 11
22 16
22 26
22 45
22 51
22 54
23 9
23 13
23 17
23 26
23 45
23 55
24 15
24 30
24 32
24 37
24 45
24 60
24 65
25 7
25 36
25 42
25 45
25 53
26 1
26 16
27 13
27 14
27 43
27 51
27 52
28 10
28 11
28 13
28 32
28 37
28 46
28 50
28 52
28 61
29 1
29 3
29 5
29 7
29 10
29 28
29 52
29 64
30 41
30 43
30 46
30 48
30 52
30 57
31 25
31 26
31 44
31 60
32 1
32 12
32 13
32 24
32 28
32 52
33 7
33 8
33 17
33 21
33 29
33 34
33 38
33 39
34 22
34 24
34 38
34 60
34 61
34 63
34 64
35 9
35 10
35 12
35 38
35 49
35 51
35 56
35 57
35 60
36 3
36 24
36 26
36 35
36 42
37 7
37 14
37 30
37 32
37 57
38 45
38 46
38 48
38 54
38 59
39 3
39 13
39 26
39 34
39 35
39 44
39 45
39 50
39 66
40 4
40 6
40 10
40 14
40 46
40 49
40 60
40 62
40 64
41 24
41 25
41 35
41 39
41 44
41 46
41 57
42 5
42 20
42 41
42 55
42 64
43 3
43 7
43 17
43 25
43 28
43 34
43 36
43 40
43 57
44 1
44 11
44 18
44 19
44 29
44 49
44 55
44 64
45 4
45 10
45 17
45 19
45 24
45 29
45 37
45 54
45 59
45 62
46 2
46 5
46 18
46 26
46 35
46 38
46 42
46 57
47 6
47 25
47 31
47 39
47 50
47 59
47 61
48 5
48 15
48 23
48 49
48 59
49 9
49 14
49 27
49 41
49 51
50 11
50 17
50 22
50 54
51 7
51 15
51 34
52 3
52 9
52 12
52 20
52 37
52 41
52 44
52 55
52 57
53 27
53 34
53 39
54 7
54 39
54 59
55 1
55 6
55 12
55 16
55 33
55 47
55 49
55 62
56 32
57 6
57 22
57 25
57 36
57 38
57 51
57 63
58 10
58 33
58 41
58 43
58 49
58 52
58 53
59 14
59 64
60 7
60 24
60 28
60 30
60 35
60 39
60 44
60 48
60 57
61 15
61 23
61 47
61 51
61 60
61 63
62 16
62 20
62 24
62 29
62 47
63 14
63 28
63 34
63 37
63 40
63 54
64 14
64 17
64 34
64 42
64 50
64 54
64 55
64 60
65 7
65 15
65 28
65 50
66 8
66 16
66 26
66 28
66 36
66 52
66 57
Loss 0 79 0 79 0 0 0 0 58 0 0 58 0 0 0 0 0 0 69 0 0 0 0 0 0 0 36 0 71 0 0 0 0 42 0 0 56 0 54 0 0 0 26 0 0 93 48 0 0 85 0 0 0 0 0 0 0 70 0 0 0 0 74 0 0 0 
