51 <--# of nodes, 265 edges
1 4
1 5
1 11
1 13
1 30
1 46
2 3
2 4
2 7
2 13
2 20
2 24
2 49
3 4
3 20
3 35
3 39
4 14
4 34
4 45
5 20
5 25
5 49
6 8
6 9
6 14
6 17
6 25
6 34
6 38
7 22
7 34
7 44
7 51
8 1
8 4
8 23
8 36
8 42
8 44
8 48
8 51
9 11
9 38
9 43
10 22
10 24
10 28
10 34
10 47
11 15
11 32
11 38
11 45
12 16
12 20
12 42
12 45
13 5
13 15
13 17
13 44
14 4
14 10
14 12
14 20
14 23
14 34
14 37
14 39
14 48
15 10
15 13
15 25
15 34
15 36
15 51
16 7
16 12
16 24
16 27
16 37
16 39
17 1
17 5
17 15
17 19
18 2
18 3
18 19
18 33
18 41
18 50
19 16
19 37
19 42
19 48
20 5
20 11
20 17
20 18
20 29
20 49
20 50
21 5
21 16
21 25
21 26
21 34
21 40
22 6
22 9
22 24
22 31
22 36
22 39
22 47
22 48
23 10
23 12
23 17
23 26
23 38
23 42
24 2
24 11
24 20
24 22
24 28
24 48
25 2
25 6
25 51
26 4
26 9
26 11
26 13
26 22
26 30
26 36
26 48
27 13
27 16
27 22
27 24
27 30
27 31
28 31
28 50
28 51
29 4
29 31
29 33
29 36
29 40
29 41
30 13
30 33
30 35
30 43
30 44
30 50
31 34
31 42
32 13
32 18
32 26
32 30
32 34
32 38
33 1
33 8
33 13
33 18
33 19
33 23
33 27
33 31
33 34
33 40
33 49
34 5
34 12
34 30
34 39
35 30
36 17
36 20
36 27
36 43
37 1
37 6
37 10
37 11
37 32
37 40
37 44
37 49
38 9
38 10
38 21
38 27
38 40
39 31
39 32
40 28
40 47
40 49
40 51
41 13
41 14
41 16
41 27
41 31
41 32
41 44
41 46
41 50
42 8
42 25
42 31
43 5
43 28
43 29
43 45
43 47
44 9
44 23
44 35
44 38
44 49
44 50
45 4
45 10
45 14
45 18
45 19
45 42
45 51
46 4
46 24
46 35
46 44
46 49
47 13
47 18
47 46
47 51
48 21
48 47
49 9
49 14
49 16
49 18
49 21
49 46
50 12
50 19
50 26
50 33
51 4
51 6
51 28
51 36
51 41
Loss 0 0 0 88 0 0 0 81 0 0 0 73 0 0 0 0 0 0 0 0 97 0 0 0 96 0 0 0 0 0 34 0 0 0 0 0 0 0 2 0 0 0 0 0 0 0 0 91 0 0 0 
