66 <--# of nodes, 409 edges
1 6
1 8
1 21
1 24
1 30
1 35
1 44
1 49
1 50
1 62
2 8
2 17
2 24
2 28
2 33
2 34
2 42
2 45
2 47
2 56
2 63
2 65
3 5
3 14
3 16
3 28
3 44
3 54
4 10
4 26
4 31
4 45
5 1
5 4
5 36
5 41
5 44
5 56
5 58
6 9
6 13
6 22
6 36
6 38
6 48
6 49
6 62
7 20
7 41
7 43
8 5
8 10
8 13
8 42
8 44
8 63
9 6
9 18
9 19
9 20
10 18
10 34
10 40
10 50
10 54
10 63
10 66
11 8
11 16
11 17
11 24
11 27
11 32
11 59
12 30
12 33
12 35
12 46
13 18
13 24
13 41
13 63
14 8
14 19
14 28
14 39
14 48
14 49
14 54
14 62
15 3
15 4
15 11
15 18
15 62
15 64
16 1
16 4
16 37
16 44
16 47
16 53
16 56
16 64
17 14
17 15
17 20
17 29
17 31
17 37
17 39
17 41
17 55
17 56
17 58
18 2
18 7
18 38
18 61
18 62
19 10
19 16
19 18
19 30
19 33
19 34
19 35
19 60
20 1
20 3
20 4
20 19
20 34
20 42
20 48
21 6
21 8
21 13
21 16
21 31
21 32
21 38
21 46
21 52
22 37
22 45
22 58
23 8
23 12
23 21
23 27
23 32
24 21
24 22
24 27
24 35
24 44
24 46
24 50
24 59
25 12
25 26
25 29
25 30
25 33
25 38
25 47
25 52
25 54
26 1
26 27
26 33
26 38
26 40
26 55
27 2
27 6
27 8
27 37
27 54
28 1
28 9
28 12
28 31
28 43
28 50
28 66
29 27
29 33
29 36
29 43
30 19
30 58
30 63
30 66
31 15
31 20
31 25
31 39
31 52
32 17
32 18
32 21
32 28
32 39
32 43
32 65
33 38
33 42
33 59
33 62
34 6
34 24
34 33
34 41
34 48
34 52
34 53
34 63
35 37
36 17
36 29
36 32
36 45
36 50
36 53
37 14
37 15
37 18
37 32
37 35
37 38
37 52
38 14
38 22
39 26
39 27
39 29
39 62
39 63
40 9
40 16
40 31
40 47
41 6
41 7
41 11
41 16
41 23
41 28
41 35
41 36
41 46
42 5
42 33
42 43
42 48
42 49
42 55
42 59
42 62
43 8
43 14
43 25
43 33
43 38
43 50
43 54
43 59
44 4
44 9
44 11
44 29
44 61
44 64
45 8
45 40
45 42
45 61
45 62
45 65
46 7
46 16
46 20
46 30
46 50
46 57
46 65
47 8
47 32
47 45
47 54
47 55
48 25
48 38
48 60
48 63
49 1
49 7
49 32
49 37
49 65
50 6
50 45
50 52
51 23
51 30
51 45
51 49
52 8
52 11
52 20
52 27
52 36
52 46
52 59
53 3
53 4
53 9
53 10
53 15
53 16
53 25
53 42
53 44
53 49
53 56
54 6
54 17
54 37
54 44
54 45
54 51
54 60
55 4
55 8
55 14
55 37
55 39
55 51
55 63
56 7
56 11
56 44
56 45
57 10
57 16
57 17
57 22
57 33
57 41
57 44
57 50
57 52
57 53
57 60
58 6
58 19
59 1
59 34
59 65
60 6
60 8
60 9
60 17
60 21
60 27
60 41
60 57
61 13
61 17
61 25
61 46
61 57
62 3
62 6
62 13
62 28
62 30
62 31
62 32
62 36
62 41
62 43
62 44
62 54
63 8
63 18
63 19
63 26
63 45
64 9
64 20
64 29
64 47
64 53
65 12
65 19
65 30
65 33
65 53
65 59
66 13
66 14
66 25
66 31
66 40
66 44
66 62
Loss 0 0 0 0 0 0 0 0 0 0 0 0 0 0 0 0 98 0 0 0 52 0 0 0 0 0 1 0 0 0 89 0 0 80 0 0 98 0 0 0 0 0 0 0 0 16 0 0 36 0 0 0 0 0 86 0 0 0 0 0 33 0 0 0 0 0 
