26 <--# of nodes, 69 edges
1 3
1 4
1 18
2 17
2 22
2 26
3 1
3 17
4 12
4 13
6 4
6 8
7 9
7 12
7 18
8 7
8 10
8 20
8 22
8 25
9 2
9 8
9 21
10 1
10 5
10 6
10 19
11 1
11 3
12 22
13 1
13 9
14 4
14 7
14 19
14 21
15 7
15 25
16 10
17 6
17 23
18 5
18 16
18 20
19 1
19 10
20 3
20 5
20 14
20 19
21 6
21 14
21 15
22 5
22 12
22 13
22 15
22 20
23 8
23 9
23 26
24 7
24 19
25 8
25 13
25 26
26 1
26 14
26 22
Loss 0 0 0 0 0 0 0 0 0 0 0 0 0 0 0 0 76 0 0 0 0 0 0 26 0 11 
