41 <--# of nodes, 166 edges
1 16
1 21
2 9
2 13
2 14
2 28
3 14
3 17
3 28
4 5
4 7
4 13
5 3
5 17
5 23
5 27
5 40
6 3
6 17
6 27
6 33
6 35
7 17
7 18
8 7
8 29
9 30
10 2
10 14
10 25
10 38
11 3
11 13
11 16
11 22
11 33
11 35
12 9
12 18
12 31
12 32
13 26
13 40
13 41
14 15
14 16
14 25
14 26
14 41
15 4
15 6
15 7
15 14
15 16
15 24
15 30
15 39
16 14
16 19
16 29
16 33
16 39
17 13
17 26
17 36
18 2
18 5
18 8
18 12
18 15
19 2
19 18
20 8
20 18
20 36
21 4
21 8
21 22
21 25
21 26
21 38
22 1
22 6
22 27
22 28
22 33
22 35
22 38
22 40
23 14
23 15
23 24
24 3
24 9
24 11
24 26
24 38
25 1
25 2
25 7
25 28
25 34
25 37
25 38
26 3
26 15
26 16
26 23
26 40
27 21
27 34
28 2
28 9
28 11
28 23
28 31
28 32
29 28
29 41
30 1
30 11
30 28
30 34
30 39
30 41
31 2
31 25
31 36
32 7
32 9
32 39
32 40
33 4
33 10
33 31
34 3
34 5
34 14
34 19
34 22
35 14
35 19
35 22
35 26
36 3
36 6
36 8
36 17
36 23
36 31
37 13
37 17
37 29
37 32
38 6
38 12
38 14
38 22
38 28
39 10
39 22
39 30
40 36
41 19
41 27
41 29
Loss 0 76 0 0 0 0 0 0 0 0 0 0 0 0 0 0 0 0 0 0 0 0 0 0 0 0 0 0 0 0 0 0 0 75 0 0 0 99 0 0 0 
