57 <--# of nodes, 326 edges
1 9
1 26
1 34
1 40
1 50
1 54
2 6
2 17
2 23
2 37
2 48
2 52
3 17
3 24
3 32
3 40
4 9
4 30
4 32
4 45
4 55
5 6
5 7
5 9
5 21
5 46
5 51
6 4
6 18
6 31
6 48
6 51
7 6
7 10
7 11
7 45
8 27
8 28
8 30
8 50
9 1
9 3
9 6
9 11
9 15
9 35
9 41
9 53
9 56
10 2
10 6
10 18
10 22
10 24
10 30
10 38
10 42
10 44
10 54
11 1
11 6
11 18
11 19
11 36
11 41
11 53
12 5
12 29
12 57
13 10
13 44
14 15
14 16
14 29
14 30
14 43
14 51
15 41
15 47
15 49
16 2
16 26
16 31
16 42
16 51
16 56
17 3
17 7
17 8
17 18
17 30
17 38
17 40
17 49
17 56
17 57
18 16
18 22
18 38
18 42
18 56
18 57
19 6
19 17
19 18
19 25
19 28
19 29
19 37
19 38
19 50
20 3
20 4
20 11
20 19
20 23
20 33
20 39
21 4
21 10
21 20
21 36
22 8
22 17
22 27
23 2
23 6
23 15
23 16
23 27
23 44
24 1
24 9
24 10
24 14
24 21
24 23
24 28
24 42
24 44
25 7
25 8
25 15
25 26
25 35
25 39
26 7
26 20
26 41
26 50
27 12
27 26
27 37
27 44
27 51
27 52
27 57
28 1
28 36
28 45
28 48
28 50
29 6
29 14
29 19
29 20
29 23
29 48
30 2
30 11
30 34
30 41
31 9
31 21
31 33
31 48
31 49
31 52
32 3
32 12
32 14
32 15
32 19
32 23
32 26
32 41
32 43
32 56
32 57
33 3
33 8
33 17
33 29
33 31
33 39
33 42
33 47
34 4
34 12
34 16
34 17
34 25
34 29
34 33
34 47
35 15
35 32
35 45
35 52
36 29
36 30
36 37
36 54
37 15
37 39
37 56
38 16
38 17
38 29
38 31
38 33
38 37
38 56
39 6
39 18
39 22
39 27
39 36
39 49
39 50
40 50
40 57
41 12
41 20
41 21
41 31
41 33
41 42
41 52
41 55
42 7
42 13
42 47
42 51
43 3
43 32
43 38
43 39
44 3
44 11
44 12
44 28
44 30
44 35
44 39
45 12
45 19
45 23
45 25
45 29
45 33
46 2
46 10
46 11
46 12
46 31
46 38
46 40
46 45
46 51
46 55
47 11
47 26
48 16
48 21
48 22
48 38
48 40
49 5
49 9
49 25
49 37
49 40
49 56
50 19
50 37
50 44
50 52
50 53
51 5
51 8
51 11
51 20
51 33
51 45
51 57
52 4
52 12
52 15
52 31
52 45
53 11
53 18
53 29
53 43
53 48
54 18
54 22
54 24
54 33
54 38
54 46
54 57
55 5
55 12
55 17
56 3
56 16
56 39
57 13
57 20
57 28
57 44
57 49
57 51
57 55
Loss 0 0 1 0 0 0 0 9 0 0 0 0 0 0 0 0 0 0 0 0 0 0 0 30 0 0 19 0 0 0 0 20 0 65 0 0 0 0 0 0 0 40 0 0 0 0 92 0 0 0 0 15 52 18 0 24 0 
