39 <--# of nodes, 136 edges
1 28
2 22
2 38
3 4
3 23
3 26
3 30
3 31
3 39
4 5
4 15
4 29
4 38
5 20
5 22
5 31
5 35
5 36
5 37
6 22
6 32
7 6
8 4
8 6
8 10
8 12
8 38
9 5
9 6
9 21
9 26
9 29
9 32
9 37
10 1
10 12
10 14
10 34
10 37
11 8
11 17
11 20
12 5
12 7
12 14
12 16
12 21
12 25
12 30
12 33
13 1
13 11
13 34
13 37
14 1
14 2
14 19
14 30
15 23
15 30
16 10
16 23
16 31
17 36
18 7
18 26
18 31
18 39
19 2
19 15
19 23
19 24
20 1
20 26
20 36
20 39
21 14
21 18
21 28
21 37
21 38
22 32
23 7
23 37
24 7
24 19
24 33
24 34
25 9
25 30
25 31
25 35
26 8
26 14
26 36
27 2
27 6
27 14
27 29
28 3
28 29
29 11
29 16
30 26
30 36
31 4
31 23
31 27
31 30
32 14
32 22
32 36
33 12
33 20
33 31
33 37
34 17
34 27
34 31
34 38
35 6
35 9
35 30
35 33
36 4
36 10
36 24
36 38
37 34
38 14
39 1
39 19
39 24
39 29
39 33
39 37
Loss 0 0 0 42 39 0 0 0 0 0 0 0 0 0 8 0 0 0 0 0 0 0 2 0 0 0 0 0 0 0 0 3 0 0 0 0 0 0 0 
