67 <--# of nodes, 408 edges
1 15
1 16
1 17
1 22
1 39
1 49
1 65
2 11
2 12
2 23
2 33
2 66
3 13
3 20
3 43
3 48
4 8
4 20
4 23
4 24
4 37
4 65
5 17
5 18
5 37
5 42
5 48
5 58
5 64
6 9
6 19
6 26
6 35
6 38
6 56
6 64
7 1
7 11
7 16
7 21
7 23
7 38
7 47
7 53
8 3
8 6
8 14
8 38
8 57
9 3
9 23
9 44
9 52
10 4
10 25
10 29
10 46
10 47
10 59
10 60
11 8
11 19
11 25
11 27
11 39
11 51
11 54
11 56
12 21
12 29
12 45
12 67
13 9
13 32
13 42
13 49
13 50
13 61
13 62
13 66
14 22
14 28
14 45
14 48
14 54
14 57
15 7
15 28
15 30
15 46
15 64
15 66
16 17
16 24
16 25
16 37
16 40
16 44
16 46
16 50
16 61
16 66
17 1
17 7
17 10
17 11
17 47
17 52
17 56
17 65
17 67
18 10
18 13
18 33
18 47
18 51
19 23
19 61
20 8
20 9
20 14
20 51
20 59
20 63
21 5
21 17
21 22
21 24
21 33
22 10
22 20
22 34
22 36
22 44
22 51
22 64
22 66
23 16
23 32
23 36
23 38
23 39
23 41
23 54
24 21
24 22
24 43
24 67
25 6
25 40
25 49
25 62
26 13
26 21
26 50
27 23
27 39
27 45
27 59
28 2
28 39
28 42
28 49
28 52
28 54
29 6
29 10
29 15
29 40
29 55
30 6
30 10
30 22
30 33
30 63
30 66
31 8
31 20
31 27
31 43
32 16
32 18
32 50
32 57
33 29
33 43
33 62
34 1
34 12
34 15
34 17
34 21
34 49
34 50
34 64
35 4
35 12
35 15
35 27
35 45
35 66
36 20
36 30
36 46
36 49
36 59
36 60
37 2
37 4
37 5
37 20
37 26
37 43
37 51
37 54
37 60
37 61
38 4
38 9
38 15
38 24
38 48
38 54
39 20
39 24
39 28
39 32
39 43
39 60
40 13
40 34
40 35
40 37
40 50
40 63
40 64
41 7
41 32
41 35
41 40
41 49
41 55
41 57
42 1
42 2
42 8
42 30
42 44
43 7
43 9
43 15
43 27
43 32
43 58
43 61
43 63
44 8
44 19
44 45
44 58
44 63
44 66
45 22
45 28
45 38
45 48
45 49
45 52
45 53
45 58
46 10
46 33
46 63
47 31
47 32
47 56
48 5
48 27
48 30
48 31
48 38
48 46
48 64
49 3
49 35
49 36
49 43
49 44
49 59
50 4
50 35
50 52
51 10
51 18
51 19
51 40
51 55
51 65
52 10
52 36
52 37
52 60
53 7
53 16
53 25
53 51
53 54
53 61
54 1
54 2
54 15
54 18
54 31
54 35
54 49
55 7
55 17
55 40
55 57
55 61
55 64
56 3
56 6
56 18
56 26
56 60
56 62
57 4
57 21
57 22
57 23
57 31
57 47
58 7
58 11
58 17
58 19
58 32
58 33
58 34
58 45
58 50
59 25
59 39
59 40
59 41
59 50
59 57
60 8
60 9
60 12
60 20
60 23
60 33
60 57
61 38
61 46
61 53
61 55
61 58
61 60
62 7
62 41
62 44
62 48
63 19
63 24
63 27
63 34
63 38
63 41
63 43
63 60
64 4
64 6
64 10
64 24
64 43
64 51
64 52
64 62
64 65
65 13
65 43
65 51
65 57
65 59
65 64
65 67
66 8
66 12
66 15
66 27
66 41
66 59
66 63
66 64
67 1
67 8
67 9
67 16
67 18
67 23
67 46
67 50
67 55
67 57
67 63
Loss 0 0 5 0 0 0 0 61 0 8 0 0 0 0 25 0 30 0 0 0 0 0 0 0 0 0 0 0 41 0 0 0 81 0 66 0 12 0 0 42 0 0 44 0 0 0 0 0 1 0 0 78 88 0 0 0 80 0 0 0 0 0 83 6 0 44 0 
