38 <--# of nodes, 153 edges
1 6
1 7
1 14
1 16
1 20
1 29
2 7
2 9
2 14
2 19
2 26
2 36
3 6
3 18
3 19
3 35
4 11
4 13
4 36
5 1
5 26
5 29
5 30
6 1
6 15
6 18
6 26
7 13
7 34
7 38
8 2
8 6
8 11
8 27
8 37
9 2
9 10
9 13
9 17
10 4
10 13
10 16
10 29
10 37
11 1
11 12
11 15
11 25
11 29
12 1
12 8
12 14
12 18
12 20
12 26
12 35
13 3
13 21
13 26
14 16
14 18
14 36
15 2
15 20
15 24
15 26
16 8
16 17
16 26
16 30
17 3
17 35
18 11
19 14
19 21
19 27
19 38
20 6
20 9
20 38
21 4
21 14
21 25
22 5
22 13
22 35
22 37
23 22
23 28
23 34
24 6
24 13
24 16
24 31
24 32
25 3
25 11
25 12
25 18
25 26
25 28
26 3
26 22
27 23
27 32
28 12
28 20
28 24
28 31
28 33
29 18
30 1
30 9
30 27
30 37
31 6
31 17
31 18
31 25
31 26
31 36
32 4
32 9
32 19
32 35
33 3
33 13
33 30
34 2
34 8
34 12
34 13
34 19
34 30
34 36
35 5
35 18
36 2
36 4
36 14
36 17
36 20
36 37
37 5
37 17
37 25
37 31
38 9
38 15
38 27
38 30
38 32
38 37
Loss 0 7 0 0 0 0 0 32 0 0 0 0 0 0 0 54 0 0 0 0 16 0 0 0 0 0 0 0 0 0 0 0 0 20 0 0 96 0 
