40 <--# of nodes, 142 edges
1 10
1 14
1 15
1 18
1 19
1 30
1 34
2 7
2 17
2 28
3 20
3 37
4 6
4 17
4 32
4 37
5 15
5 32
6 5
6 27
6 39
7 16
7 22
7 31
7 32
8 9
8 15
8 26
9 1
9 2
9 5
9 15
9 23
9 27
9 29
9 30
10 13
10 16
10 25
11 2
11 14
11 17
11 21
11 25
12 4
12 9
12 23
12 27
13 10
13 24
13 25
13 28
14 11
14 21
14 31
15 9
15 17
15 18
15 20
15 22
15 37
15 39
16 31
17 7
17 11
17 19
17 26
18 1
18 6
18 21
18 27
18 28
18 29
18 38
19 18
19 30
21 14
21 17
21 23
21 27
21 35
21 37
22 34
22 35
23 30
23 39
24 5
24 14
24 20
24 21
24 25
25 15
25 24
25 30
26 31
27 8
27 28
27 33
27 34
28 1
28 15
28 16
28 18
28 30
29 15
29 38
30 24
30 25
30 38
31 30
31 33
32 3
32 5
32 11
32 13
33 15
33 37
33 38
34 1
34 6
35 7
35 8
35 26
36 5
37 3
37 6
37 7
37 25
37 38
37 40
38 7
38 14
38 16
38 24
38 32
38 37
39 7
39 33
40 5
40 9
40 18
40 25
Loss 0 0 0 0 23 4 0 0 0 52 0 0 0 0 0 97 0 0 8 0 0 0 0 0 80 69 0 0 0 0 0 0 0 0 0 0 0 0 0 0 
