60 <--# of nodes, 369 edges
1 14
1 19
1 28
1 47
1 59
1 60
2 1
2 31
2 38
2 40
2 44
3 2
3 6
3 26
3 34
3 36
3 46
4 8
4 19
4 34
5 6
5 7
5 13
5 21
5 25
5 45
5 47
5 52
6 7
6 20
6 22
6 23
6 24
6 45
6 47
7 18
7 21
7 27
7 39
7 40
7 47
7 50
7 58
7 59
8 9
8 11
8 12
8 23
8 25
8 30
8 35
8 40
8 42
8 46
8 48
8 59
8 60
9 6
9 18
9 19
9 24
9 30
9 43
9 54
10 1
10 9
10 15
10 18
10 48
11 27
11 31
11 38
12 3
12 14
12 17
12 22
12 23
12 24
12 30
12 34
12 36
12 57
12 59
13 1
13 5
13 15
13 17
13 48
14 7
14 9
14 15
14 22
14 28
14 30
14 34
14 37
14 60
15 12
15 16
15 22
15 40
16 15
16 35
16 48
16 50
16 60
17 2
17 11
17 18
17 20
17 25
17 27
17 32
17 46
18 8
18 21
18 38
18 42
18 43
18 56
19 1
19 2
19 11
19 39
19 42
19 54
20 27
20 30
20 39
20 60
21 1
21 23
21 24
21 33
21 42
21 48
21 56
22 4
22 6
22 14
22 37
22 47
22 50
23 7
23 11
23 34
23 43
23 46
24 2
24 10
24 27
24 30
24 32
24 38
24 40
24 43
24 46
24 50
24 51
24 58
25 21
25 22
25 36
25 40
25 43
26 1
26 6
26 22
26 36
26 37
26 46
26 49
26 57
27 5
27 18
27 19
27 32
27 39
27 40
27 43
27 57
27 58
28 15
28 25
28 36
28 43
28 49
28 57
29 36
29 44
29 45
30 4
30 5
30 20
30 24
30 42
30 44
31 19
31 30
31 47
32 8
32 9
32 24
32 59
33 3
33 16
33 27
33 28
33 29
33 37
33 42
34 5
34 11
34 18
34 20
34 31
34 53
35 6
35 10
35 22
35 24
35 31
35 44
36 1
36 12
36 13
36 20
37 15
37 29
37 48
37 54
38 3
38 4
38 17
38 20
38 43
38 44
38 58
39 19
39 25
39 41
40 16
40 23
41 8
41 12
41 18
41 37
42 18
42 20
42 22
42 27
42 34
42 35
42 43
42 46
42 55
43 2
43 8
43 11
43 24
43 27
43 28
44 6
44 11
44 22
44 36
44 54
45 15
45 43
46 20
46 44
46 50
46 55
47 7
47 17
47 24
47 28
47 33
47 49
47 54
48 3
48 5
48 13
48 27
48 29
48 30
48 43
48 45
48 50
49 10
49 36
49 37
49 42
49 59
50 1
50 4
50 22
50 28
50 36
50 42
50 44
50 45
50 58
51 16
51 22
51 35
51 44
51 45
51 55
51 57
52 1
52 4
52 25
52 27
52 31
52 39
52 48
52 51
52 58
52 59
53 5
53 6
53 10
53 14
53 19
53 25
53 44
53 49
54 7
54 29
54 39
54 59
55 3
55 5
55 18
55 22
55 33
55 34
55 41
55 47
55 50
55 56
56 9
56 29
56 42
56 55
57 10
57 13
57 15
57 18
57 29
57 31
58 3
58 5
58 11
58 26
58 28
59 16
59 21
59 24
59 35
59 42
59 47
59 54
60 25
60 32
60 35
60 38
60 46
Loss 0 0 0 0 0 29 53 0 0 0 0 0 0 0 0 0 29 0 0 58 0 0 90 0 0 0 0 78 34 0 83 56 32 0 0 0 0 0 42 0 0 0 0 45 58 57 0 0 0 0 0 0 0 5 0 0 0 0 0 0 
