37 <--# of nodes, 131 edges
1 14
1 17
1 24
2 14
2 36
3 2
3 20
3 23
4 6
4 13
4 22
4 24
4 33
5 2
5 14
5 19
5 26
5 28
5 35
6 2
6 10
6 21
6 31
6 36
7 5
7 6
7 11
7 22
7 28
7 36
8 14
8 37
9 6
9 7
9 31
10 1
10 8
10 19
10 23
10 25
10 26
10 30
10 36
10 37
11 3
11 12
11 23
13 37
14 2
14 11
15 18
15 21
15 36
16 10
16 15
16 24
17 3
17 15
17 31
17 33
18 37
19 7
19 15
19 31
20 8
20 14
20 17
21 8
21 17
21 24
21 32
22 5
22 8
22 16
22 23
23 2
24 8
24 20
24 29
24 33
25 16
25 29
25 30
26 1
26 7
26 15
26 23
26 25
26 35
27 15
27 21
27 35
27 36
28 15
28 17
28 36
29 11
30 17
30 19
31 6
31 17
31 23
31 25
32 17
32 23
32 24
32 30
32 37
33 24
33 28
33 35
34 1
34 3
34 13
34 21
34 28
34 30
35 3
35 9
35 14
35 22
35 26
35 37
36 20
36 22
36 24
36 27
36 37
37 12
37 19
37 29
Loss 0 0 0 62 74 0 0 0 0 0 37 0 59 0 40 0 0 5 0 21 0 0 0 0 0 0 24 0 0 0 0 63 0 0 3 0 0 
