28 <--# of nodes, 86 edges
1 5
1 12
1 16
2 12
2 25
3 10
3 11
4 5
5 6
5 9
5 14
5 17
5 20
5 28
6 3
6 13
7 6
7 18
7 20
7 23
8 4
8 7
8 26
9 14
9 16
9 23
10 4
10 14
11 1
11 9
11 15
11 17
11 27
13 4
13 7
13 25
14 2
15 11
15 12
15 14
15 20
15 23
15 28
16 3
16 23
17 19
17 20
18 13
18 25
19 2
19 24
20 1
20 14
21 3
21 15
22 4
22 6
22 12
23 2
23 4
23 5
23 6
24 1
24 3
24 4
24 11
24 16
24 18
24 21
25 7
26 1
26 2
26 5
26 7
26 21
26 27
27 5
27 9
27 16
27 19
27 24
28 10
28 14
28 22
28 23
28 24
Loss 0 74 0 46 0 0 0 0 0 55 0 35 0 0 0 0 0 0 73 0 0 60 0 0 0 81 0 0 
