44 <--# of nodes, 184 edges
1 14
1 23
1 24
1 28
1 34
2 4
2 6
2 7
2 35
2 37
2 39
3 12
3 37
3 42
4 9
4 16
4 24
4 26
5 14
5 18
5 39
6 7
6 20
6 27
6 30
6 31
6 40
7 2
7 8
7 10
7 12
7 17
7 21
7 31
7 32
7 35
7 44
8 20
8 43
9 7
9 15
9 31
10 1
10 20
10 30
10 38
10 44
11 10
11 23
11 27
11 30
11 33
11 36
11 42
11 43
12 29
12 30
12 35
12 41
13 1
13 9
13 15
13 19
13 25
13 41
14 17
14 24
14 29
15 1
15 2
15 27
15 29
15 31
15 32
15 42
16 4
16 7
16 8
16 27
16 34
16 39
16 44
17 11
17 21
18 39
19 4
19 24
19 33
19 36
20 8
20 10
20 26
20 36
20 44
21 23
21 29
21 31
21 42
22 2
22 33
22 41
23 5
23 8
23 17
23 18
23 22
23 31
23 40
24 4
24 29
25 4
25 13
25 33
25 39
25 41
26 11
26 13
26 21
26 30
27 11
27 13
27 32
27 35
28 7
28 21
28 30
28 33
28 40
29 4
29 7
29 9
29 39
29 41
30 4
30 15
30 19
30 28
30 35
30 38
31 37
31 42
32 19
33 2
33 18
33 31
33 34
33 35
34 4
34 14
35 2
35 4
35 15
35 21
35 43
36 27
37 2
38 16
39 5
39 9
39 10
39 11
39 16
39 28
39 43
40 1
40 19
40 24
40 38
41 16
41 23
41 33
41 34
41 40
42 5
42 9
42 11
42 27
42 36
43 23
43 24
43 33
43 42
44 30
44 43
Loss 0 0 0 0 0 0 0 0 0 0 0 0 89 80 0 0 31 0 0 0 16 0 0 0 0 0 0 0 0 0 0 49 61 0 80 0 2 0 91 0 0 0 0 0 
