31 <--# of nodes, 90 edges
1 10
1 11
1 24
2 15
2 23
2 25
3 7
4 6
4 7
4 11
4 18
5 21
5 27
6 10
7 1
7 5
7 19
7 22
8 4
8 5
8 9
9 10
10 5
10 20
10 22
10 25
11 15
12 30
13 8
13 20
14 3
14 11
14 12
14 15
14 18
14 25
14 31
15 11
15 14
15 19
15 20
15 24
16 1
16 4
16 26
17 1
17 5
17 22
18 9
19 16
19 21
19 30
20 12
20 30
21 9
21 12
21 13
21 20
21 24
22 8
22 9
22 26
23 14
23 25
24 2
24 25
25 7
25 28
26 1
26 6
26 7
26 20
26 29
27 14
27 30
28 15
28 17
28 26
29 7
29 10
29 12
29 20
29 22
30 1
30 20
31 12
31 15
31 20
31 22
31 30
Loss 0 0 0 0 0 0 0 10 0 35 65 0 0 0 0 49 0 0 0 0 91 0 0 65 0 0 0 80 0 42 0 
