54 <--# of nodes, 265 edges
1 5
1 11
1 12
1 20
1 52
2 4
2 13
2 17
2 20
2 33
2 35
2 46
2 48
2 54
3 9
3 16
3 20
3 25
3 35
3 38
4 16
4 27
4 30
5 6
5 19
5 24
5 25
5 34
5 51
5 53
6 4
7 5
7 32
7 38
7 46
7 49
7 51
8 7
8 13
8 31
8 50
9 22
9 39
9 42
9 54
10 24
10 53
11 16
11 43
11 45
12 24
12 25
12 44
13 26
14 7
14 15
14 49
15 11
15 13
15 14
15 32
15 35
15 47
15 48
16 6
16 12
16 26
16 32
16 42
17 4
17 7
17 14
17 33
17 51
18 20
18 26
18 35
19 2
19 10
19 26
19 28
19 39
19 40
19 44
19 48
20 16
20 45
20 53
21 11
21 35
21 53
22 29
22 36
23 4
23 10
23 11
23 16
23 27
23 29
23 30
23 35
24 1
24 4
24 6
24 9
24 10
24 14
24 23
24 47
25 2
25 28
25 29
25 36
25 37
25 45
25 49
26 41
26 43
26 51
27 2
27 3
27 16
27 26
27 52
28 5
28 7
28 13
28 16
28 36
28 39
28 53
28 54
29 4
29 11
29 15
29 23
29 49
30 6
30 20
30 38
30 45
30 51
31 23
31 25
31 39
31 43
31 45
31 47
31 54
32 11
32 12
32 24
32 48
32 52
32 54
33 2
33 7
33 9
33 43
33 49
33 50
34 2
34 4
34 41
34 44
34 53
35 16
35 21
35 25
35 28
35 30
35 39
35 48
36 1
37 15
38 29
38 39
39 5
39 13
39 17
39 24
40 37
40 43
40 51
40 54
41 4
41 16
41 20
41 21
41 26
41 36
41 39
41 43
41 44
42 3
42 11
42 30
42 40
42 44
42 46
43 19
43 33
43 49
44 3
44 6
44 9
44 17
44 18
44 26
44 28
44 33
44 34
44 40
45 35
45 47
46 31
46 51
47 1
47 14
47 54
48 12
48 15
48 21
48 26
48 29
48 34
48 37
48 45
48 49
49 6
49 9
49 24
49 27
49 48
50 21
50 23
50 36
50 39
50 46
50 47
50 52
51 25
51 32
51 37
51 46
51 48
51 53
51 54
52 3
52 23
52 28
52 35
52 36
52 48
53 36
53 45
53 48
53 52
53 54
54 27
54 31
54 37
54 38
54 39
54 45
Loss 0 0 0 0 0 0 0 0 0 0 0 0 13 0 0 0 0 0 0 0 0 0 0 0 0 0 0 0 0 0 0 0 0 30 0 0 0 0 0 0 0 0 0 0 72 0 0 0 0 0 0 0 0 0 
