40 <--# of nodes, 145 edges
1 7
1 9
1 14
1 19
1 23
1 24
2 5
2 32
2 35
3 36
4 8
4 22
4 27
4 34
4 35
5 10
5 15
6 13
6 28
6 29
6 37
8 9
8 23
8 33
8 35
9 11
9 22
9 34
10 8
10 12
10 15
10 26
11 4
11 5
11 26
11 28
11 35
11 36
12 33
12 38
12 40
13 9
13 10
13 37
14 26
14 29
14 34
15 17
15 18
15 20
16 7
16 21
16 33
16 37
18 5
18 30
18 31
18 36
18 38
18 39
19 6
19 13
19 20
19 28
20 4
21 13
21 14
21 34
21 39
22 9
22 16
22 18
22 35
22 40
23 10
23 18
24 8
24 9
24 10
24 13
24 29
24 39
25 4
25 6
25 17
25 24
26 20
26 22
26 25
26 27
26 28
26 29
27 3
28 4
29 3
29 28
30 9
30 29
30 35
30 36
31 11
31 28
31 29
31 36
32 16
32 22
32 24
32 36
32 38
32 40
33 9
33 15
33 17
33 20
33 25
33 32
34 12
34 30
34 37
35 4
35 23
35 24
35 28
35 29
35 30
35 32
36 2
36 18
36 24
37 16
37 19
38 13
38 14
38 17
38 24
38 26
39 11
39 16
39 18
39 24
39 27
39 29
39 31
40 4
40 10
Loss 0 0 0 0 66 0 0 0 0 0 0 94 99 0 0 0 0 0 0 0 51 0 50 11 0 0 0 0 0 7 0 0 0 0 0 0 0 0 0 0 
