47 <--# of nodes, 232 edges
1 18
1 29
1 30
1 32
1 46
2 8
2 11
2 18
2 31
2 35
2 46
3 11
3 15
3 29
3 46
3 47
4 14
4 21
4 31
5 8
5 16
5 17
5 26
5 33
5 41
5 46
5 47
6 17
6 22
6 33
6 43
7 23
7 36
7 41
8 22
8 29
8 41
8 43
8 47
9 15
9 16
9 23
9 25
9 39
10 4
10 5
10 6
10 39
10 45
11 3
11 4
11 10
11 22
11 45
12 4
12 7
12 23
12 43
13 4
13 10
13 14
13 25
13 47
14 1
14 7
15 8
15 14
15 37
15 39
15 44
16 24
16 27
16 30
16 36
16 38
17 15
17 21
17 25
18 10
18 13
18 21
18 38
18 40
19 2
19 28
19 36
19 41
19 44
19 45
20 5
20 6
20 25
20 31
20 37
21 3
21 6
21 11
21 38
22 14
22 20
22 38
23 10
23 25
23 29
23 37
24 6
24 7
24 21
24 23
25 4
25 13
25 27
25 34
26 1
26 7
26 22
26 23
26 32
26 36
26 40
26 42
27 8
27 13
27 23
27 26
27 32
27 41
28 19
28 30
28 43
29 31
29 33
29 36
29 37
29 38
29 39
30 7
30 16
30 21
30 26
30 39
31 10
31 16
31 22
31 26
31 39
31 47
32 2
32 8
32 12
32 20
32 25
32 39
32 45
33 3
33 5
33 16
33 20
33 31
34 2
34 45
34 46
35 13
35 17
35 20
35 27
35 32
35 33
35 44
36 3
36 4
36 18
36 41
37 19
37 26
37 30
37 32
37 35
37 45
38 9
38 14
38 21
38 25
38 40
39 1
39 2
39 17
39 34
39 35
39 36
40 22
40 31
41 4
41 5
41 8
41 15
41 19
41 27
41 31
41 34
41 37
42 19
42 32
42 47
43 2
43 21
43 34
43 35
43 41
44 9
44 10
44 16
44 20
44 25
44 34
44 37
44 40
45 7
45 12
45 18
45 19
45 22
45 41
46 5
46 6
46 24
47 5
47 7
47 9
47 11
47 34
47 44
Loss 0 0 0 0 0 0 0 0 0 58 0 15 0 0 0 64 0 0 0 0 0 96 0 0 77 0 3 0 0 0 34 0 0 0 0 0 0 0 0 0 0 0 0 0 0 0 0 
