57 <--# of nodes, 316 edges
1 7
1 12
1 14
1 16
1 17
1 31
1 51
2 3
2 11
2 31
2 41
2 45
2 55
3 8
3 14
3 27
3 47
4 6
4 16
4 38
4 49
5 18
5 28
5 40
5 48
5 49
5 57
6 1
6 10
6 35
6 36
7 6
7 14
7 39
7 48
8 9
8 12
8 23
8 27
8 32
8 40
8 48
8 50
8 51
9 17
9 27
9 40
9 51
10 20
10 27
10 42
11 4
11 20
11 45
11 46
11 53
12 1
12 20
12 32
12 57
13 12
13 17
13 35
13 42
14 6
14 12
14 39
14 41
14 49
15 8
15 9
15 14
15 24
15 35
15 38
15 40
15 43
15 57
16 25
16 26
16 35
16 44
17 14
17 26
17 27
17 30
17 45
18 16
18 20
18 24
18 27
18 39
18 42
18 45
18 50
18 57
19 4
19 9
19 18
19 21
19 42
20 26
20 39
20 42
20 49
21 1
21 11
21 14
21 29
21 37
21 50
22 25
22 30
22 36
22 48
23 1
23 15
23 33
23 38
23 42
23 49
24 8
24 10
24 15
24 18
24 23
24 50
25 12
25 36
25 39
26 6
26 7
26 51
26 54
26 56
27 3
27 28
27 29
27 33
27 46
27 55
28 11
28 14
28 34
28 49
28 52
28 54
29 13
29 38
29 40
29 41
29 45
29 46
29 52
30 7
30 9
30 14
30 24
30 27
30 35
30 38
30 40
30 46
31 2
31 12
31 27
31 29
31 33
31 37
31 41
31 43
31 56
32 33
32 44
32 55
33 15
33 21
33 31
33 39
33 52
33 53
33 57
34 1
34 21
34 37
35 1
35 7
35 12
35 13
35 20
35 30
35 39
35 48
36 9
36 11
36 20
36 33
36 39
36 40
36 50
37 7
37 24
37 27
37 28
37 42
38 11
38 27
38 45
38 47
38 52
38 56
39 12
39 15
39 33
39 43
39 44
39 48
39 55
40 22
40 30
40 33
40 39
40 55
41 7
41 8
41 14
41 22
41 24
41 31
41 48
41 54
41 55
42 27
42 32
42 39
42 45
42 52
43 13
43 20
43 22
43 26
43 42
43 52
44 13
44 15
44 31
45 23
45 29
45 48
45 52
46 4
46 6
46 8
46 13
46 31
46 42
46 52
46 54
47 4
47 26
47 56
48 1
48 5
48 17
48 25
48 36
48 37
48 52
49 8
49 10
49 20
49 22
49 28
49 40
50 18
50 21
50 22
50 29
50 49
50 51
51 32
51 33
51 48
51 49
52 17
52 20
52 22
52 23
52 27
52 37
52 48
52 56
53 15
53 20
53 37
53 43
53 51
54 16
54 24
54 30
54 32
54 45
54 53
55 15
55 42
56 10
56 15
56 24
56 34
56 41
56 44
56 49
57 5
57 17
57 25
57 48
Loss 0 0 0 0 0 0 0 0 0 0 48 0 0 0 0 0 53 24 0 0 0 0 0 0 0 0 0 0 8 0 35 0 0 0 0 0 97 0 0 66 83 0 0 0 0 45 0 0 0 0 0 0 64 0 0 0 0 
