34 <--# of nodes, 126 edges
1 2
1 27
2 13
2 27
2 28
3 18
3 22
3 31
4 7
4 10
4 12
4 30
4 34
5 8
5 14
5 16
5 21
5 31
6 12
6 23
6 27
6 29
7 4
7 23
7 26
7 27
7 32
7 34
8 26
8 31
9 11
9 20
9 34
10 25
10 28
10 33
11 3
11 13
11 19
11 24
11 26
12 23
13 3
13 33
13 34
14 7
14 10
14 13
14 19
14 20
14 28
15 4
15 9
15 11
15 12
15 18
15 29
16 22
16 34
17 6
17 9
17 22
18 4
18 9
18 29
18 30
19 3
19 6
20 15
20 25
20 31
21 23
22 24
22 29
23 22
23 33
24 15
24 27
24 32
25 3
25 7
25 15
25 16
25 23
26 18
26 29
27 4
27 5
27 12
27 13
27 19
27 21
27 23
27 25
27 29
28 12
28 26
29 15
29 17
29 22
29 31
30 1
30 2
30 4
30 9
30 17
30 18
30 20
30 27
30 32
31 3
31 7
31 12
31 18
31 32
31 34
32 14
32 22
32 23
32 24
33 1
33 5
33 7
33 8
34 11
34 15
Loss 0 0 0 0 0 0 9 0 0 63 22 0 0 0 0 0 58 0 80 0 28 0 0 5 1 0 0 0 0 66 45 0 14 0 
