43 <--# of nodes, 179 edges
1 19
1 21
1 22
1 27
2 13
2 25
2 32
2 41
2 42
3 8
3 34
3 38
4 29
4 38
5 4
5 10
5 16
5 17
5 18
5 21
5 25
5 40
6 9
6 14
6 25
6 31
7 8
7 16
7 20
7 21
7 22
7 27
7 30
7 31
7 39
8 2
8 14
9 6
9 13
9 17
9 19
9 41
10 17
10 36
10 40
10 42
11 17
11 24
11 30
12 3
12 36
12 43
13 3
13 11
13 21
13 25
13 30
13 34
14 10
14 31
14 40
14 42
15 14
15 27
15 28
15 37
15 38
15 42
16 6
16 28
17 24
17 26
17 32
17 34
17 35
17 36
18 7
18 20
18 21
18 30
18 39
19 14
19 18
19 21
19 39
19 41
20 37
20 41
20 43
21 11
21 32
21 40
22 18
22 25
22 42
23 9
23 12
23 21
23 28
23 29
23 39
24 7
24 10
24 32
24 37
24 40
24 42
25 2
25 5
25 13
25 32
25 39
26 5
26 20
26 24
26 29
26 34
27 18
27 26
27 28
28 21
28 27
28 31
29 43
30 4
30 14
30 22
30 42
32 3
32 4
32 14
32 16
33 7
34 6
34 8
34 10
34 29
34 35
34 37
35 1
35 17
35 37
36 9
36 17
36 21
36 31
36 32
37 9
37 27
37 35
37 41
38 6
38 11
38 13
38 20
38 22
38 42
39 5
39 34
39 41
40 23
41 12
41 32
41 37
42 1
42 11
42 14
42 23
43 5
43 9
43 15
43 19
43 23
43 24
43 25
43 30
43 33
43 41
43 42
Loss 0 0 8 0 0 0 0 39 0 0 0 0 10 0 0 99 0 0 0 0 0 0 0 0 0 0 0 0 0 0 35 0 0 31 0 0 0 0 0 77 0 0 0 
