55 <--# of nodes, 299 edges
1 19
1 33
1 43
1 48
2 12
2 13
2 14
2 23
2 50
3 26
3 47
3 54
4 19
4 29
4 36
5 22
5 27
5 29
5 35
6 7
6 26
6 35
6 36
6 43
7 4
7 6
7 35
8 5
8 6
8 13
9 5
9 23
9 31
9 41
9 49
10 20
10 24
10 28
10 45
10 46
10 51
10 53
10 55
11 2
11 10
11 16
11 18
11 23
11 25
11 27
11 32
11 33
11 36
11 41
11 42
11 49
12 2
12 6
12 23
12 29
12 30
12 36
12 54
12 55
13 20
13 33
13 38
13 49
13 54
14 7
14 11
14 35
14 36
14 43
14 45
15 4
15 5
15 28
15 32
15 33
15 39
15 40
15 48
15 51
15 55
16 7
16 12
16 23
16 28
16 33
16 34
16 41
16 52
16 53
17 5
17 49
17 51
18 8
18 29
18 31
18 48
18 52
18 54
19 14
19 16
19 31
19 38
19 50
19 55
20 4
20 38
20 44
20 53
20 54
21 9
21 10
21 17
21 24
21 25
21 35
21 43
22 3
22 12
23 3
23 8
23 42
23 49
23 54
23 55
24 12
24 25
24 35
24 37
24 51
25 3
25 5
25 38
26 20
26 33
26 36
26 49
27 1
27 10
27 19
27 32
27 37
27 48
28 10
28 19
28 42
28 45
28 49
29 1
29 18
29 24
29 30
29 36
29 52
30 1
30 3
30 4
30 9
30 20
30 22
30 29
30 42
30 55
31 17
31 32
31 41
31 42
32 4
32 21
32 28
32 38
33 5
33 16
33 37
33 39
33 50
34 9
34 11
34 13
34 29
35 7
35 14
35 21
35 30
35 55
36 1
36 24
36 28
36 30
36 33
36 50
36 52
37 1
37 12
37 15
37 16
37 18
37 46
38 11
38 27
38 35
39 6
39 8
39 9
39 24
39 26
39 33
39 53
40 7
40 43
41 7
41 13
41 14
41 26
41 27
41 32
41 33
41 43
41 45
41 46
41 49
41 50
42 4
42 7
42 9
42 20
42 30
42 41
42 45
43 16
43 21
43 41
43 44
44 3
44 36
44 43
44 48
45 11
45 16
45 32
45 33
45 41
45 52
46 1
46 11
46 15
46 25
46 26
46 30
46 38
46 40
46 47
47 20
47 28
48 3
48 18
48 25
49 8
49 19
49 37
50 1
50 5
50 6
50 25
51 10
51 14
51 16
51 20
51 23
51 24
51 30
51 44
51 48
51 50
52 6
52 8
52 11
52 17
52 23
52 31
52 33
52 41
53 3
53 12
53 33
54 4
54 7
54 13
54 17
54 28
54 38
55 21
55 43
55 45
55 48
Loss 0 0 0 0 0 0 9 0 0 79 0 0 0 0 0 0 0 0 0 0 0 0 0 0 0 0 70 45 0 0 85 0 0 85 0 0 0 14 14 60 0 40 0 0 0 0 0 0 0 54 1 0 0 0 0 
