27 <--# of nodes, 68 edges
1 23
2 15
2 17
3 8
3 9
3 18
4 3
4 15
4 23
5 9
5 24
5 27
6 23
7 19
8 4
8 22
8 25
8 26
9 4
9 18
9 20
10 9
10 27
11 2
11 5
11 21
11 22
11 25
12 8
12 14
12 17
12 26
13 1
13 8
14 20
15 12
16 12
17 7
18 5
18 11
18 12
18 15
19 13
19 17
20 5
20 9
20 13
20 23
20 25
20 26
20 27
21 8
22 5
22 12
22 18
22 24
24 25
25 13
25 18
25 21
26 9
26 18
26 19
27 1
27 2
27 6
27 15
27 24
Loss 0 0 0 0 0 0 70 0 0 0 0 0 0 0 0 0 31 0 0 0 0 0 0 0 85 0 0 
