60 <--# of nodes, 342 edges
1 8
1 14
1 16
1 31
1 40
1 42
1 43
1 46
1 53
1 58
2 11
2 34
2 38
2 44
2 46
2 51
3 1
3 9
3 22
4 9
4 14
4 20
4 38
4 40
4 50
5 10
5 16
5 24
5 25
5 29
6 2
6 11
6 19
6 20
6 35
6 36
6 58
7 20
7 27
7 36
8 5
8 9
8 15
8 17
8 23
8 33
8 36
8 43
8 52
8 54
8 56
8 60
9 16
9 25
9 27
9 34
9 41
9 50
9 53
9 56
10 6
10 14
10 16
10 21
10 30
10 47
10 52
11 5
11 8
11 41
11 45
11 53
12 6
12 16
12 22
12 36
12 43
13 1
13 17
13 47
13 56
13 57
14 6
14 8
14 19
14 22
14 35
14 39
14 40
14 47
14 48
14 60
15 3
15 9
15 18
15 36
15 39
15 43
15 45
16 5
16 25
16 42
16 47
16 51
16 57
16 59
17 5
17 13
17 27
17 37
17 54
18 25
18 26
18 49
18 56
18 59
19 2
19 3
19 10
20 27
20 36
20 39
20 53
20 55
21 4
21 8
21 16
21 17
21 50
21 57
22 10
22 15
22 21
22 32
22 52
22 58
22 59
23 3
23 6
23 25
23 43
23 49
23 56
24 14
24 15
24 16
24 55
25 35
25 39
25 56
25 57
26 7
26 9
26 12
26 14
26 18
26 28
26 36
26 53
27 9
27 18
27 23
27 33
27 42
27 57
27 59
28 1
28 37
28 40
28 47
29 4
29 23
30 3
30 4
30 39
30 42
30 55
31 15
31 25
31 27
31 38
31 55
31 57
31 60
32 4
32 25
32 37
32 50
33 26
33 38
33 48
34 3
34 26
34 29
34 45
34 48
34 49
34 53
34 54
35 11
35 17
35 22
35 31
35 33
35 41
35 59
36 14
36 17
36 24
36 31
36 37
36 40
36 42
36 43
36 47
36 54
37 3
37 14
37 20
37 24
37 32
37 52
38 3
38 8
38 15
38 32
38 33
38 44
38 56
39 13
39 41
39 56
39 60
40 20
40 35
40 42
40 46
40 48
41 1
41 8
41 12
41 16
41 17
41 48
41 50
41 53
41 58
42 1
42 39
42 49
42 56
42 58
43 4
43 10
43 16
43 28
43 55
44 2
44 5
44 10
44 28
44 29
44 36
44 52
45 39
45 41
45 60
46 3
46 26
46 29
46 32
46 38
46 57
46 60
47 1
47 10
47 29
47 31
47 48
47 50
48 13
48 20
48 24
48 33
48 50
48 57
49 28
49 33
49 37
49 50
49 52
49 58
50 9
50 13
50 22
50 24
50 38
50 44
51 17
51 25
51 38
51 39
52 7
52 48
52 55
52 57
53 3
53 9
53 15
53 30
53 44
53 52
53 54
53 56
54 59
55 7
55 17
55 18
55 22
55 25
55 27
56 14
56 24
56 26
56 45
56 58
57 33
57 36
57 49
57 58
58 1
58 13
58 14
58 52
59 8
59 43
59 56
60 8
60 14
60 21
60 25
60 54
Loss 0 0 0 0 0 0 0 0 0 0 0 0 0 0 31 0 0 47 0 0 0 0 0 0 0 0 0 0 0 0 0 0 0 38 61 0 74 0 0 0 0 0 0 0 0 0 0 30 20 0 0 0 0 0 0 39 0 0 0 16 
