58 <--# of nodes, 328 edges
1 10
1 43
1 45
1 48
1 54
2 13
2 30
2 41
2 48
2 51
2 52
2 55
3 10
3 13
3 17
3 21
3 32
3 46
4 21
4 36
4 45
5 1
5 2
5 7
5 9
5 23
5 50
5 56
6 12
6 17
6 27
6 30
6 35
6 40
6 56
7 21
7 44
7 47
7 56
8 6
8 9
8 30
8 31
8 42
8 43
8 48
8 54
8 55
9 6
9 32
9 48
10 3
10 17
10 19
10 27
10 29
10 32
10 38
10 49
11 20
11 57
12 46
12 57
13 10
13 22
13 40
13 50
13 53
14 3
14 10
14 11
14 33
14 55
15 17
15 47
15 50
16 25
16 33
16 50
17 9
17 10
17 18
17 30
17 34
17 36
17 48
18 2
18 20
18 24
18 37
18 40
18 42
18 45
18 47
18 49
18 51
18 56
19 1
19 42
19 43
19 45
19 52
19 54
19 56
20 5
20 25
20 27
20 37
20 41
20 47
20 51
20 55
21 4
21 9
21 19
21 20
21 27
21 30
21 47
21 48
21 52
21 55
21 56
22 1
22 5
22 14
22 16
22 51
22 58
23 18
23 39
23 43
23 47
24 8
24 18
24 19
24 51
25 4
25 20
25 30
25 34
25 51
26 3
26 15
26 24
26 31
26 40
26 46
26 57
27 10
27 35
27 39
27 43
27 44
27 51
27 55
28 14
28 15
28 46
28 57
29 2
29 11
29 16
29 24
29 26
29 38
29 51
29 58
30 25
30 33
30 42
30 48
30 49
30 53
31 3
32 10
32 11
32 13
32 17
32 42
32 58
33 2
33 20
33 21
33 24
33 27
33 38
33 40
33 56
34 5
34 6
34 11
34 28
34 29
34 33
34 35
34 40
34 52
35 2
35 19
35 52
36 3
36 5
36 14
36 19
36 41
36 51
37 10
37 26
38 3
38 15
38 20
38 45
39 2
39 8
39 18
39 48
39 53
40 6
40 16
40 20
40 22
40 23
40 28
40 36
40 41
40 42
40 53
40 57
41 1
41 5
41 32
41 47
42 4
42 14
42 31
42 40
43 2
43 3
43 16
43 17
43 33
43 45
43 48
43 55
44 4
44 27
44 29
44 48
45 5
45 7
45 16
45 33
45 35
45 52
45 58
46 3
46 13
46 22
46 26
46 39
46 45
46 51
47 2
47 4
47 5
47 6
47 20
47 40
47 42
47 53
47 57
48 5
48 19
48 46
48 56
49 15
49 25
49 50
49 53
50 15
50 17
50 27
50 40
50 51
51 5
51 18
51 38
51 39
51 49
51 57
51 58
52 2
52 3
52 9
52 17
52 28
52 39
52 41
52 44
52 54
53 9
53 12
53 18
53 40
53 42
53 47
53 50
53 52
53 56
54 5
54 20
54 41
54 53
55 9
55 26
55 34
55 35
55 36
55 41
55 44
55 54
56 28
56 47
57 10
57 56
58 11
58 44
Loss 0 0 2 0 0 0 88 0 0 0 0 0 0 0 0 0 0 53 0 0 0 0 0 25 0 88 0 0 0 3 0 89 0 0 0 18 19 0 18 0 0 0 0 0 0 14 0 0 0 75 0 63 0 0 0 0 0 0 
