56 <--# of nodes, 342 edges
1 4
1 20
1 54
2 8
2 10
2 16
2 21
2 40
2 47
2 52
3 5
3 10
3 29
3 30
3 46
3 53
3 54
4 36
4 56
5 8
5 10
5 14
5 19
5 29
5 38
5 48
6 10
6 14
6 18
6 40
6 45
7 9
7 19
7 20
7 22
7 23
7 26
7 28
7 42
8 15
8 25
8 26
8 27
8 35
8 55
9 21
9 28
10 1
10 23
10 29
10 32
10 36
10 46
10 47
11 15
11 16
11 36
11 41
12 24
12 42
13 2
13 12
13 32
13 35
13 39
13 48
13 49
14 1
14 19
14 43
14 54
15 3
15 31
16 7
16 12
16 35
16 52
16 53
17 6
17 7
17 13
17 18
17 24
17 33
17 36
17 43
18 2
18 4
18 8
18 32
19 2
19 13
19 25
19 30
19 32
19 41
19 45
19 49
19 55
20 7
20 18
20 45
20 51
20 56
21 9
21 19
21 25
21 33
21 45
21 52
21 54
22 26
22 33
22 45
23 8
23 14
23 19
23 30
23 38
23 39
23 40
23 42
24 8
24 11
24 32
24 35
24 53
24 54
25 8
25 10
25 14
25 16
25 22
25 29
25 30
25 36
25 46
25 49
25 50
26 6
26 8
26 19
26 37
26 47
27 3
27 4
27 9
27 17
27 18
27 21
27 22
27 41
27 46
27 49
27 52
27 56
28 3
28 4
28 12
28 13
28 41
28 43
29 9
29 27
29 42
30 1
30 10
30 12
30 17
30 21
30 22
30 29
30 34
30 36
30 38
30 43
30 53
30 56
31 3
31 30
31 37
31 39
31 43
31 55
32 1
32 20
32 41
32 50
33 9
33 10
33 13
33 21
33 22
33 26
33 56
34 24
34 40
34 53
35 10
35 27
35 32
35 33
35 37
35 39
35 43
35 44
35 52
35 54
36 9
36 11
36 23
36 25
36 27
36 30
36 31
36 48
36 55
37 20
37 22
37 31
37 33
37 41
37 44
37 50
38 34
38 37
38 39
39 4
39 8
39 10
39 14
39 29
39 36
39 45
40 26
40 41
40 46
40 48
40 52
41 12
41 16
41 18
41 39
41 54
41 56
42 16
42 21
42 26
42 29
42 38
42 53
42 54
43 7
43 10
43 14
43 16
43 20
43 38
43 40
43 53
44 12
44 22
44 23
44 33
44 41
44 46
44 48
44 52
44 54
45 2
45 4
45 8
45 12
45 16
45 25
45 41
46 9
46 10
46 18
46 23
47 4
47 10
47 23
47 25
47 29
47 41
48 4
48 5
48 16
48 22
48 49
48 50
48 53
49 16
49 25
49 26
49 28
49 39
50 14
50 15
50 23
50 38
50 45
50 48
50 51
50 53
50 54
51 4
51 5
51 14
51 18
51 32
51 44
51 47
51 48
52 8
52 15
52 19
52 32
52 41
53 2
53 24
53 26
53 32
53 44
54 6
54 19
54 21
54 31
54 34
54 49
55 8
55 18
55 22
55 52
56 6
56 7
56 18
56 26
56 34
56 39
56 48
Loss 0 57 0 0 0 0 0 0 0 0 0 73 0 0 0 0 0 0 0 0 0 46 0 0 0 0 0 9 0 0 0 0 62 0 0 0 0 0 0 39 69 49 0 0 0 0 0 0 0 15 55 0 0 0 0 0 
