60 <--# of nodes, 360 edges
1 10
1 20
1 25
1 26
1 27
1 31
1 42
2 1
2 12
2 25
2 41
2 43
2 49
2 53
2 55
3 15
3 48
3 49
3 58
4 2
4 3
4 8
4 44
4 50
5 9
5 14
5 39
5 48
5 60
6 9
6 10
6 11
6 13
6 20
6 33
6 34
6 40
6 43
6 45
7 6
7 11
7 17
7 49
7 60
8 21
8 29
8 37
8 56
9 44
9 56
10 6
10 7
10 12
10 20
10 27
10 33
11 8
11 48
11 52
11 55
11 57
12 3
12 15
12 16
12 17
12 35
12 38
12 51
13 14
13 44
13 49
14 2
14 9
14 13
14 35
14 41
14 45
14 52
15 16
15 27
15 30
15 31
15 33
15 35
15 36
15 39
15 48
15 57
16 2
16 3
16 4
16 15
16 22
16 25
16 33
16 40
16 43
17 11
17 12
17 25
17 31
17 49
17 54
17 60
18 14
18 17
18 19
18 34
18 36
18 41
18 53
19 14
19 16
19 31
19 43
19 57
20 23
20 30
20 46
20 59
21 2
21 8
21 11
21 17
21 29
21 44
22 1
22 6
22 18
22 24
22 26
22 39
22 55
23 1
23 2
23 25
23 37
23 42
23 48
23 49
23 57
24 5
24 13
24 19
24 25
24 39
24 50
24 56
25 14
25 22
25 27
25 31
25 41
25 51
26 6
26 7
26 12
26 20
26 22
26 24
26 37
26 42
26 51
26 58
27 12
27 17
27 26
27 28
27 45
28 13
28 26
28 32
28 38
28 42
28 53
28 56
29 4
29 14
29 20
29 31
29 35
29 40
29 41
29 47
29 55
30 15
30 29
30 35
30 37
31 15
31 25
31 29
31 49
31 58
32 23
32 46
32 52
32 53
32 59
33 8
33 13
33 25
33 31
34 5
34 8
34 33
34 38
34 40
34 50
34 52
35 17
35 18
35 25
35 27
35 38
35 55
35 56
36 2
36 3
36 12
36 14
36 18
36 41
36 54
37 5
37 24
37 30
37 35
37 45
37 47
37 50
37 51
38 6
38 22
38 24
38 27
38 29
38 32
38 52
38 54
38 58
39 18
39 43
40 1
40 3
40 22
40 51
41 19
41 25
41 28
41 30
41 36
41 53
41 55
41 57
42 1
42 15
42 25
42 29
42 43
42 52
42 57
43 16
43 22
43 28
43 38
44 18
44 26
44 30
44 35
44 55
44 59
44 60
45 21
45 31
46 1
46 25
46 28
46 31
46 33
46 36
46 44
46 54
46 57
47 6
47 8
47 45
48 9
48 24
48 56
49 3
49 6
49 16
49 28
49 34
49 41
49 60
50 17
50 18
50 23
50 28
50 35
50 36
50 40
50 43
51 13
51 25
51 31
51 49
51 55
52 6
52 21
52 27
53 40
53 42
53 43
54 2
54 3
54 4
54 9
54 10
54 11
54 16
54 17
54 23
55 5
55 8
55 14
55 17
55 21
55 31
55 38
55 41
55 53
56 19
56 21
56 45
56 46
56 59
57 9
57 10
57 12
57 20
57 53
58 2
58 6
58 21
58 43
58 50
59 4
59 10
59 22
59 33
59 36
60 10
60 17
60 43
60 45
60 47
60 57
Loss 0 78 0 0 0 78 0 0 0 0 0 0 0 0 94 18 0 0 12 0 0 0 0 0 0 0 0 0 0 68 0 0 0 0 0 0 0 62 0 0 0 0 0 0 0 0 0 0 18 0 0 0 0 0 0 0 0 0 0 0 
