45 <--# of nodes, 210 edges
1 21
1 23
1 36
2 3
2 6
2 11
2 25
2 35
2 38
3 30
3 37
3 40
4 11
4 16
4 22
4 39
5 4
5 19
6 3
6 4
6 11
6 12
6 16
6 25
6 30
7 2
7 6
7 14
7 15
7 27
7 30
7 31
8 1
8 2
8 6
8 17
8 26
8 27
8 28
9 10
9 14
9 25
9 38
9 40
10 13
10 32
10 34
10 40
10 43
11 20
11 33
11 36
12 14
12 18
12 27
12 28
12 33
12 41
13 3
13 4
13 11
13 43
13 45
14 24
14 27
15 8
15 30
15 36
15 43
15 44
16 20
16 42
16 45
17 14
17 15
17 20
17 39
18 7
18 23
18 24
18 26
18 29
18 34
18 38
19 1
19 4
19 12
19 20
19 33
19 37
19 45
20 4
20 32
20 37
20 41
21 4
21 5
21 9
21 16
21 19
21 22
21 24
21 25
21 35
21 39
21 40
22 24
22 33
23 5
23 6
23 14
23 29
23 34
24 17
24 32
24 37
25 7
25 13
25 19
25 27
25 36
25 39
25 41
26 17
26 21
27 2
27 7
27 15
27 30
27 36
28 13
28 18
28 19
28 31
28 43
29 3
29 16
29 17
30 1
30 24
31 22
31 25
31 37
32 2
32 4
32 24
32 35
32 36
32 40
33 3
33 21
33 22
33 26
33 30
33 34
33 35
34 18
34 35
35 16
35 22
35 33
35 39
36 20
36 37
37 27
37 29
37 43
38 7
38 9
38 10
38 18
38 20
38 26
38 27
38 44
38 45
39 4
39 18
39 22
39 26
39 30
39 33
40 13
40 21
41 6
42 1
42 16
42 23
42 25
42 36
43 8
43 25
43 41
44 3
44 14
44 17
44 19
44 20
44 23
44 36
44 40
45 2
45 12
45 18
45 20
45 24
45 25
45 33
45 36
45 37
Loss 0 0 0 0 0 0 0 0 0 0 0 78 65 0 0 0 0 0 15 0 0 0 0 0 0 73 0 0 77 0 0 0 0 0 13 0 0 0 0 97 0 8 0 0 0 
