52 <--# of nodes, 273 edges
1 14
1 39
2 9
2 11
2 17
2 45
3 11
3 25
3 37
4 35
5 4
5 6
5 7
5 15
5 19
5 21
5 22
5 24
5 40
5 50
5 52
6 12
6 14
6 20
6 36
6 40
6 52
7 1
7 2
7 6
8 4
8 19
8 21
8 28
8 44
8 46
9 2
9 32
9 35
9 48
10 8
10 18
10 25
10 28
10 29
10 34
10 36
10 44
10 45
11 3
11 15
11 28
11 30
11 34
11 36
11 45
11 48
12 10
12 11
12 24
12 28
12 45
13 2
13 4
13 11
13 22
13 26
13 31
13 40
13 49
14 7
14 20
14 23
14 27
14 46
15 4
15 19
15 52
16 2
16 6
16 15
16 28
16 35
16 38
16 49
16 50
17 5
17 9
17 15
17 41
18 15
18 22
18 26
18 43
18 49
19 1
19 2
19 12
19 45
19 52
20 7
20 8
20 17
21 3
21 15
21 38
21 50
22 7
22 18
22 34
23 1
23 11
23 27
23 39
23 49
23 51
24 10
24 17
24 29
24 35
24 37
24 42
25 4
25 8
25 10
25 23
25 33
25 42
25 44
26 2
26 13
26 17
26 19
26 38
26 39
26 41
27 2
27 22
27 37
27 43
27 47
27 49
28 2
28 10
28 26
28 38
28 39
28 49
28 52
29 5
29 12
29 20
29 26
29 42
30 22
30 26
30 29
30 41
31 13
31 23
31 41
32 7
32 18
32 26
32 27
32 29
32 37
32 45
33 2
33 3
33 7
33 20
33 21
33 30
33 31
33 32
33 39
33 43
34 16
34 37
34 40
35 17
35 21
35 23
35 25
35 36
36 28
36 33
36 34
36 35
36 41
37 22
37 27
37 29
37 38
37 49
38 8
38 9
38 23
38 34
38 41
38 45
38 51
39 3
39 7
39 13
39 14
39 21
39 33
40 1
40 10
40 12
40 38
40 51
41 2
41 4
41 12
41 20
41 34
41 40
41 51
42 12
42 27
42 29
42 39
43 4
43 23
43 48
43 49
44 8
44 22
44 50
45 3
45 10
45 12
45 19
45 29
45 35
45 36
45 38
46 7
46 12
46 16
46 32
46 37
46 40
46 45
46 47
47 3
47 24
47 39
47 41
47 42
48 6
48 21
48 33
49 39
49 43
49 50
50 28
50 29
50 35
50 43
51 8
51 13
51 18
51 31
51 32
51 44
51 50
51 52
52 35
52 39
Loss 0 0 0 32 0 0 0 0 0 0 54 58 0 87 0 0 0 17 0 0 12 22 0 56 0 0 0 0 20 30 0 80 0 0 0 0 0 26 0 0 62 0 0 19 0 0 3 0 0 0 24 63 
