39 <--# of nodes, 149 edges
1 7
1 16
1 18
2 1
2 8
2 16
2 19
2 21
2 26
2 31
2 35
3 23
3 29
3 36
4 14
4 15
4 18
4 23
4 26
5 2
5 7
5 18
5 22
5 24
5 29
5 33
6 14
6 35
7 30
7 32
8 4
8 11
9 30
10 9
10 15
10 38
11 13
11 25
11 37
12 1
12 5
12 6
12 9
12 16
12 19
12 21
12 24
13 7
13 12
13 30
13 38
14 16
14 28
14 37
15 16
15 20
15 27
16 36
17 2
17 16
17 30
17 38
17 39
18 3
18 32
18 33
19 13
19 24
19 28
19 32
19 35
20 5
20 13
20 16
20 29
21 6
21 12
21 28
21 38
22 19
22 27
23 7
23 14
23 18
23 25
23 26
24 9
24 25
25 8
25 33
26 8
26 10
26 21
26 23
27 9
27 11
27 14
27 24
27 31
28 13
29 19
29 27
29 30
29 37
30 1
30 6
30 28
31 5
31 7
31 26
31 30
31 36
32 3
32 9
32 10
32 15
32 17
32 21
32 25
32 34
32 37
33 7
33 26
33 31
34 1
34 37
35 11
35 13
35 20
35 32
35 33
36 3
36 5
36 25
37 8
37 9
37 12
37 20
37 26
37 36
38 2
38 4
38 23
38 37
39 5
39 7
39 19
39 24
39 27
Loss 0 0 0 51 0 0 75 57 0 0 18 0 0 0 15 0 0 20 0 0 0 6 43 0 0 0 0 0 0 63 0 0 0 86 0 0 0 0 0 
