67 <--# of nodes, 426 edges
1 7
1 11
1 26
1 33
1 43
1 44
1 51
1 63
2 11
2 27
2 28
2 29
2 40
2 56
3 12
3 16
3 19
3 24
3 31
3 35
3 39
3 45
3 48
3 49
3 50
3 59
3 64
4 42
4 44
4 51
5 15
5 32
5 37
5 43
5 48
5 56
6 27
6 43
6 47
6 59
7 12
7 16
7 31
7 40
7 47
7 49
7 53
7 60
8 4
8 28
8 31
8 33
8 37
8 53
8 60
8 63
8 64
9 7
9 14
9 52
9 53
9 57
9 61
10 15
10 16
10 23
10 34
10 47
10 67
11 19
11 32
12 2
12 3
12 28
12 35
12 41
12 51
12 58
13 17
13 18
13 25
13 35
13 36
13 42
13 58
14 10
14 24
14 27
14 42
14 53
14 55
14 58
14 61
15 12
15 22
15 47
15 54
15 57
16 5
16 12
16 26
16 31
16 39
16 45
16 49
16 52
16 55
16 61
16 63
17 10
17 20
17 37
17 42
17 48
17 62
17 63
18 3
19 1
19 8
19 51
19 53
20 15
20 22
20 24
20 30
20 41
20 49
20 66
21 46
21 52
21 67
22 2
22 11
22 19
22 23
22 32
22 35
22 46
22 52
22 54
22 63
22 64
22 66
23 22
23 50
23 55
24 16
24 18
24 28
24 49
24 58
25 3
25 17
25 30
25 44
25 47
25 48
25 53
25 61
25 66
26 5
26 14
26 17
26 38
26 45
26 51
26 58
26 62
27 6
27 30
27 33
27 36
27 46
27 49
27 60
28 2
28 10
28 25
28 38
28 41
29 16
29 28
29 30
29 34
29 41
29 56
29 58
29 62
30 12
30 59
30 67
31 2
31 29
31 44
31 54
31 55
31 62
31 66
32 16
32 19
32 29
32 33
32 36
32 38
32 39
32 43
32 52
32 54
32 61
32 63
32 66
33 13
33 22
33 23
33 24
33 60
33 63
33 66
34 19
34 56
35 1
35 4
35 16
35 21
35 23
35 27
35 29
35 51
35 58
36 13
36 15
36 19
36 32
36 38
36 56
36 57
36 59
37 14
37 15
37 19
37 21
37 42
37 49
37 60
37 62
38 11
38 15
38 24
38 29
38 37
38 41
39 8
39 19
39 46
39 64
40 2
40 13
40 16
40 19
40 30
40 49
40 56
41 9
41 18
41 19
41 20
41 32
41 35
41 47
41 63
41 66
41 67
42 10
42 19
42 20
42 31
42 49
42 56
43 1
43 20
43 23
43 47
43 66
43 67
44 3
44 23
44 26
44 31
44 38
44 53
45 3
45 9
45 16
45 29
45 40
45 57
45 60
45 62
46 44
46 66
47 29
47 42
48 2
48 8
48 25
48 26
48 46
48 51
48 54
49 9
49 24
49 25
49 48
49 61
49 67
50 5
50 8
50 12
50 32
50 34
50 35
50 54
51 21
51 36
51 57
52 2
52 3
52 5
52 15
52 18
52 26
52 38
52 58
53 4
53 15
53 18
53 21
53 52
54 57
54 60
54 63
55 41
55 44
55 47
55 49
55 52
55 66
56 2
56 7
56 22
56 28
56 57
56 66
57 2
57 6
57 8
57 24
57 27
57 29
57 41
57 50
57 52
57 67
58 16
58 23
58 38
58 51
58 61
58 66
59 9
59 12
59 13
59 16
59 24
59 31
59 38
59 43
59 53
60 5
60 6
60 15
60 23
60 28
60 43
60 44
61 4
61 17
61 18
61 26
61 32
61 44
61 46
61 47
61 59
62 8
62 44
62 53
62 66
63 3
63 35
63 42
63 46
63 52
63 67
64 13
64 32
64 36
64 57
65 8
65 14
65 20
65 24
65 31
65 40
65 43
66 7
66 25
66 27
66 39
66 40
66 44
66 49
66 53
67 17
67 58
67 59
Loss 0 67 0 0 0 70 68 0 0 0 79 0 70 92 0 0 0 0 0 0 0 0 0 0 0 0 16 0 0 0 0 0 0 0 0 0 0 0 0 0 0 50 60 0 0 0 0 95 0 0 13 0 25 0 0 0 0 1 97 0 0 0 0 0 0 0 0 
