52 <--# of nodes, 263 edges
1 2
1 4
1 22
1 29
1 32
1 38
1 39
2 11
2 21
2 31
2 42
3 6
3 21
3 24
3 47
4 7
4 10
4 18
4 33
4 36
4 41
4 47
5 6
5 13
5 15
5 17
5 26
5 48
6 1
6 11
6 17
6 18
6 20
6 27
6 29
6 33
6 44
6 45
6 50
8 15
8 19
8 50
8 51
9 6
9 14
9 52
10 1
10 40
10 45
10 47
11 8
11 29
11 37
11 38
11 39
12 14
12 24
12 30
12 37
12 39
12 46
12 47
13 3
13 5
13 6
13 10
13 11
13 16
13 23
13 41
13 42
13 44
13 50
13 52
14 13
14 15
14 31
14 39
14 46
14 51
15 29
15 37
15 41
15 44
16 1
16 10
16 11
16 22
16 25
16 34
16 41
16 44
16 51
17 14
17 35
18 8
18 19
18 23
18 31
18 34
18 44
19 5
19 36
20 10
20 16
20 18
21 4
21 5
21 22
21 45
21 48
22 19
22 27
22 35
22 49
23 2
23 4
23 15
23 24
23 31
23 33
23 51
24 1
24 3
24 7
24 18
24 33
24 41
25 29
25 37
25 46
26 13
26 28
26 44
26 52
27 14
27 28
27 29
27 47
28 2
28 10
28 12
28 13
28 23
28 32
28 33
29 10
29 24
29 30
29 36
29 49
30 2
31 5
32 2
32 6
32 12
32 16
32 24
32 25
32 29
33 4
33 13
33 22
33 36
33 41
34 40
34 41
34 50
35 7
35 8
35 10
35 11
35 24
35 29
35 32
35 34
35 36
35 37
35 43
35 50
36 7
36 21
36 32
37 26
37 29
37 39
37 47
38 5
38 6
38 13
38 26
38 27
38 40
38 42
38 48
39 22
39 30
39 40
40 36
41 16
41 19
41 24
41 27
41 44
42 2
42 6
42 22
43 13
43 16
43 21
43 32
44 2
44 18
44 27
44 43
44 50
44 52
45 2
45 7
45 18
45 19
45 35
45 44
46 11
46 15
46 31
46 33
46 45
47 1
47 10
47 16
47 24
48 7
48 9
48 11
48 16
48 19
48 21
48 22
48 37
49 22
49 38
49 39
49 40
49 43
50 14
50 25
50 32
50 45
50 51
51 1
51 3
51 21
51 25
51 26
51 28
51 46
52 7
52 11
52 20
52 27
52 40
52 42
Loss 0 0 0 0 0 0 0 0 0 0 0 89 0 0 0 0 0 0 0 0 39 0 5 58 0 94 0 0 0 0 0 0 0 0 0 0 0 0 0 21 0 0 0 0 0 0 0 0 0 0 0 0 
