50 <--# of nodes, 234 edges
1 23
1 37
1 49
1 50
2 16
2 22
2 26
2 31
2 45
3 7
3 11
3 12
3 16
3 19
3 24
3 34
3 44
3 48
4 1
4 7
4 11
4 13
4 23
5 6
5 11
5 44
6 18
6 33
6 50
7 15
7 27
7 30
7 46
7 47
8 13
8 14
8 22
8 30
8 34
8 35
8 44
8 50
9 10
9 12
9 19
9 30
9 33
9 38
9 41
10 25
10 32
10 39
10 49
11 9
11 13
11 29
11 50
12 13
12 25
12 39
12 50
13 22
13 30
13 31
13 32
14 10
14 12
14 20
14 25
14 37
14 50
15 16
15 26
15 32
15 37
15 41
15 47
16 28
17 8
17 33
18 1
18 6
19 1
19 2
19 29
19 40
19 45
20 23
20 31
20 36
21 7
21 10
21 28
21 38
21 43
21 44
22 4
22 27
22 40
22 44
22 48
23 9
23 13
23 17
23 24
23 27
23 41
23 42
24 1
24 2
24 6
24 9
24 22
24 28
24 35
25 1
25 2
25 9
25 13
25 19
25 23
25 29
25 30
26 5
26 11
26 13
26 14
26 18
26 21
26 28
26 31
26 43
27 4
27 9
27 21
27 26
27 28
27 38
28 3
28 7
28 22
28 34
28 38
28 43
29 8
29 11
30 10
30 22
30 24
30 26
30 37
31 27
32 7
32 18
32 20
32 30
32 31
32 44
33 3
33 25
33 28
34 1
34 15
34 22
34 31
34 43
34 44
35 10
35 12
35 26
35 28
35 32
35 44
35 45
36 13
36 15
36 19
36 21
36 41
36 44
37 15
37 25
37 49
38 2
38 10
38 16
38 22
38 25
38 43
39 12
39 15
39 27
40 1
40 20
40 38
41 20
41 43
42 26
42 35
42 47
43 3
43 4
43 11
43 27
43 45
44 2
44 9
44 14
44 21
44 31
44 34
44 48
45 11
45 27
45 38
45 41
46 12
46 23
46 45
47 36
47 44
48 19
48 33
49 21
49 23
49 37
49 46
50 2
50 8
50 16
50 22
50 23
50 40
50 48
Loss 0 0 0 0 0 0 0 0 0 0 0 0 0 0 0 20 0 0 0 22 0 0 0 0 0 34 0 0 0 0 75 0 0 0 0 47 0 0 0 0 0 0 0 0 0 0 73 0 0 0 
