66 <--# of nodes, 422 edges
1 54
1 61
1 64
1 65
2 1
2 11
2 14
2 16
2 19
2 20
2 27
2 35
2 41
2 43
2 56
3 9
3 12
3 15
3 17
3 20
3 30
3 54
3 59
3 60
4 2
4 6
4 11
4 14
4 22
4 41
4 54
4 58
4 59
5 27
5 29
5 34
5 43
6 28
6 29
6 30
6 40
6 50
6 60
7 12
7 35
7 45
7 48
7 52
8 6
8 11
8 21
8 34
8 45
8 49
8 50
8 51
8 53
9 7
9 19
9 28
9 32
9 40
9 43
10 5
10 8
10 11
10 14
10 30
10 62
11 6
11 14
11 15
11 31
11 55
11 65
12 5
12 15
12 16
12 27
12 35
12 54
13 6
13 7
13 32
13 34
13 41
13 47
13 49
14 5
14 20
14 23
14 26
14 27
14 31
14 35
14 43
14 57
15 23
15 30
16 4
16 12
16 19
16 46
16 62
16 65
17 5
17 23
17 32
17 42
17 53
17 54
18 2
18 25
18 52
19 2
19 6
19 8
19 27
19 31
20 3
20 12
20 13
20 15
20 28
20 34
20 41
21 3
21 11
21 12
21 19
21 23
21 55
21 59
21 60
21 64
21 65
22 1
22 21
22 24
22 27
22 29
22 41
22 52
23 7
23 25
23 39
23 44
23 53
24 8
24 17
24 26
24 28
24 29
24 32
24 38
24 43
24 50
24 64
24 66
25 5
25 7
25 15
25 31
25 33
25 35
25 43
25 49
25 58
25 60
25 62
26 6
26 10
26 11
26 13
26 40
26 51
27 1
27 18
27 21
27 36
27 54
27 58
28 10
28 16
28 24
28 26
28 38
29 2
29 16
29 18
29 22
29 48
29 58
29 60
29 61
29 63
30 7
30 18
30 41
30 47
30 52
31 3
31 4
31 5
31 11
31 17
31 30
31 34
31 39
31 41
31 59
32 27
32 39
32 46
32 47
32 52
32 66
33 1
33 27
33 30
33 55
33 63
34 7
34 14
34 25
34 28
34 35
34 48
34 51
34 64
34 66
35 5
35 30
35 45
35 46
35 49
35 52
35 57
35 65
36 49
36 53
37 4
37 14
37 16
37 20
37 25
37 29
37 51
38 5
38 9
38 10
39 5
39 7
39 17
39 52
40 17
40 33
40 42
40 59
40 66
41 13
41 17
41 22
41 42
41 46
41 58
41 60
42 7
42 10
42 18
42 28
42 38
42 40
42 41
42 52
42 62
43 2
43 5
43 29
43 33
43 48
43 56
44 7
44 20
44 45
44 49
45 10
45 18
45 26
45 33
45 34
45 57
45 64
46 5
46 12
46 21
46 22
46 24
46 33
46 35
46 47
46 53
46 60
47 3
47 16
47 19
47 30
47 56
47 65
48 2
48 14
48 19
48 29
48 66
49 20
49 28
49 32
49 36
49 41
49 61
50 10
50 19
50 63
51 6
51 8
51 31
51 36
51 37
51 45
51 46
51 52
51 55
52 4
52 21
52 26
52 28
52 32
52 54
52 62
52 63
53 10
53 20
53 58
53 60
53 66
54 1
54 12
54 40
54 64
55 10
55 24
55 25
55 31
55 37
55 52
56 34
56 35
56 43
56 45
57 3
57 18
57 43
57 46
58 8
58 25
58 26
58 36
58 49
58 51
58 62
58 63
59 34
59 35
59 37
59 45
59 57
59 63
59 65
60 2
60 13
60 17
60 26
60 40
60 53
61 4
61 50
61 62
61 64
62 2
62 9
62 14
62 16
62 24
62 41
62 51
62 52
62 60
63 16
63 19
63 29
63 55
64 12
64 33
64 51
64 53
64 57
65 9
65 10
65 14
65 24
65 33
65 35
65 57
65 59
66 1
66 21
66 22
66 33
66 36
66 45
66 54
66 59
Loss 0 0 0 0 0 0 0 0 61 0 0 0 0 0 0 0 0 0 0 0 40 0 0 0 0 0 0 0 0 0 0 0 0 6 0 0 0 50 0 0 3 0 0 0 0 25 0 0 0 0 0 0 0 0 0 0 0 0 0 0 0 0 0 0 0 73 
