62 <--# of nodes, 375 edges
1 4
1 23
1 34
1 48
1 56
2 6
2 25
2 26
2 36
2 39
2 54
2 55
3 5
3 7
3 12
3 14
3 22
3 30
3 34
3 45
3 51
3 57
3 60
4 19
4 21
4 30
4 33
4 54
4 58
5 9
5 10
5 44
5 52
6 10
6 16
6 17
6 30
6 41
6 49
6 50
6 56
7 12
7 23
7 26
7 41
7 51
8 1
8 27
8 58
8 62
9 5
9 35
10 13
10 21
10 39
10 41
10 54
11 29
11 54
12 6
12 24
12 25
12 32
12 35
12 37
13 5
13 8
13 19
13 24
13 38
13 55
13 57
14 2
14 9
14 12
14 38
14 62
15 3
15 5
15 6
15 12
15 30
15 31
15 38
15 53
15 57
16 3
16 10
16 24
16 26
16 32
16 59
17 7
17 8
17 12
17 20
17 30
17 41
17 51
17 52
18 2
18 7
18 9
18 15
18 20
18 34
18 43
18 45
18 51
18 56
19 21
19 24
19 34
19 39
19 45
20 2
20 17
20 23
20 28
20 42
21 25
21 26
21 31
21 49
21 55
21 56
22 5
22 6
22 21
22 29
22 36
22 44
22 60
23 8
23 17
23 31
23 41
23 44
23 45
23 50
23 61
24 4
24 6
24 8
24 10
24 11
24 15
24 35
24 58
25 1
25 26
25 35
25 37
25 40
25 45
25 47
25 50
25 53
25 59
25 62
26 4
26 7
26 9
26 19
26 24
26 29
26 48
26 54
27 16
27 20
27 60
28 23
28 36
28 37
28 43
28 56
29 6
29 11
29 15
29 17
29 40
29 60
30 8
30 10
30 11
30 25
30 33
30 54
30 55
31 1
31 14
31 24
31 26
31 29
31 35
31 60
31 61
32 2
32 6
32 13
32 16
32 20
32 36
33 1
33 20
33 27
33 40
34 3
34 10
34 35
34 41
34 45
34 53
34 59
35 6
35 29
35 48
35 51
35 57
36 18
36 19
36 30
36 31
36 39
36 56
36 57
37 9
37 16
37 25
37 32
37 42
37 50
37 51
37 53
38 4
38 11
38 13
38 16
38 22
38 32
38 48
38 52
38 55
38 60
39 1
39 13
39 20
39 22
39 27
39 28
39 55
39 61
40 12
40 13
40 53
41 15
41 40
41 43
42 2
42 13
42 20
42 29
42 55
43 14
43 28
43 30
43 31
43 35
43 55
44 12
44 16
44 22
44 37
44 47
45 1
45 10
45 13
45 15
45 36
45 47
45 53
45 61
46 3
46 8
46 36
46 39
46 45
47 9
47 26
47 27
47 29
48 8
48 16
48 19
48 31
49 13
49 21
49 25
49 28
49 30
49 34
49 43
49 51
49 59
50 7
50 21
50 23
50 38
50 60
51 5
51 20
51 22
51 37
51 39
51 49
51 57
51 59
51 62
52 8
52 12
52 16
52 19
52 30
52 43
53 11
53 28
53 31
53 37
53 39
53 45
53 56
53 58
54 8
54 13
54 17
54 18
54 20
54 38
55 8
55 13
55 17
55 30
55 59
56 26
56 31
56 36
57 3
57 6
57 12
57 21
57 52
58 19
58 21
58 55
59 19
59 40
59 49
59 50
59 51
59 58
60 9
60 19
60 36
60 46
61 11
61 24
61 35
61 36
61 42
61 55
62 16
62 22
62 39
62 55
62 58
Loss 0 0 44 0 0 0 0 55 0 0 0 0 0 60 0 0 0 0 33 0 0 0 0 0 0 0 0 0 49 91 18 0 0 0 0 0 74 0 0 0 53 0 0 0 0 0 53 67 0 47 0 0 0 0 0 10 0 0 0 0 93 0 
