45 <--# of nodes, 198 edges
1 2
1 7
1 20
1 33
1 45
2 1
2 6
2 9
2 21
2 24
2 27
2 30
2 33
2 39
2 44
2 45
3 4
3 13
3 25
3 39
4 21
4 23
4 33
4 36
4 37
4 42
4 45
5 3
5 15
5 33
5 39
6 21
6 22
6 42
6 44
7 9
7 12
7 23
7 40
7 44
7 45
8 5
8 30
8 39
9 5
9 7
9 19
9 35
10 4
10 9
10 20
10 30
11 9
11 12
11 16
11 19
11 38
11 45
12 38
13 2
13 16
13 17
13 29
14 3
14 13
14 21
14 34
15 9
15 10
15 32
16 3
16 5
17 20
18 4
18 11
18 25
18 28
18 29
19 29
19 35
19 37
20 18
20 19
20 30
21 4
21 5
21 6
21 14
21 17
21 26
21 31
21 34
22 2
22 10
22 28
22 43
23 2
23 14
23 17
23 28
23 35
23 38
24 21
24 36
24 37
24 41
24 45
25 14
25 45
26 4
26 17
26 18
26 24
26 31
26 32
27 2
27 16
27 21
27 43
28 5
28 10
28 31
28 36
28 44
29 19
29 25
30 27
31 8
31 24
31 25
31 28
31 33
31 38
31 41
32 13
32 14
32 45
33 12
33 15
33 24
33 25
33 29
33 39
34 3
34 11
34 18
34 31
34 43
35 2
35 10
35 12
35 14
35 28
35 32
35 34
36 3
36 7
36 19
37 8
37 31
37 34
37 36
38 9
38 11
38 20
38 27
38 28
38 37
39 2
39 4
39 5
39 9
39 27
39 36
39 43
40 3
40 11
40 24
41 10
41 24
41 37
41 40
42 9
42 19
42 21
42 29
42 43
43 1
43 6
43 21
43 24
43 28
44 3
44 27
44 38
44 39
45 1
45 7
Loss 0 0 0 0 0 98 0 96 0 11 0 0 0 0 0 0 0 0 0 0 84 76 52 82 0 0 0 0 0 41 0 0 0 0 0 0 0 0 0 0 0 0 37 0 0 
