40 <--# of nodes, 140 edges
1 9
1 27
3 11
3 22
3 27
3 30
3 34
3 35
4 6
4 22
4 29
5 19
5 21
6 9
6 10
6 19
6 40
7 11
7 12
7 15
7 18
7 37
9 12
9 15
9 28
9 33
9 35
9 37
10 2
10 4
10 23
10 32
11 10
11 24
11 35
11 37
11 40
12 10
12 15
12 19
12 33
12 37
13 14
13 26
13 27
13 29
13 40
14 10
14 18
14 22
14 23
14 31
14 32
15 10
15 27
16 27
16 36
17 18
17 40
18 36
19 10
19 20
19 25
19 30
20 23
21 3
21 18
21 20
21 26
21 29
22 15
22 19
22 21
22 27
22 31
22 39
22 40
23 4
23 5
23 9
23 15
23 16
23 18
23 34
23 35
23 40
24 1
25 9
25 35
26 7
26 10
27 17
27 18
27 23
28 7
28 8
28 11
28 13
28 17
28 19
28 20
29 9
29 13
29 19
29 32
29 39
30 11
31 29
31 40
32 22
32 27
32 30
32 40
33 7
33 8
33 10
33 21
33 31
34 6
34 22
34 23
35 1
35 16
35 26
35 39
36 13
36 17
36 35
37 11
37 30
38 8
38 25
38 37
39 3
39 18
39 24
39 32
39 33
40 13
40 17
Loss 0 65 0 0 27 0 0 0 0 0 0 73 0 0 0 0 0 0 0 0 0 15 3 0 0 0 0 0 0 0 0 0 0 0 0 0 64 0 0 0 
