36 <--# of nodes, 137 edges
1 4
1 7
1 12
1 17
2 3
2 6
2 16
2 35
3 14
3 18
4 7
4 10
4 12
4 25
5 16
5 19
5 26
5 31
5 34
5 36
6 1
6 12
6 13
7 5
7 35
8 19
8 21
8 35
9 7
9 11
9 26
9 34
10 6
10 7
10 12
10 23
10 24
10 29
11 5
11 19
11 21
11 28
11 34
12 25
12 36
13 2
13 24
13 25
13 32
13 34
13 35
14 26
14 28
15 3
15 5
15 6
15 7
15 13
15 16
15 25
15 34
16 23
17 4
17 16
17 35
18 3
18 5
18 8
18 24
18 32
19 4
19 30
19 31
20 16
20 23
20 24
21 1
21 18
22 21
22 23
23 2
23 6
23 7
23 32
24 13
24 17
24 21
24 23
24 25
25 15
25 18
25 30
25 34
26 3
26 10
26 27
26 29
27 3
27 23
27 34
28 17
28 26
28 32
29 3
29 23
29 25
29 33
29 34
30 4
30 6
30 19
30 32
31 3
31 34
32 3
32 12
32 14
32 22
32 30
33 2
33 8
33 11
33 27
33 29
34 3
34 18
34 25
34 29
35 11
35 21
35 28
36 5
36 6
36 12
36 16
36 19
36 25
Loss 0 0 59 0 0 31 0 5 0 0 83 48 0 0 0 0 0 0 0 0 0 0 0 0 0 0 33 0 0 0 0 74 0 0 1 0 
