62 <--# of nodes, 379 edges
1 3
1 6
1 13
1 35
1 39
1 40
1 43
1 49
1 52
1 53
2 18
2 23
2 48
2 56
3 12
3 16
3 31
3 33
3 37
3 40
3 45
3 53
4 16
4 21
4 33
4 48
5 2
5 8
5 20
5 22
5 35
5 46
6 4
6 11
6 13
6 44
6 46
6 51
6 53
7 24
7 34
7 44
7 56
7 60
8 6
8 17
8 20
8 22
8 25
8 26
8 35
9 13
9 15
9 27
9 43
10 2
10 3
10 61
11 7
11 8
11 9
11 27
11 39
11 54
12 8
12 14
12 18
12 53
13 11
13 27
13 28
13 54
14 7
14 16
14 27
14 29
14 35
14 37
14 38
14 45
14 49
14 56
14 60
14 61
15 6
15 13
15 21
15 31
15 42
15 44
15 52
15 53
15 60
16 19
16 33
16 48
16 49
17 7
17 10
17 25
17 29
17 38
17 47
18 7
18 36
18 39
18 41
18 56
18 57
18 61
19 1
19 3
19 9
19 12
19 16
19 18
19 21
19 22
19 28
19 39
19 53
19 54
19 60
20 1
20 4
20 43
20 44
21 9
21 22
21 26
21 38
21 44
21 59
21 61
21 62
22 17
22 34
22 42
22 45
22 54
22 61
23 1
23 5
23 15
23 40
23 49
23 56
23 61
23 62
24 6
24 11
24 13
24 19
24 43
25 2
25 43
26 1
26 15
26 18
26 19
26 33
26 36
26 37
26 44
26 45
26 47
27 10
27 18
27 25
27 38
27 40
27 45
27 50
28 8
28 9
28 27
28 35
28 41
28 43
28 46
29 6
29 7
29 13
29 40
29 45
29 50
29 53
29 57
29 58
29 62
30 22
30 26
30 40
31 3
31 20
31 29
31 35
31 39
31 51
31 54
31 59
32 5
32 54
33 1
33 8
33 25
33 29
33 37
33 40
33 42
33 47
33 55
33 59
34 7
34 9
34 24
34 30
34 61
35 28
35 31
35 39
35 43
35 62
36 7
36 11
36 34
36 35
36 46
36 47
36 51
36 60
36 61
37 12
37 21
37 54
37 57
38 16
38 26
38 30
38 31
38 37
38 45
39 2
39 16
39 26
39 49
40 9
40 11
40 16
40 48
40 52
40 53
40 58
40 60
41 11
41 13
41 17
41 43
41 45
42 2
42 8
42 9
42 12
42 27
42 29
42 55
43 32
43 40
43 49
43 50
43 56
44 4
44 6
44 8
44 22
44 33
44 37
45 15
45 33
45 60
45 62
46 7
46 14
46 22
46 32
46 34
46 42
46 59
47 43
47 48
48 1
48 11
48 16
48 19
48 20
48 28
48 44
49 50
49 52
49 58
50 8
50 13
50 22
50 25
50 34
50 38
50 40
50 59
51 15
51 18
51 21
51 26
51 60
52 1
52 16
52 19
52 40
53 6
53 10
53 33
54 12
54 39
54 50
54 52
54 53
54 56
55 16
55 19
55 21
55 41
55 44
56 1
56 7
56 14
56 21
56 30
56 39
56 58
57 4
57 14
57 24
57 26
57 38
57 43
57 50
57 55
57 61
57 62
58 3
58 8
58 10
58 12
58 17
58 28
58 30
58 31
58 42
58 51
58 55
58 57
59 16
59 21
59 27
59 31
59 41
59 61
60 2
60 9
60 25
60 29
60 47
61 24
61 25
61 29
61 32
61 43
61 44
61 48
62 51
Loss 0 0 0 0 65 0 0 0 0 0 0 0 0 0 0 18 77 0 43 0 0 0 0 0 0 0 99 0 0 0 0 15 0 0 67 95 15 0 0 0 0 0 0 0 0 0 0 0 0 0 0 0 0 86 0 0 0 0 0 71 0 0 
