25 <--# of nodes, 69 edges
1 10
2 21
2 25
3 1
3 9
3 10
3 21
4 17
5 2
5 14
5 20
5 25
6 4
6 14
6 18
7 6
7 13
8 21
8 23
9 5
9 8
10 1
10 7
10 12
10 14
10 18
10 23
11 12
11 13
12 2
12 11
12 13
12 24
13 11
13 14
13 16
14 19
15 3
15 8
15 11
15 17
15 20
15 23
16 3
16 7
16 8
16 21
17 1
17 8
18 4
18 5
18 21
19 1
19 9
19 16
19 18
20 19
20 24
20 25
21 13
21 18
22 20
22 25
23 12
23 20
24 4
25 7
25 9
25 11
Loss 0 96 0 0 0 0 0 83 0 99 1 0 15 0 30 0 0 0 58 0 68 0 38 72 78 
