36 <--# of nodes, 121 edges
1 2
1 9
2 21
3 17
4 1
4 2
4 10
4 14
4 15
4 16
4 24
5 6
5 12
5 18
5 19
6 3
6 11
7 4
7 18
7 27
7 31
7 33
8 5
8 7
8 13
8 18
8 22
8 25
8 28
9 21
9 23
9 28
10 1
10 3
10 18
11 3
11 9
11 18
11 19
11 29
12 11
12 14
12 21
12 26
12 28
13 2
13 19
13 30
13 31
14 1
15 27
15 34
16 8
16 11
16 21
16 27
17 25
17 26
17 31
18 14
18 27
19 8
19 11
19 25
20 3
20 7
20 19
20 35
21 3
21 14
21 15
21 19
21 25
21 35
22 10
23 3
23 14
23 24
23 36
24 14
24 15
24 19
25 6
25 18
25 21
25 24
25 27
25 30
25 36
26 1
26 17
26 22
27 3
27 12
28 12
29 2
29 7
29 8
29 28
30 6
31 14
31 16
31 17
31 26
32 10
33 8
33 20
34 1
34 7
34 22
35 6
35 12
35 20
35 31
35 32
36 3
36 13
36 18
36 25
36 32
36 33
Loss 0 81 0 25 58 0 0 0 0 0 0 0 0 0 0 0 70 14 0 0 61 17 0 0 0 0 0 74 0 0 0 3 0 0 0 0 
