41 <--# of nodes, 174 edges
1 11
1 13
1 24
1 25
1 40
3 9
3 17
3 27
3 41
4 7
4 16
4 29
5 37
5 39
5 41
6 10
6 17
6 31
6 38
6 39
7 5
7 30
8 38
8 39
9 7
9 12
9 30
9 31
10 6
10 12
10 14
10 31
10 33
11 2
11 3
11 17
11 19
11 26
11 35
11 41
12 15
12 22
12 27
12 30
12 34
13 10
13 11
13 21
13 35
13 36
14 4
14 5
14 7
15 9
15 17
15 22
15 27
15 29
15 37
16 3
16 13
16 25
17 2
17 15
17 28
17 31
18 13
18 15
18 21
18 23
18 28
18 33
18 34
18 39
19 8
19 33
20 17
20 19
20 29
20 34
20 35
21 4
21 8
21 13
21 14
21 26
21 33
21 34
21 35
21 37
22 20
22 25
22 31
23 6
23 27
24 4
24 16
24 18
24 30
24 35
25 3
25 18
25 20
25 27
25 31
26 5
26 7
26 14
26 17
26 21
27 23
27 25
27 26
27 29
27 38
27 40
27 41
28 12
28 31
29 5
29 16
29 24
30 9
30 26
31 6
31 14
31 28
31 29
32 21
32 26
32 33
32 34
32 39
33 2
33 5
33 9
33 39
34 6
34 12
34 18
34 25
34 26
35 14
35 17
35 20
35 23
35 30
35 32
35 37
36 2
36 17
36 18
36 29
36 33
37 3
37 8
37 35
37 38
37 39
37 40
38 37
39 8
39 13
39 16
39 18
39 29
39 41
40 8
40 19
40 30
40 32
41 2
41 25
41 29
Loss 0 0 0 0 0 0 0 0 0 0 0 0 0 29 0 0 73 0 66 0 0 61 0 0 0 0 0 10 0 0 52 22 0 0 58 0 0 0 0 0 0 
