44 <--# of nodes, 201 edges
1 7
1 9
1 26
2 13
3 5
3 21
3 33
3 34
3 36
3 39
4 5
4 8
4 10
4 28
4 31
5 3
5 4
5 10
5 14
5 19
5 33
5 41
6 5
6 24
6 25
6 31
6 33
6 42
7 30
7 34
8 1
8 3
8 4
8 13
8 21
8 31
8 39
9 10
9 29
9 35
10 19
10 24
10 28
10 34
10 41
11 12
11 22
11 31
11 37
11 44
12 17
12 18
12 23
12 27
12 43
13 12
13 16
13 19
13 25
13 29
13 33
14 31
14 40
15 4
15 9
15 19
15 25
15 34
15 43
16 20
16 25
16 28
16 36
17 3
17 36
17 39
17 42
17 43
18 4
18 16
18 17
18 34
19 4
19 16
20 2
20 27
20 38
20 40
21 10
21 13
21 30
21 31
21 37
22 14
22 31
23 4
23 10
23 14
23 15
23 18
23 44
24 35
25 6
25 13
25 29
25 40
26 2
26 6
26 8
26 10
26 25
26 29
26 32
26 41
26 44
27 13
27 17
27 30
27 41
27 43
28 8
28 15
28 34
28 37
29 8
29 26
29 28
29 32
29 35
29 42
30 8
30 18
30 38
31 27
31 35
31 36
31 39
31 44
32 5
32 9
32 16
32 19
32 23
32 26
32 35
33 9
33 15
33 31
33 32
33 37
34 14
34 15
34 20
34 21
34 27
34 29
34 30
34 31
34 35
34 36
34 43
35 1
35 7
35 29
35 31
35 33
36 7
36 12
36 19
36 27
37 7
37 11
37 26
37 41
39 5
39 18
39 21
39 30
39 41
40 20
40 24
40 33
40 39
41 16
41 26
41 30
41 31
41 32
42 1
42 22
42 24
42 44
43 15
43 25
43 28
43 33
43 35
44 11
44 16
44 20
44 26
Loss 0 29 24 0 0 0 0 0 0 0 0 0 0 0 0 0 88 0 0 93 0 0 0 0 0 0 0 0 0 0 0 96 99 0 39 0 41 0 0 61 0 68 0 0 
