51 <--# of nodes, 255 edges
1 7
2 9
2 26
2 42
2 46
3 21
3 35
3 40
3 43
4 12
4 16
4 21
4 33
4 36
5 2
5 9
5 11
5 17
5 46
6 15
6 30
6 38
6 48
7 9
7 13
7 16
7 29
7 37
7 39
7 51
8 6
8 16
8 19
8 24
8 33
8 35
8 43
9 14
9 22
9 23
9 35
9 39
9 41
9 42
10 11
10 27
10 29
10 36
10 41
10 47
10 51
11 6
11 10
11 18
11 21
11 46
11 49
12 3
12 9
12 29
13 12
13 30
13 39
13 41
13 51
14 1
14 11
14 33
15 36
16 4
16 8
16 28
16 45
17 11
17 24
17 25
17 40
17 48
18 13
18 15
18 41
19 13
19 21
19 31
19 37
19 38
20 8
20 11
20 30
20 35
20 48
20 51
21 19
21 24
21 25
21 31
21 35
22 6
22 32
22 44
23 1
23 8
23 22
23 33
23 49
24 29
24 38
24 41
24 42
24 43
25 16
25 31
25 33
25 48
25 51
26 2
26 7
26 12
26 21
26 25
26 44
27 11
27 21
27 25
27 28
27 42
28 13
28 14
28 26
28 31
28 34
28 42
28 46
29 10
29 39
29 40
29 45
30 1
30 2
30 5
30 11
30 33
30 35
30 37
31 33
31 36
31 48
32 16
32 34
32 35
32 39
33 29
33 30
33 40
33 42
33 46
33 47
34 2
34 5
34 7
34 14
34 26
34 45
34 49
35 4
35 12
35 47
35 48
36 10
36 43
37 2
37 12
37 18
37 27
37 40
37 41
38 15
38 17
38 21
38 23
38 33
38 34
39 3
39 5
39 7
39 12
39 17
39 34
39 42
40 2
40 3
40 19
40 20
40 26
40 31
40 36
40 49
41 7
43 5
43 16
43 26
43 35
43 42
43 44
43 48
44 10
44 11
44 23
44 45
45 1
45 6
45 19
45 22
45 31
45 32
45 46
46 12
46 17
46 27
46 28
46 38
46 41
47 9
47 18
47 31
47 35
47 48
48 13
48 14
48 16
48 19
48 24
48 36
49 3
49 9
49 13
49 21
49 26
49 43
49 50
50 2
50 10
50 18
50 19
50 35
50 48
51 6
51 7
51 10
51 16
51 20
51 25
51 40
51 41
51 44
Loss 0 0 0 0 0 0 0 0 51 61 0 0 0 94 0 45 91 0 0 0 0 0 0 75 59 0 0 0 52 0 0 0 31 0 21 0 47 0 0 11 0 0 14 0 0 0 0 0 0 11 0 
