32 <--# of nodes, 119 edges
1 2
1 4
1 10
1 18
2 5
2 8
2 10
2 18
2 21
3 13
3 27
4 1
4 8
4 20
4 30
4 31
5 2
5 15
5 18
5 25
5 28
5 29
6 8
6 27
6 31
7 10
7 22
8 4
8 14
8 16
8 29
9 5
10 1
10 11
10 15
10 23
10 25
10 28
10 29
11 20
11 23
11 28
12 11
12 16
13 2
13 10
13 12
13 17
13 28
14 2
14 8
14 18
14 20
14 22
15 4
15 10
15 11
15 12
15 29
15 31
16 14
16 26
17 5
17 14
17 28
18 2
18 5
18 11
18 16
18 23
18 24
18 32
19 9
19 10
19 16
20 17
21 6
21 25
21 29
21 31
22 16
22 19
22 23
23 5
23 14
23 21
23 27
23 28
24 14
24 21
24 31
25 1
25 8
25 14
25 19
25 23
26 9
26 15
26 22
26 23
27 3
27 4
27 21
27 32
29 4
29 5
29 13
30 1
30 12
30 14
30 23
30 24
30 29
31 8
31 13
31 22
31 30
32 19
32 21
Loss 0 0 28 0 0 0 0 25 0 0 0 0 0 0 93 21 0 0 0 0 0 0 0 0 0 0 0 76 0 0 0 56 
