66 <--# of nodes, 447 edges
1 14
1 20
1 29
1 33
1 41
1 50
1 52
1 56
1 66
2 25
2 38
2 43
2 53
2 64
3 2
3 14
3 23
3 34
3 44
3 53
3 61
4 21
4 23
4 41
4 42
4 49
4 59
5 8
5 16
5 32
5 37
5 51
6 10
6 14
6 29
6 32
6 34
6 42
6 45
7 42
7 45
7 64
8 16
8 21
8 23
8 24
8 52
9 5
9 25
9 30
9 47
9 59
10 3
10 9
10 11
10 15
10 17
10 26
10 34
10 42
10 61
11 17
11 24
11 25
11 36
11 55
11 58
11 62
12 29
12 33
12 35
12 44
13 15
13 16
13 17
13 18
13 30
13 38
13 42
13 62
13 63
14 5
14 9
14 36
14 39
14 41
14 52
15 17
15 24
15 34
15 36
15 60
15 64
16 6
16 11
16 17
16 25
16 34
16 54
16 65
17 6
17 11
17 24
17 28
17 29
17 32
17 45
17 46
17 52
17 66
18 3
18 30
18 55
18 56
18 59
19 24
19 36
19 48
19 51
19 52
19 54
19 64
20 4
20 12
20 14
20 22
20 29
20 32
20 33
20 35
20 43
20 54
20 58
20 65
20 66
21 2
21 11
21 36
21 46
22 2
22 3
22 21
22 23
22 24
22 30
22 38
22 63
23 7
23 12
23 19
23 24
23 29
23 33
23 34
23 39
23 50
23 54
23 60
24 7
24 15
24 22
24 43
24 58
24 59
25 8
25 28
25 30
25 36
25 40
25 50
25 56
25 61
26 2
26 9
26 18
26 37
26 40
26 54
26 60
26 61
27 21
27 50
27 56
27 61
27 64
28 7
28 22
28 25
28 33
28 34
28 39
28 40
28 45
28 52
28 53
28 55
29 11
29 24
29 37
29 59
30 10
30 14
30 15
30 28
30 41
30 43
30 57
31 15
31 21
31 23
31 32
31 34
31 47
31 56
32 2
32 12
32 13
32 18
32 30
32 43
32 51
32 61
32 65
32 66
33 8
33 28
33 34
33 37
33 58
33 59
33 65
34 24
35 7
35 15
35 19
35 45
35 47
35 54
35 62
35 64
35 65
36 23
36 25
36 31
36 32
36 49
36 54
37 6
37 7
37 11
37 24
37 31
37 44
37 48
37 58
37 59
37 62
38 2
38 6
38 14
38 16
38 18
38 20
38 27
38 29
38 41
38 44
39 3
39 6
39 8
39 13
39 17
39 20
39 42
40 2
40 10
40 15
40 18
40 33
40 34
40 43
40 44
40 57
40 61
41 5
41 8
41 31
41 36
41 52
41 57
42 9
42 18
42 23
42 56
42 60
42 65
43 3
43 20
43 54
44 1
44 11
44 34
44 35
44 38
44 54
45 25
45 33
45 40
46 4
46 14
46 17
46 18
46 19
46 20
46 22
46 57
46 63
47 14
47 21
47 52
47 57
48 3
48 10
48 33
49 6
49 19
49 26
49 28
49 32
49 34
50 7
50 8
50 48
50 54
51 4
51 21
51 33
51 36
51 44
51 50
51 57
51 60
51 61
51 64
51 66
52 13
52 15
52 27
52 33
52 60
53 12
53 18
53 23
53 38
53 58
54 40
54 47
54 66
55 2
55 25
55 28
55 49
56 2
56 10
56 11
56 17
56 31
56 43
56 52
57 13
57 22
57 26
57 42
57 46
57 60
58 9
58 13
58 17
58 36
58 41
58 44
58 55
58 62
58 66
59 2
59 3
59 7
59 21
59 23
59 58
60 19
60 22
60 25
60 53
60 56
60 59
61 12
61 28
61 29
61 30
61 32
61 48
61 51
61 63
62 1
62 9
62 14
62 34
62 37
62 40
62 52
62 65
63 4
63 19
63 21
63 25
63 40
63 44
63 45
63 61
64 5
64 27
64 46
64 62
64 66
65 3
65 7
65 19
65 21
65 41
65 50
65 52
66 2
66 5
66 9
66 11
66 18
66 36
66 37
66 40
66 50
66 51
66 53
66 55
66 57
66 62
66 65
Loss 0 0 0 0 0 69 0 0 88 0 41 0 58 0 0 0 64 4 0 0 0 0 0 0 0 61 0 0 0 0 0 10 0 0 0 0 0 0 18 67 48 0 0 6 0 0 0 0 0 78 0 38 48 50 7 0 0 0 0 0 0 0 0 0 0 0 
