63 <--# of nodes, 367 edges
1 17
1 25
1 39
1 45
1 46
1 52
1 55
2 51
2 58
3 1
3 7
3 8
3 11
3 28
3 43
3 44
3 47
3 52
4 12
4 34
4 46
4 48
5 22
5 29
5 48
5 50
5 57
6 49
6 55
6 56
7 15
7 26
7 30
7 57
8 14
8 23
8 30
8 32
8 33
8 35
8 45
8 55
9 1
9 3
9 8
9 20
9 21
9 30
9 31
9 36
9 42
9 51
10 5
10 24
10 38
10 41
10 50
10 55
11 1
11 7
11 8
11 22
11 23
12 2
12 6
12 8
12 24
12 41
12 52
13 12
13 27
13 31
13 35
13 54
14 1
14 18
14 23
14 29
14 37
14 48
14 50
14 60
14 61
15 2
15 20
15 27
15 49
15 53
15 57
16 31
16 53
16 62
17 26
18 4
18 15
18 37
18 50
19 21
19 22
19 23
19 47
20 6
20 31
20 35
20 38
20 51
20 52
20 53
20 60
21 8
21 11
21 32
21 63
22 31
22 56
22 62
23 11
23 39
24 21
24 35
24 43
24 48
25 7
25 9
25 13
25 20
25 24
25 31
25 35
25 58
25 61
26 21
26 28
26 34
26 44
26 61
27 8
27 20
27 23
27 58
27 60
28 1
28 5
28 9
28 16
28 17
28 36
28 37
28 38
28 43
28 47
29 1
29 20
29 24
29 31
29 50
29 52
29 54
29 58
29 63
30 11
30 29
30 33
30 39
30 42
30 43
30 50
31 1
31 5
31 15
31 22
31 37
31 59
31 62
32 11
32 13
32 29
32 36
32 40
32 53
32 63
33 1
33 10
33 11
33 13
33 26
33 32
33 61
34 6
34 7
34 10
34 15
34 20
34 42
34 45
34 56
35 21
35 41
35 50
35 61
36 2
36 8
36 29
36 46
36 62
37 9
37 23
37 28
37 40
37 51
38 2
38 3
38 9
38 16
38 17
38 27
38 31
38 33
38 37
38 45
38 58
38 61
39 2
39 6
39 12
39 24
39 33
39 52
40 6
40 11
40 20
40 28
40 30
40 33
40 52
40 62
41 24
41 30
41 37
41 43
41 44
41 48
41 49
41 50
41 52
41 53
41 61
42 17
42 46
42 52
43 14
43 16
43 20
43 21
43 27
43 36
43 49
43 51
44 36
44 37
44 49
44 53
45 3
45 31
46 3
46 23
46 33
46 51
47 3
47 22
47 23
47 35
47 38
47 45
47 46
47 58
48 2
48 25
48 28
49 15
49 17
49 31
49 38
49 40
49 51
50 15
50 18
50 26
50 29
50 31
50 38
50 51
50 60
51 4
51 10
51 12
51 13
51 16
51 19
51 21
51 30
51 34
51 41
52 5
52 13
52 22
52 29
52 39
52 47
52 55
53 11
53 20
53 25
53 38
53 42
54 20
54 24
54 25
54 36
54 39
54 41
54 56
55 1
55 3
55 9
55 14
55 23
55 49
55 59
56 16
56 20
56 37
56 49
57 43
57 49
58 7
58 12
58 39
58 55
59 8
59 20
59 23
59 36
59 44
59 45
59 56
60 1
60 9
60 10
60 14
60 23
60 32
61 8
61 12
61 63
62 1
62 4
62 7
62 45
63 1
63 15
63 31
63 36
63 40
63 46
63 48
63 53
Loss 0 67 0 0 0 2 0 0 0 0 0 0 0 0 0 0 0 0 0 0 0 0 0 0 0 0 0 0 0 0 0 0 0 0 0 2 0 8 0 39 0 0 0 69 0 0 0 0 0 0 0 0 0 41 0 87 0 0 0 0 3 0 0 
