41 <--# of nodes, 175 edges
1 2
1 8
1 11
1 23
1 28
1 35
1 40
2 33
2 37
2 38
3 11
3 18
3 23
3 31
3 38
4 11
4 23
4 26
4 29
4 40
5 24
5 27
5 30
6 22
6 41
7 8
7 12
7 35
8 14
8 15
8 17
8 34
8 38
9 3
9 22
9 23
10 4
10 5
10 12
10 17
10 30
11 4
11 14
11 21
11 24
11 36
11 41
12 8
12 9
12 10
12 15
12 16
12 34
13 9
13 11
13 21
14 6
14 8
14 10
14 20
14 22
14 36
15 1
15 6
15 7
15 19
15 24
16 13
16 38
16 39
17 2
17 16
17 23
17 27
17 37
18 5
18 14
18 37
18 41
19 5
19 17
19 33
20 3
20 5
20 14
20 15
20 17
20 19
20 32
21 14
21 15
21 25
21 27
22 1
22 3
22 24
22 27
22 30
23 8
23 11
23 12
23 17
23 29
23 39
24 21
24 30
24 37
24 41
25 1
25 3
25 4
25 9
26 1
26 5
26 13
26 34
26 37
27 28
27 34
27 40
28 1
28 3
28 7
28 14
28 33
28 35
29 17
29 26
30 3
30 36
31 23
32 13
32 18
32 23
32 28
32 38
33 3
33 4
33 16
33 18
33 28
33 29
34 6
34 18
34 24
34 25
34 36
36 9
36 20
36 33
36 37
36 40
37 12
37 26
37 34
38 1
38 6
38 8
38 21
38 23
38 26
38 31
38 36
39 9
39 10
39 12
39 16
39 30
40 2
40 8
40 27
40 39
40 41
41 1
41 16
Loss 0 0 0 0 0 0 0 0 0 0 0 0 0 0 72 0 0 0 0 0 44 0 0 0 40 0 0 0 77 0 0 0 64 22 0 0 0 0 0 0 0 
