40 <--# of nodes, 178 edges
1 13
1 24
1 27
1 32
2 3
2 11
2 16
2 35
2 40
3 8
3 24
3 25
4 9
4 11
4 18
4 22
5 3
5 15
6 4
6 5
6 12
6 19
6 28
6 38
6 39
6 40
7 1
7 23
7 26
7 29
7 40
8 1
8 2
8 3
8 7
8 23
8 27
8 32
8 37
9 5
9 15
9 28
9 30
9 37
10 1
10 8
10 9
10 25
11 10
11 30
11 36
12 6
12 9
12 11
12 17
12 33
13 2
13 10
13 29
13 33
13 34
13 40
14 8
14 10
14 13
14 33
16 1
16 29
16 32
17 12
17 14
17 23
17 28
18 5
18 9
18 12
18 22
18 25
18 26
18 30
18 37
18 38
19 14
19 24
19 28
20 13
20 14
20 22
20 24
20 26
20 27
20 31
20 34
20 40
21 8
21 9
21 17
21 25
21 31
21 33
21 40
22 1
22 33
23 2
23 6
23 7
23 8
23 10
23 27
24 6
24 31
25 4
25 17
25 20
25 29
25 32
26 4
26 18
26 22
26 24
26 28
27 16
27 22
28 1
28 9
28 23
28 27
29 11
29 23
30 25
31 23
31 24
33 1
33 12
33 15
33 19
33 25
33 31
34 8
34 9
34 11
34 17
34 26
34 28
34 36
35 1
35 29
35 32
35 33
35 39
36 1
36 9
36 16
36 29
37 6
37 15
37 23
37 32
37 35
38 4
38 18
38 20
38 22
38 23
38 26
38 28
38 29
38 33
38 34
39 8
39 10
39 12
39 20
39 22
39 29
39 40
40 11
40 12
Loss 0 0 0 0 76 38 0 0 0 0 0 0 0 0 0 0 6 7 0 0 32 0 0 0 0 27 0 45 0 0 0 0 0 6 71 0 0 0 0 0 
