70 <--# of nodes, 503 edges
1 22
1 24
1 40
1 52
1 58
1 63
2 5
2 18
2 19
2 46
2 48
2 52
2 57
2 68
3 7
3 44
3 48
3 53
3 56
4 19
4 40
4 43
5 13
5 17
5 36
5 47
5 49
5 53
5 56
6 5
6 13
6 21
6 32
6 68
6 70
7 4
7 6
7 9
7 11
7 21
7 25
7 38
7 49
7 60
7 62
8 9
8 12
8 23
8 33
8 38
8 58
9 20
9 44
9 50
9 67
10 8
10 13
10 23
10 24
10 30
10 47
10 49
10 67
11 8
11 21
11 26
11 27
11 44
11 49
11 50
12 26
12 43
12 52
12 60
12 65
12 69
13 37
13 52
13 56
13 63
14 21
14 37
14 40
14 53
14 55
14 58
14 66
14 69
15 9
15 11
15 21
15 32
15 39
15 41
15 50
15 57
15 62
15 70
16 1
16 23
16 34
16 55
16 58
16 63
16 66
17 9
17 21
17 56
17 59
18 1
18 4
18 28
18 32
18 33
18 55
18 68
18 70
19 10
19 16
19 40
19 43
19 46
19 50
19 51
19 64
20 12
20 22
20 26
20 48
20 59
20 67
20 70
21 1
21 11
21 17
21 19
21 29
21 30
21 60
21 62
21 68
22 9
22 23
22 31
22 56
22 59
23 1
23 6
23 18
23 42
23 46
24 1
24 3
24 4
24 11
24 14
24 27
24 34
24 36
24 40
24 53
24 62
24 64
24 66
25 8
25 10
25 17
25 30
25 31
25 35
25 43
26 5
26 14
26 19
26 20
26 41
26 60
27 16
27 31
27 32
27 37
27 45
27 66
28 1
28 18
28 25
28 26
28 35
28 36
28 37
28 39
28 45
28 49
28 59
28 64
29 3
29 7
29 18
29 32
29 33
29 42
29 47
29 67
29 69
30 19
30 24
30 47
31 5
31 13
31 23
31 26
31 27
31 30
31 37
31 42
31 58
31 68
32 1
32 17
32 20
32 35
32 48
32 67
33 24
33 28
33 57
34 7
34 14
34 33
34 44
34 45
34 53
34 61
34 69
35 8
35 11
35 15
35 18
35 23
35 24
35 27
35 28
35 33
35 39
36 17
36 33
36 34
36 39
36 42
36 46
36 62
37 4
37 9
37 21
37 36
37 40
37 43
37 67
38 1
38 5
38 10
38 11
38 14
38 15
38 18
38 22
38 23
38 29
38 39
38 44
38 56
38 57
38 59
39 28
39 32
39 44
39 51
39 58
39 68
40 2
40 7
40 12
40 20
40 22
40 34
40 68
41 8
41 9
41 23
41 40
41 52
41 60
41 66
41 67
42 15
42 19
42 30
42 40
42 46
42 48
42 58
42 67
42 69
43 18
43 30
43 36
43 45
43 53
43 60
43 65
44 18
44 23
44 30
44 41
44 42
44 47
44 67
45 43
45 47
45 58
45 60
45 61
45 65
45 68
46 2
46 13
46 15
46 16
46 26
47 2
47 4
47 7
47 28
47 34
47 46
47 48
47 66
47 68
48 3
48 21
48 46
48 50
48 52
48 57
49 9
49 13
49 14
49 25
49 36
49 42
49 50
49 54
49 58
49 63
50 20
50 22
50 33
50 41
50 45
50 49
50 62
50 65
51 1
51 2
51 3
51 8
51 29
51 31
51 44
51 64
51 68
52 2
52 3
52 4
52 25
52 30
52 33
52 34
52 51
52 67
52 69
53 1
53 3
53 4
53 8
53 10
53 27
53 37
53 57
54 6
54 16
54 17
54 18
54 20
54 26
54 27
54 32
54 51
54 63
55 4
55 9
55 24
55 30
55 33
55 34
55 38
55 46
55 59
55 61
55 62
55 67
56 40
56 44
57 10
57 45
57 60
57 70
58 8
58 34
58 42
58 45
58 46
59 11
59 29
59 64
59 67
60 1
60 25
60 37
60 40
60 56
60 67
60 70
61 1
61 40
61 43
61 44
61 58
61 60
61 62
62 12
62 21
62 36
62 40
62 48
62 59
63 2
63 6
63 18
63 19
63 22
63 23
63 40
63 42
63 45
63 48
63 49
63 50
64 16
64 23
64 24
64 31
64 40
64 53
64 56
64 57
64 59
65 6
65 9
65 29
65 32
65 35
65 56
65 57
65 62
66 17
66 18
66 19
66 21
66 24
66 27
67 11
67 36
67 49
67 63
67 65
67 70
68 48
68 63
68 67
69 5
69 47
69 50
69 54
69 70
70 3
70 8
70 15
70 27
70 31
70 34
70 46
70 51
Loss 0 8 0 0 0 0 0 0 0 0 12 0 0 0 0 0 0 78 0 0 0 0 14 0 0 74 0 56 0 0 0 0 0 0 0 73 0 0 0 0 0 0 0 0 0 0 0 49 3 0 0 0 0 0 34 0 0 66 0 0 0 0 50 0 64 0 0 6 0 14 
