50 <--# of nodes, 222 edges
1 24
1 39
1 46
1 49
2 7
2 12
2 14
2 21
2 27
2 28
2 29
3 2
3 27
3 33
3 41
3 49
4 8
4 28
4 43
5 4
5 21
5 36
5 48
6 50
7 13
7 30
7 44
7 49
8 26
8 27
8 48
9 1
9 8
9 20
9 30
10 1
10 4
10 7
10 15
10 17
10 47
11 1
11 12
11 15
12 9
12 11
12 16
12 31
13 11
13 38
13 44
13 48
13 49
14 6
14 11
14 25
14 28
14 47
15 20
15 33
15 44
16 4
16 8
16 20
16 34
16 46
16 48
17 19
17 42
17 43
17 48
18 12
18 27
19 25
19 29
19 30
20 22
20 27
20 36
20 39
21 6
21 16
21 17
21 23
21 29
21 40
22 29
22 43
23 2
23 4
23 6
23 11
23 22
24 19
24 20
24 23
24 42
25 8
25 10
25 14
25 28
25 30
25 46
25 48
26 1
26 20
26 46
27 10
27 14
27 22
27 28
28 12
28 18
28 21
28 26
28 31
28 38
28 40
28 50
29 10
29 33
30 20
30 21
30 28
30 48
31 20
31 28
31 37
31 47
32 10
32 31
32 33
33 1
33 18
33 20
33 38
34 12
34 27
34 28
35 25
36 2
36 3
36 17
36 21
36 27
36 30
36 41
36 44
37 29
37 33
37 41
37 43
37 48
38 6
38 11
38 20
38 22
38 32
39 6
39 27
39 40
40 3
40 31
40 36
40 50
41 9
41 16
41 23
41 24
41 39
41 45
42 6
42 7
42 17
42 21
42 22
42 46
43 1
43 5
43 13
43 21
43 34
43 40
43 45
44 2
44 8
44 16
44 23
44 30
44 42
45 24
45 33
45 36
46 16
46 17
46 18
46 28
46 44
46 45
47 14
47 19
47 21
47 43
47 49
48 6
48 9
48 19
48 20
48 38
48 41
49 2
49 18
49 20
49 31
49 33
49 38
50 1
50 24
50 31
50 32
50 33
50 43
Loss 0 0 66 0 0 0 0 0 0 0 0 0 0 79 0 0 0 0 0 0 0 0 0 0 0 0 0 14 0 0 0 0 0 0 73 0 0 2 21 80 0 0 0 0 0 27 0 0 0 0 
