45 <--# of nodes, 209 edges
1 2
1 12
1 14
1 15
1 33
1 35
2 7
2 8
2 13
2 14
2 17
2 19
2 24
2 28
3 5
3 7
3 11
3 32
3 37
4 3
4 6
4 32
4 45
5 2
5 10
5 22
5 34
5 37
6 13
6 14
6 27
6 28
6 29
6 35
6 44
7 24
7 27
7 28
7 38
7 39
7 41
8 3
8 15
8 31
9 13
9 33
9 42
10 6
10 18
10 41
11 2
11 6
11 33
11 37
12 43
13 5
13 38
13 45
14 9
14 16
14 24
14 27
14 28
14 37
14 38
14 42
15 10
15 23
15 30
15 42
16 1
16 26
16 32
16 42
17 28
17 29
17 36
18 21
18 41
18 42
19 3
19 14
19 23
19 31
20 2
20 4
20 11
20 19
20 35
21 4
21 7
21 9
21 28
21 29
21 38
21 42
21 43
22 24
22 38
23 2
23 33
23 39
25 12
25 28
25 35
25 37
25 39
25 40
25 42
26 4
26 9
26 29
26 31
26 39
26 45
27 16
27 35
28 3
28 7
28 24
28 31
28 32
28 35
28 37
28 39
29 15
29 16
29 17
29 32
29 34
29 35
29 39
30 4
30 11
30 15
30 39
31 1
31 9
31 18
31 23
31 24
31 25
31 33
31 44
32 21
32 39
33 9
33 14
33 35
33 36
33 41
34 3
34 9
34 12
34 13
35 10
35 20
35 28
35 30
35 42
36 1
36 8
36 21
36 31
37 12
37 13
37 17
37 18
37 21
37 39
38 2
38 19
38 30
38 39
38 41
39 28
39 37
39 40
40 29
40 32
40 36
40 38
41 8
41 9
41 13
41 18
41 20
41 38
41 40
42 3
42 5
42 15
42 21
42 25
42 26
42 34
42 45
43 5
43 25
43 28
44 12
44 17
44 19
44 26
44 42
44 43
44 45
45 37
45 39
Loss 0 0 0 0 0 34 0 0 0 0 0 0 0 28 0 11 0 0 0 0 74 0 0 0 0 0 0 0 0 0 0 0 0 0 0 0 0 0 0 0 0 0 7 0 24 
