59 <--# of nodes, 346 edges
1 6
1 7
1 19
1 22
1 26
1 37
1 41
2 1
2 3
2 14
2 34
2 37
2 41
2 42
2 47
2 59
3 16
3 48
3 50
4 1
4 11
4 42
5 2
5 16
5 27
5 29
5 38
5 43
5 57
6 15
6 19
6 24
6 33
6 35
6 41
6 47
6 56
7 3
7 9
7 26
7 35
7 57
8 4
8 10
8 18
8 26
8 32
8 35
8 51
9 1
10 35
10 47
10 58
11 10
11 13
11 22
11 43
12 19
12 20
12 28
13 1
13 8
13 11
13 37
13 41
13 42
13 46
14 12
14 25
14 52
14 55
14 58
15 27
15 38
15 39
15 41
16 11
16 30
16 36
16 38
16 39
16 42
17 6
17 14
17 16
17 23
17 29
17 52
18 1
18 4
18 9
18 12
18 50
18 53
19 2
19 3
19 7
19 10
19 20
19 21
19 35
19 39
19 46
20 4
20 8
20 16
20 27
20 29
20 41
20 45
20 53
20 55
21 15
21 16
21 27
21 33
21 36
21 37
21 48
21 51
21 58
21 59
22 17
22 20
22 38
23 2
23 13
23 32
23 40
23 47
23 50
23 51
23 53
24 23
24 40
24 41
24 52
24 54
24 57
25 46
25 48
26 7
26 13
26 37
26 45
26 49
27 1
27 10
27 11
27 49
27 52
27 57
28 15
28 20
28 36
28 57
29 14
29 23
29 24
29 38
29 44
29 56
29 59
30 26
30 29
30 35
30 54
31 1
31 17
31 21
31 24
31 44
31 55
31 57
32 3
32 8
32 12
32 34
32 52
33 12
33 15
33 24
33 38
33 39
33 46
34 6
34 7
34 29
34 35
35 8
35 20
35 36
35 40
36 9
36 13
36 31
36 34
36 35
36 39
36 44
36 55
37 1
37 3
37 4
37 12
37 19
37 20
37 30
37 44
37 56
37 58
37 59
38 28
38 56
39 4
39 10
39 24
39 55
40 11
40 18
40 22
40 30
40 38
40 42
40 44
41 1
41 4
41 28
41 52
41 56
42 5
42 8
42 9
42 10
42 21
42 25
42 38
42 44
42 51
42 52
42 54
42 57
43 28
43 35
43 50
44 25
44 48
44 58
45 5
45 17
45 19
45 27
45 38
45 42
45 44
45 53
46 15
46 21
46 24
46 25
46 32
46 43
47 7
47 32
47 39
47 41
47 42
47 44
48 4
48 7
48 8
48 17
48 24
48 34
48 49
49 1
49 3
49 15
49 32
49 41
49 42
49 43
49 44
49 45
49 54
50 11
50 24
50 31
50 37
51 2
51 9
51 12
51 17
51 18
51 38
51 54
52 14
52 19
52 45
53 1
53 9
53 22
53 30
53 39
53 44
54 8
54 13
54 15
54 24
54 26
54 38
54 43
54 44
54 49
55 1
55 15
55 24
55 29
55 31
55 38
55 51
55 54
56 4
56 5
56 22
56 23
56 27
56 29
56 31
56 55
56 59
57 9
57 25
57 27
57 30
57 40
57 41
57 44
57 45
57 53
58 14
58 36
58 56
59 21
59 31
59 57
Loss 0 0 0 87 0 0 70 0 44 0 87 0 68 13 0 0 0 0 0 0 0 0 0 0 0 0 0 0 0 0 0 0 0 0 0 0 0 0 0 0 0 0 0 0 0 0 0 29 0 0 0 0 0 0 0 18 33 0 0 
