45 <--# of nodes, 197 edges
1 8
1 10
1 34
1 35
2 7
2 11
2 21
2 22
2 24
2 42
3 27
3 41
4 14
4 21
4 30
4 31
4 38
4 41
4 45
5 1
5 8
5 21
5 33
5 38
6 1
6 3
6 8
6 21
6 22
6 36
6 38
6 43
7 2
8 4
9 22
9 32
9 37
10 9
10 15
10 17
10 24
10 31
12 7
12 8
12 20
12 24
12 36
12 41
13 7
13 27
13 32
14 6
14 8
14 12
14 30
14 41
14 43
15 3
15 21
15 24
16 6
16 14
16 22
16 32
16 40
17 5
17 6
17 16
17 22
17 30
17 44
18 15
18 33
18 40
18 41
19 2
19 31
19 33
19 34
19 39
20 5
20 10
20 19
20 37
20 44
21 7
21 9
21 18
21 29
21 32
21 43
22 8
22 21
22 28
22 29
22 37
23 3
23 11
23 12
23 25
24 3
24 11
24 23
24 25
25 23
25 24
25 34
25 36
25 45
26 11
26 17
26 35
26 38
27 1
27 22
27 41
28 5
28 19
28 20
28 23
29 3
29 14
29 25
29 26
29 28
29 36
29 37
30 6
30 13
30 17
30 24
30 33
31 7
31 11
31 14
31 18
31 30
31 34
31 38
31 42
32 1
32 8
32 31
32 37
32 45
33 15
33 31
33 36
34 9
34 26
34 30
34 32
34 33
34 40
35 5
35 16
35 25
35 39
35 43
36 8
36 22
36 29
36 32
36 34
37 16
37 20
37 29
37 42
38 1
38 2
38 10
39 3
39 18
39 19
39 21
39 25
39 26
39 44
40 8
40 14
40 16
40 22
40 27
40 30
41 24
41 31
42 2
42 36
43 10
43 14
43 35
43 42
44 19
45 26
45 28
45 39
45 42
Loss 0 0 0 59 0 0 65 9 99 0 0 54 96 0 49 0 0 0 17 0 0 41 0 0 0 0 0 25 0 87 0 96 0 84 0 0 0 0 0 0 0 0 0 9 0 
