58 <--# of nodes, 331 edges
1 9
1 11
1 27
1 29
1 42
2 37
2 54
3 8
3 50
4 10
4 11
4 13
4 28
4 47
4 51
4 52
4 55
5 9
5 14
5 26
5 35
5 41
6 8
6 11
6 12
7 4
7 17
7 58
8 7
8 14
8 25
8 26
8 50
9 12
9 13
9 16
9 17
9 19
9 23
9 32
9 34
9 38
9 43
10 15
10 16
10 38
10 46
10 49
11 26
11 27
11 32
11 40
11 43
11 48
11 55
12 19
12 27
12 30
12 43
13 1
13 7
13 12
13 22
13 51
13 56
14 11
14 18
14 28
14 38
14 41
14 43
14 52
15 11
15 18
15 23
15 31
15 38
15 41
16 38
16 44
17 3
17 5
17 6
17 21
17 51
18 16
18 17
18 27
18 47
18 48
18 51
18 52
19 7
19 13
19 14
19 15
19 16
19 40
19 41
19 43
19 58
20 23
20 24
20 35
20 56
20 57
21 2
21 33
21 39
21 40
21 41
21 58
22 17
22 26
22 28
22 39
22 44
23 1
23 4
23 9
23 14
23 18
23 25
23 36
23 42
24 1
24 10
24 30
24 34
25 1
25 3
25 10
25 26
25 27
25 50
26 3
26 4
26 8
26 14
26 22
26 34
26 45
27 2
27 12
27 18
27 29
27 34
27 36
27 40
28 9
28 17
28 41
28 56
29 2
29 6
29 9
29 14
29 31
29 37
29 39
29 45
29 47
30 5
30 14
30 40
30 51
31 2
31 9
31 15
31 18
31 20
31 32
31 34
31 45
32 2
32 34
32 43
32 44
32 52
33 9
33 15
33 29
33 37
33 39
33 40
34 4
34 7
34 20
34 26
34 30
34 50
35 3
35 9
35 14
35 38
35 53
35 58
36 6
36 11
36 19
36 35
36 55
36 57
37 26
38 57
39 4
39 11
39 19
39 35
39 38
39 54
39 58
40 6
40 9
40 11
40 29
40 31
40 39
40 43
40 57
41 14
41 15
41 27
41 35
41 40
41 45
41 51
42 6
42 8
42 11
42 24
42 26
42 44
42 55
43 13
43 26
43 29
43 38
43 57
44 2
44 4
44 14
44 16
44 35
44 36
44 37
44 47
44 50
45 11
45 19
45 27
45 37
45 38
46 23
46 29
46 40
46 51
46 56
47 5
47 8
47 15
47 17
47 20
47 44
47 51
48 13
48 25
48 26
48 41
48 43
48 55
49 4
49 27
49 31
49 36
49 39
49 54
49 56
50 3
50 6
50 18
50 29
50 33
50 43
50 52
51 31
51 36
51 41
51 46
51 49
51 53
51 58
52 1
52 9
52 27
52 35
52 40
52 58
53 38
53 44
53 52
54 3
54 4
54 35
54 39
55 3
55 11
55 12
55 15
55 37
55 42
55 58
56 29
56 35
56 54
56 55
57 4
57 18
57 22
57 43
57 52
58 3
58 5
58 21
58 24
58 28
58 42
58 50
58 52
58 54
58 56
Loss 0 0 19 0 0 0 0 0 0 0 7 0 0 0 57 0 94 0 0 4 0 0 0 0 48 77 0 0 0 0 0 0 0 0 83 0 0 79 35 0 0 0 40 0 0 0 39 9 71 0 35 14 0 0 0 0 40 0 
