59 <--# of nodes, 351 edges
1 4
1 6
1 11
1 16
1 23
1 30
1 32
1 38
1 40
2 6
2 34
2 37
2 50
2 58
3 19
3 36
3 37
3 45
3 46
3 49
3 50
4 5
4 8
4 12
4 57
5 18
5 22
5 24
5 41
5 43
5 44
6 4
6 5
6 7
6 9
6 19
6 20
6 23
6 27
6 28
6 29
6 34
7 14
7 19
7 29
7 30
7 43
7 59
8 2
8 18
8 19
9 28
9 43
9 46
10 7
10 9
10 22
10 23
10 32
10 37
10 45
10 54
10 59
11 15
11 29
11 36
12 27
12 28
12 46
13 8
13 15
13 20
13 29
13 34
13 36
13 40
13 47
14 37
14 40
14 46
14 49
15 8
15 11
15 21
15 25
15 28
15 37
15 49
16 9
16 36
16 50
17 5
17 24
17 34
17 47
18 4
18 5
18 12
18 35
18 38
18 41
18 42
18 57
19 1
19 2
19 4
19 16
19 18
19 20
19 32
19 40
19 49
19 51
20 2
20 8
20 16
20 23
20 29
20 33
20 40
21 6
21 33
21 38
21 41
21 42
21 44
22 26
22 59
23 2
23 10
23 11
23 14
23 24
24 9
24 30
24 34
24 39
24 45
24 56
25 6
25 24
25 43
25 52
26 18
26 20
26 21
26 22
26 31
26 41
26 49
26 54
27 3
27 19
27 29
27 58
28 21
28 40
28 42
28 44
28 53
28 56
28 59
29 5
29 9
29 13
29 36
29 48
30 5
30 13
30 26
30 35
30 37
30 45
30 47
30 48
30 57
31 10
31 18
31 19
31 26
31 38
31 47
32 11
32 27
32 30
33 20
33 21
33 39
33 40
33 46
33 49
33 54
34 6
34 13
34 21
34 30
34 40
34 43
34 57
35 1
35 26
35 30
36 20
36 23
36 30
36 50
37 8
37 9
37 13
37 40
37 44
38 10
38 14
38 20
38 21
38 40
38 46
38 51
39 22
39 33
39 48
39 51
40 5
40 7
40 8
40 17
40 18
40 24
40 26
40 38
40 39
40 55
40 56
41 7
41 13
41 18
41 24
42 7
42 8
42 23
42 26
42 27
42 28
42 48
43 2
43 7
43 12
43 28
43 33
43 34
43 45
44 4
44 10
44 19
44 26
44 29
44 31
44 32
44 36
44 48
44 52
45 37
45 39
45 46
45 48
45 55
45 56
46 20
46 21
46 25
46 35
46 45
47 15
47 41
47 52
48 2
48 15
48 26
48 45
48 49
48 50
48 57
49 33
49 42
49 45
49 56
50 9
50 18
50 25
50 37
50 39
50 42
50 48
50 53
51 6
51 13
51 19
51 26
51 33
51 44
52 1
52 3
52 23
52 28
52 33
52 36
52 47
52 49
52 51
53 1
53 22
53 23
53 28
53 33
53 40
54 10
54 18
54 19
54 22
54 26
54 34
54 40
54 53
54 58
55 8
55 14
55 36
56 3
56 17
56 19
56 21
56 25
56 27
57 8
57 37
57 48
57 51
58 9
58 12
58 16
58 23
58 27
58 38
58 45
59 3
59 7
59 11
59 38
59 45
59 54
59 55
Loss 0 0 0 0 0 0 0 0 0 0 0 0 0 0 0 0 0 0 0 4 0 0 28 0 0 0 0 0 0 0 0 99 66 34 0 0 0 0 0 0 0 0 0 64 0 0 0 26 0 0 61 0 0 0 0 0 0 0 0 
