58 <--# of nodes, 326 edges
1 6
1 8
1 10
1 13
1 17
1 34
1 36
1 43
1 45
1 47
1 51
2 14
2 20
2 37
2 43
2 46
3 11
3 24
3 27
3 28
4 2
4 6
4 12
4 25
4 32
4 33
4 35
4 55
5 16
5 28
5 37
5 38
5 40
5 54
6 5
6 12
6 49
6 52
6 55
7 13
7 14
7 21
7 44
8 3
8 10
8 11
8 31
8 40
8 43
8 46
9 2
9 14
9 22
9 27
9 54
10 12
10 17
10 21
10 31
10 34
10 46
11 17
11 22
11 36
11 39
12 7
12 10
12 16
12 30
12 38
12 42
13 10
13 26
13 36
13 37
13 55
14 5
14 6
14 8
14 10
14 13
14 22
14 23
15 1
15 5
15 32
16 7
16 13
16 19
16 29
16 33
17 1
17 2
17 20
17 23
17 53
18 25
18 27
18 32
18 57
19 12
19 38
19 43
19 46
20 3
20 11
20 12
20 15
20 21
20 27
20 40
20 43
20 49
21 1
21 12
21 24
21 27
21 33
21 48
22 28
22 31
23 3
23 10
23 28
23 29
24 21
24 27
24 30
24 38
25 2
25 10
25 14
25 22
25 27
25 36
25 38
25 39
25 43
25 50
25 53
25 56
26 10
26 12
26 44
27 7
27 13
27 42
27 49
28 8
28 18
28 21
28 27
28 30
28 31
28 36
28 38
28 39
28 40
28 55
28 58
29 7
29 16
29 51
29 52
30 5
30 10
30 37
30 58
31 2
31 4
31 15
31 22
31 26
31 44
31 48
31 49
32 2
32 34
32 37
32 44
32 54
33 7
33 15
33 25
33 48
33 53
33 55
34 25
34 28
34 30
34 35
34 50
34 57
35 8
35 11
35 12
35 19
35 41
35 43
35 51
35 52
36 1
36 10
36 27
36 28
36 38
36 41
37 12
37 29
37 41
37 44
37 52
37 58
38 7
38 11
38 18
38 26
38 27
38 39
38 44
38 49
39 20
39 37
39 55
40 3
40 16
40 17
40 24
40 34
40 36
40 46
40 52
41 10
41 21
41 24
41 50
42 10
42 20
42 31
42 44
43 27
43 44
43 54
43 58
44 2
44 17
44 18
44 30
44 42
44 43
44 48
45 43
46 15
46 19
46 29
46 38
46 45
46 51
46 54
46 56
47 36
47 43
48 5
48 12
48 13
48 19
48 33
48 56
48 57
49 2
49 14
49 16
49 33
49 35
49 53
49 56
50 6
50 33
50 42
50 51
50 55
51 8
51 15
51 23
51 27
51 30
51 39
51 55
52 15
52 24
52 25
52 26
52 41
52 58
53 7
53 12
53 21
53 32
53 38
54 6
54 8
54 35
54 36
54 41
54 42
55 14
55 15
55 18
55 22
55 29
55 34
55 41
56 21
56 29
56 33
56 48
57 33
57 35
57 36
57 52
57 54
58 3
58 12
58 23
58 40
58 54
Loss 0 91 95 10 85 0 0 0 0 0 0 0 0 0 0 0 0 0 0 0 0 0 0 0 0 78 0 0 0 27 0 0 14 0 0 0 0 35 0 0 0 95 0 0 80 76 0 48 0 0 92 60 0 0 58 0 0 0 
