61 <--# of nodes, 327 edges
1 25
1 46
1 51
1 55
1 59
1 60
2 33
2 40
2 47
3 34
3 38
3 44
3 50
4 9
4 23
4 25
5 2
5 33
5 37
5 55
5 58
6 4
6 12
6 20
6 51
7 5
7 9
7 10
7 12
7 14
7 45
7 61
8 22
8 23
9 15
9 29
9 40
9 47
9 60
10 18
10 24
10 57
11 4
11 17
11 30
11 54
11 57
12 1
12 10
12 17
12 25
12 26
12 29
12 30
12 31
12 32
12 42
12 47
12 54
13 42
13 43
13 45
14 3
14 4
14 11
14 25
14 28
14 33
14 49
14 51
14 58
15 8
15 9
15 10
15 20
15 39
15 43
15 46
15 57
16 3
16 9
16 10
16 15
16 17
16 36
16 40
16 46
16 47
17 1
17 4
17 25
17 38
17 42
17 59
17 61
18 3
18 14
18 16
18 22
18 59
18 61
19 2
19 11
19 20
19 29
19 38
19 43
19 44
19 56
20 2
20 7
20 15
20 53
21 8
21 9
21 24
21 34
21 38
21 42
21 48
21 53
21 59
22 8
22 11
22 30
22 42
22 49
22 51
23 13
23 21
23 46
23 48
24 7
24 13
24 28
24 39
24 44
24 50
25 4
25 22
26 11
26 18
26 25
26 27
27 16
27 17
27 21
27 33
27 34
27 44
27 58
28 19
28 20
28 34
28 45
29 4
29 20
29 47
29 58
30 1
30 12
30 24
30 61
31 3
31 7
31 11
31 42
31 47
31 48
31 53
31 61
32 10
32 35
32 61
33 10
33 11
33 17
33 38
33 40
33 45
33 47
34 11
34 26
34 41
34 52
34 57
35 13
35 22
35 34
35 44
35 46
35 54
36 38
36 44
37 8
37 9
37 11
37 12
37 21
37 24
37 28
37 38
37 50
37 54
37 55
38 1
38 18
38 28
38 30
38 31
38 52
38 54
38 58
39 17
39 36
39 50
39 51
39 58
40 11
40 21
40 24
40 29
40 30
40 41
40 50
40 51
40 56
41 1
41 11
41 13
41 38
41 45
41 58
41 59
42 29
42 45
42 53
43 44
43 54
44 7
44 10
44 11
44 31
44 39
44 58
45 7
45 9
45 36
45 46
45 58
46 3
46 7
46 10
46 12
46 34
47 14
47 20
47 39
47 52
48 6
48 16
48 44
48 46
48 50
48 51
48 53
49 15
49 32
49 33
49 61
50 2
50 4
50 7
51 8
51 33
51 34
51 37
51 42
51 60
52 19
52 36
52 48
52 53
53 6
53 10
53 12
53 18
53 34
53 46
53 57
54 6
54 22
54 36
54 44
55 9
55 31
56 9
56 41
56 43
56 48
56 61
57 28
57 59
58 8
58 19
58 30
58 37
58 43
58 57
58 59
59 7
59 33
59 34
59 39
59 41
59 44
59 46
59 53
60 7
60 35
60 58
61 3
61 6
61 12
61 24
61 50
61 54
Loss 0 0 12 0 0 0 0 28 0 0 37 0 0 0 0 0 0 0 0 0 0 0 13 81 0 0 0 0 0 0 43 0 0 67 51 21 0 0 0 0 56 0 0 0 0 0 0 0 80 0 0 0 0 51 0 0 80 0 0 0 0 
