61 <--# of nodes, 384 edges
1 21
1 31
1 32
1 42
1 59
2 8
2 13
2 18
2 19
2 26
2 40
2 51
2 53
3 1
3 2
3 5
3 14
3 33
3 47
3 49
4 2
4 5
4 19
4 20
4 24
4 28
4 31
4 38
4 43
5 10
5 14
5 33
5 61
6 1
6 13
6 23
6 37
6 41
6 51
6 55
6 57
7 12
7 27
7 39
7 41
7 45
7 55
7 56
7 58
8 25
8 43
8 49
8 51
9 2
9 13
9 23
9 25
9 28
9 29
9 41
10 13
10 39
10 42
10 45
10 57
10 58
11 22
11 35
11 49
12 1
12 8
12 23
13 8
13 18
13 36
13 47
13 59
14 1
14 15
14 27
14 29
14 35
14 45
14 51
14 61
15 36
15 44
15 45
15 50
15 51
16 3
16 9
16 13
16 15
16 19
17 2
17 8
17 11
17 15
17 28
17 32
17 43
17 44
17 48
18 25
18 33
18 36
18 49
18 59
19 1
19 23
19 25
19 31
19 34
20 1
20 8
20 16
20 39
20 43
20 49
20 56
21 6
21 11
21 14
21 18
21 29
21 43
22 2
22 5
22 38
22 41
22 45
22 52
23 5
23 15
23 30
23 43
23 45
23 46
23 50
23 60
24 1
24 13
24 56
25 2
25 3
25 8
25 13
25 15
25 20
25 23
25 30
25 39
25 57
26 5
26 7
26 39
26 40
26 56
26 57
26 59
27 14
27 17
27 18
27 19
27 25
28 3
28 10
28 27
28 40
28 49
28 53
28 60
29 1
29 12
29 25
29 26
29 36
29 37
29 39
29 59
30 1
30 8
30 10
30 17
30 18
31 3
31 14
31 24
31 36
31 37
31 40
31 44
31 50
31 59
32 1
32 8
32 23
32 38
32 39
32 41
33 10
33 39
33 42
33 49
33 53
33 54
33 60
33 61
34 10
34 19
34 31
34 36
34 43
34 48
34 57
35 2
35 16
35 25
35 28
35 29
35 44
35 50
35 55
36 2
36 6
36 17
36 19
36 26
36 35
36 41
36 54
37 8
37 11
37 20
37 39
37 41
37 43
37 58
38 16
38 18
38 51
38 54
39 6
39 7
39 14
39 54
40 5
40 23
40 28
40 45
40 50
41 7
41 11
41 25
41 27
41 40
41 51
41 56
41 59
42 14
42 27
42 31
42 36
42 39
42 49
42 54
42 56
42 58
43 5
43 10
43 13
43 25
43 38
43 46
44 10
44 16
45 1
45 4
45 8
45 19
45 22
45 46
46 16
46 32
46 35
46 53
46 55
47 8
47 13
47 28
47 49
47 55
48 9
48 15
48 16
48 21
48 32
48 33
48 46
48 50
49 3
49 4
49 7
49 16
49 23
49 29
49 41
49 61
50 7
50 10
50 13
50 19
50 32
50 43
50 48
50 49
50 52
51 5
51 12
51 13
51 18
51 22
51 25
51 31
51 35
51 49
52 14
53 11
53 22
53 34
54 5
54 13
54 14
54 26
54 28
54 32
54 48
55 12
55 22
55 24
55 28
55 43
55 59
56 8
56 13
56 15
56 19
56 20
56 46
56 55
57 8
57 14
57 20
57 22
57 27
57 34
57 44
57 49
57 54
57 56
58 3
58 37
58 41
58 48
58 54
58 59
59 2
59 7
59 10
59 15
59 45
59 50
60 20
60 24
60 25
60 44
60 59
61 7
61 17
61 27
61 48
61 52
61 59
Loss 0 0 47 23 0 0 0 0 44 0 0 0 0 0 0 0 0 0 0 0 0 0 0 0 0 0 0 0 0 0 0 0 0 25 0 31 0 79 0 0 8 0 0 23 40 0 81 0 0 0 0 0 0 0 0 0 0 0 98 0 43 
