69 <--# of nodes, 450 edges
1 10
1 26
1 32
1 34
1 35
1 37
1 47
1 48
1 52
1 57
1 63
2 4
2 6
2 7
2 14
2 16
2 17
2 18
2 26
2 33
2 34
2 42
2 47
3 12
3 15
3 31
3 41
3 43
3 53
4 8
4 15
4 41
4 51
4 54
4 55
4 68
4 69
5 16
5 22
5 34
5 60
5 65
5 69
6 30
6 32
6 50
6 57
6 60
7 16
7 32
7 42
7 52
7 68
7 69
8 19
8 47
8 57
9 2
9 6
9 15
9 22
9 25
9 35
9 65
10 8
10 23
10 65
10 66
11 1
11 10
11 22
11 23
11 24
11 37
11 38
11 45
11 55
11 59
11 63
11 69
12 17
12 20
12 37
12 49
13 3
13 14
13 21
13 22
13 25
13 31
13 45
13 57
13 60
14 4
14 9
14 39
14 52
14 56
14 62
15 4
15 27
15 42
15 52
15 54
15 67
16 4
16 17
16 30
16 42
16 44
16 46
16 50
16 67
17 8
17 15
17 30
17 46
17 63
18 32
18 38
18 62
18 66
19 1
19 26
19 28
19 47
19 51
19 58
19 64
19 65
20 7
20 48
20 53
20 56
20 57
20 58
20 63
21 11
21 30
21 43
21 44
21 57
22 52
22 56
23 1
23 8
23 34
23 53
23 59
23 68
24 13
24 19
24 21
24 25
24 51
25 12
25 15
25 33
25 61
25 68
26 6
26 15
26 43
26 48
26 66
27 4
27 21
27 38
27 47
27 64
28 15
28 22
28 36
28 49
28 53
28 64
28 69
29 3
29 20
29 25
29 26
29 28
29 49
29 51
29 59
29 67
30 5
30 21
30 29
30 33
30 46
30 52
30 61
31 14
31 30
31 57
31 62
32 3
32 4
32 14
32 18
32 51
32 57
32 69
33 6
33 42
33 43
34 10
34 11
34 14
34 19
34 21
34 23
34 25
34 27
34 47
34 54
34 58
34 63
34 64
35 29
35 38
35 51
35 56
35 67
36 15
36 21
36 22
36 42
36 69
37 18
37 21
37 35
37 39
37 50
38 5
38 15
38 39
38 46
38 52
38 54
38 66
39 3
39 9
39 12
39 19
39 24
39 32
39 33
39 43
39 48
39 58
40 3
40 10
40 21
40 22
40 24
40 27
40 34
40 35
40 43
40 50
41 7
41 23
41 26
41 39
41 43
41 48
42 2
42 4
43 2
43 25
43 28
43 33
43 52
43 55
43 58
43 66
44 16
44 33
44 39
45 6
45 11
45 14
45 20
45 27
45 41
45 46
46 5
46 10
46 18
46 27
46 29
46 35
46 44
46 64
46 67
47 3
47 16
47 21
47 24
47 29
47 62
48 1
48 13
48 37
48 43
48 46
48 49
48 51
48 64
48 65
48 68
49 5
49 8
49 45
49 58
49 59
49 67
49 69
50 12
50 32
50 33
50 39
50 45
50 46
50 55
50 67
50 69
51 3
51 7
51 11
51 16
51 18
51 28
51 29
51 47
51 58
51 67
52 6
52 12
52 22
52 42
52 44
52 59
52 67
53 4
53 11
53 19
53 25
53 35
53 50
54 2
54 20
54 59
54 63
55 4
55 14
55 15
55 28
55 51
55 54
55 58
55 61
55 65
56 3
56 8
56 10
56 11
56 55
57 3
57 39
58 5
58 6
58 23
58 26
58 34
58 51
58 66
59 9
59 28
59 29
59 31
59 34
59 36
59 48
59 49
59 63
60 11
60 19
60 20
60 40
60 51
60 58
61 1
61 20
61 42
61 53
61 56
61 69
62 9
62 10
62 11
62 18
62 33
63 7
63 14
63 51
63 52
64 15
64 20
64 32
64 33
64 50
64 55
64 65
64 69
65 2
65 9
65 15
65 25
65 29
65 35
65 37
65 53
65 55
65 64
65 67
66 4
66 55
67 27
67 29
67 34
67 47
67 51
67 59
67 68
68 2
68 17
68 23
68 34
68 40
68 49
69 3
69 8
69 20
69 37
69 44
69 45
69 53
Loss 0 0 40 0 0 0 0 0 0 0 0 0 99 0 43 0 92 0 0 0 0 76 0 0 76 0 77 0 0 0 0 0 65 0 0 0 23 0 0 0 0 0 0 0 0 0 31 0 0 0 81 0 0 0 0 0 0 22 0 0 98 18 31 0 0 0 96 0 0 
