33 <--# of nodes, 114 edges
1 7
1 27
2 9
2 11
2 18
3 4
3 5
3 7
3 19
3 23
4 23
4 25
4 30
5 13
5 19
5 22
5 30
5 33
6 12
6 32
7 8
7 14
7 27
7 30
7 31
8 5
8 9
8 12
8 17
8 18
8 27
9 24
10 4
10 8
10 14
10 28
10 31
10 33
11 1
11 3
11 9
11 19
11 22
11 25
11 27
12 1
12 2
12 9
12 20
12 21
12 28
12 29
13 4
13 18
14 9
14 21
14 33
15 1
15 14
15 29
16 17
16 18
16 32
17 1
17 13
17 15
18 10
18 17
19 14
20 17
20 19
20 24
21 14
21 15
21 27
21 28
22 5
22 7
22 19
22 33
23 2
23 9
23 15
23 18
24 4
24 13
24 28
25 8
25 14
26 3
26 4
26 25
26 28
26 30
27 30
28 12
28 20
28 21
28 22
29 1
29 10
29 18
29 23
29 31
29 32
30 28
30 33
32 18
33 5
33 10
33 12
33 16
33 17
33 30
Loss 0 0 76 0 0 0 0 0 69 16 0 0 0 0 0 34 0 0 0 0 0 0 62 0 0 0 0 33 0 0 0 0 0 
