58 <--# of nodes, 334 edges
1 6
1 11
1 14
1 30
2 25
2 28
2 31
2 49
2 55
2 56
3 18
3 23
3 30
3 44
3 57
4 9
4 13
4 17
4 30
4 54
4 56
5 1
5 2
5 3
5 24
5 26
5 41
5 46
6 3
6 13
6 46
7 9
7 20
7 30
7 36
7 38
7 46
8 5
8 19
8 24
8 45
8 48
8 51
9 10
9 24
9 48
9 51
10 1
10 14
10 20
10 24
10 30
10 36
10 41
11 18
11 31
11 38
12 2
12 7
12 10
12 20
12 27
12 29
12 41
12 54
13 5
13 14
13 25
13 44
13 56
14 3
14 4
14 37
14 40
14 52
14 55
15 5
15 12
15 38
15 45
15 55
16 4
16 22
16 49
16 56
17 2
17 22
17 39
17 44
18 2
18 23
18 40
18 45
18 49
18 53
18 54
18 57
18 58
19 2
19 30
19 56
20 9
20 15
20 22
20 41
20 49
21 1
21 5
22 1
22 10
22 12
22 30
22 32
22 34
22 40
22 48
23 5
23 7
23 11
23 16
23 18
23 25
23 29
23 30
23 31
23 41
23 43
23 52
24 22
24 26
24 36
24 39
24 41
24 45
24 52
25 4
25 13
25 21
25 44
26 3
26 4
26 11
26 13
26 15
26 27
27 1
27 22
27 23
27 33
28 4
28 22
28 26
28 43
28 48
29 3
29 5
29 12
29 32
29 41
29 47
29 51
30 14
30 19
30 31
30 39
31 7
31 8
31 10
31 19
31 36
31 50
31 51
31 58
32 19
32 24
33 8
33 26
33 27
33 40
34 5
34 20
34 31
34 33
34 35
34 45
34 47
34 49
35 7
35 15
35 18
35 22
35 25
35 28
35 37
35 50
36 11
36 12
36 15
36 17
36 23
36 30
36 32
36 41
36 51
37 1
37 15
37 18
37 21
37 33
37 39
37 57
38 7
38 22
38 25
38 37
38 40
39 5
39 9
39 17
39 35
39 40
39 48
39 50
40 13
40 32
40 42
40 45
40 51
41 2
41 12
41 49
41 53
42 6
42 8
42 32
42 33
43 10
43 13
43 36
43 45
43 57
44 2
44 27
44 34
44 56
45 1
45 3
45 4
45 15
45 17
45 18
45 28
45 44
46 2
46 13
46 14
46 15
46 25
46 38
46 44
47 3
47 4
47 5
47 9
47 18
47 34
47 37
47 42
48 3
48 14
48 16
48 22
48 50
48 54
48 57
49 4
49 5
49 24
49 30
49 36
49 42
50 19
50 24
50 30
50 34
50 37
50 41
50 51
50 52
50 57
51 1
51 4
51 14
51 18
51 43
51 49
52 11
52 17
52 20
52 53
52 54
53 7
53 8
53 33
53 37
53 40
53 51
54 15
54 19
54 50
55 41
55 52
55 53
55 57
55 58
56 8
56 12
56 39
56 42
56 51
56 52
57 14
57 16
57 23
57 44
57 48
57 49
57 53
58 2
58 16
58 17
58 19
58 50
58 54
Loss 0 0 0 23 0 0 69 9 1 14 0 0 84 0 0 35 0 82 0 0 0 0 0 8 0 0 97 0 0 0 0 0 0 0 0 0 0 0 0 0 0 0 0 0 70 0 0 0 0 0 14 0 0 0 0 0 0 0 
