57 <--# of nodes, 325 edges
1 5
1 8
1 15
1 39
1 45
1 50
2 3
2 12
2 34
2 36
2 46
2 56
3 19
3 38
4 3
4 6
4 29
4 32
4 33
4 40
4 57
5 2
5 13
5 25
5 48
5 55
6 4
6 14
6 21
6 38
6 39
6 44
6 57
7 4
7 27
7 29
7 40
7 44
7 53
8 4
8 21
8 23
8 24
8 34
9 5
9 8
9 20
9 21
9 38
9 40
9 49
10 18
10 20
10 33
10 35
10 48
11 6
11 17
11 29
11 34
11 39
11 41
11 46
11 48
12 2
12 6
12 19
12 32
12 34
12 48
13 11
13 17
13 23
13 54
13 55
14 27
14 42
14 51
14 53
15 10
15 17
15 34
15 38
15 49
15 54
16 12
16 18
16 29
16 30
16 41
16 44
16 52
16 55
17 10
17 20
17 35
17 36
17 47
17 49
18 1
18 12
18 39
18 44
19 16
19 21
19 25
19 38
19 42
19 45
19 52
20 26
20 39
20 57
21 9
21 10
21 12
21 40
21 46
21 52
21 55
22 29
22 30
22 37
22 41
22 55
23 41
23 53
24 6
24 15
24 20
24 29
24 50
25 20
25 21
25 39
25 44
25 54
26 3
26 9
26 24
26 31
27 1
27 14
27 19
27 31
27 39
27 40
27 42
28 12
28 18
28 37
28 41
28 55
29 18
29 51
30 7
30 16
31 1
31 6
31 35
31 39
31 43
31 49
31 53
32 21
32 28
32 33
32 39
32 42
32 54
33 6
33 26
33 42
33 44
34 9
34 21
34 26
34 29
34 32
34 43
34 46
34 55
34 57
35 8
35 14
35 16
35 20
35 21
35 22
35 28
35 30
36 8
36 9
36 16
36 20
36 23
36 38
36 39
36 41
36 44
36 45
36 57
37 10
37 27
37 28
37 33
37 47
37 52
37 54
38 10
38 17
38 23
38 32
38 43
39 6
39 11
39 32
39 33
39 35
39 57
40 10
40 11
40 20
40 21
40 24
40 54
41 2
41 6
41 7
41 11
41 13
41 37
41 40
41 49
41 57
42 3
42 20
42 46
42 52
43 6
43 8
43 11
43 14
43 30
43 39
43 55
44 1
44 6
44 8
44 12
44 24
44 46
44 52
45 7
45 18
45 40
45 53
46 23
46 27
46 35
46 42
46 45
46 47
47 9
47 16
47 18
47 20
47 21
47 23
47 33
47 40
47 45
47 49
48 11
48 24
48 29
48 34
48 46
49 17
49 25
49 40
49 50
50 16
50 37
50 43
51 13
51 16
51 33
51 40
51 45
51 47
52 5
52 22
52 47
52 54
53 1
53 13
53 17
53 21
53 33
53 40
53 43
54 15
54 26
54 28
54 32
54 43
54 49
55 21
55 25
55 27
55 33
56 6
56 11
56 20
56 21
56 25
56 26
57 5
57 25
57 28
57 32
57 37
57 45
57 54
Loss 0 0 0 0 0 0 0 0 88 24 0 0 0 26 0 0 70 31 0 0 9 0 0 0 0 8 61 0 0 0 31 0 0 0 0 0 85 37 0 0 19 0 0 0 17 0 7 87 0 22 0 0 0 0 0 0 0 
