62 <--# of nodes, 384 edges
1 16
1 21
1 22
1 39
1 42
1 49
1 53
2 1
2 3
2 4
2 8
2 13
2 17
2 19
2 39
2 59
3 4
3 9
3 14
3 35
3 50
3 58
4 13
4 28
4 51
4 53
4 61
5 1
5 9
5 14
5 21
5 26
5 36
5 44
5 46
5 47
5 48
5 60
5 61
6 1
6 3
6 31
6 32
6 48
6 58
6 61
7 15
7 25
7 31
7 54
8 1
8 11
8 19
8 21
8 32
8 34
8 38
8 39
8 46
8 54
8 56
9 13
9 35
9 54
10 14
10 33
10 34
10 36
10 37
10 40
10 42
10 43
10 51
10 57
10 58
11 2
11 7
11 16
11 21
11 29
11 53
11 61
12 3
12 4
12 6
12 7
12 34
12 39
12 58
13 7
13 43
13 50
13 54
13 57
14 1
14 8
14 27
14 47
14 52
14 55
14 56
15 17
15 56
16 15
16 17
16 31
16 32
16 33
16 34
16 40
16 47
16 51
16 58
16 59
17 4
17 5
17 15
17 18
17 23
17 26
17 47
17 52
18 1
18 47
18 55
19 7
19 15
19 28
19 39
19 43
19 46
19 51
20 7
20 8
20 19
20 22
20 34
20 55
21 8
21 26
21 36
21 40
21 55
21 57
21 58
22 7
22 14
22 26
22 29
22 41
22 60
22 61
23 18
23 22
23 27
23 32
23 35
23 40
23 53
24 20
24 23
24 36
24 45
24 46
24 54
24 55
24 59
25 1
25 17
25 30
25 46
25 54
25 61
26 10
26 28
26 30
26 41
27 9
27 12
27 29
27 30
27 36
27 58
28 27
28 40
28 41
28 47
28 56
28 60
29 4
29 16
29 54
30 5
30 45
30 54
31 13
31 28
31 34
32 19
32 21
32 23
32 28
32 37
32 44
33 30
33 32
34 4
34 26
34 31
34 35
34 47
35 4
35 12
35 15
35 22
35 28
35 34
35 38
35 44
35 54
35 57
35 62
36 37
36 43
36 47
37 14
37 17
37 18
37 21
37 23
37 25
37 27
37 32
37 49
37 58
38 14
38 19
38 23
38 26
38 39
38 42
38 49
38 52
38 60
39 14
39 23
39 26
39 33
39 44
39 45
40 16
40 22
40 28
40 30
40 33
40 37
40 45
40 48
41 2
41 5
41 21
41 35
41 55
41 59
42 37
42 50
42 57
43 12
43 13
43 27
43 51
43 55
44 2
44 13
44 16
44 17
44 58
44 60
45 13
45 17
45 19
45 35
45 40
45 43
45 55
45 56
45 58
46 13
46 44
46 49
46 62
47 9
47 13
48 28
48 33
48 39
48 56
49 3
49 11
49 17
49 18
49 33
49 42
49 48
50 11
50 16
50 42
50 47
50 49
51 3
51 16
51 24
51 46
51 53
51 58
51 59
51 62
52 4
52 7
52 9
52 19
52 39
52 41
52 51
52 55
52 62
53 1
53 9
53 23
53 37
54 9
54 17
54 19
54 23
54 29
54 30
54 35
54 37
54 38
54 51
54 62
55 14
55 51
57 6
57 19
57 43
57 46
57 53
57 54
57 55
57 62
58 5
58 15
58 30
58 39
58 49
58 54
58 55
59 19
59 33
59 43
59 49
59 57
60 31
60 54
60 61
60 62
61 2
61 3
61 5
61 18
61 28
61 31
61 48
61 57
62 25
62 26
62 28
62 29
62 36
62 46
62 48
62 59
62 61
Loss 0 0 0 84 0 0 0 0 0 0 0 0 0 0 19 0 0 0 0 45 0 59 55 0 0 19 0 0 0 0 0 0 0 0 0 63 0 0 0 0 0 0 75 0 0 0 61 0 0 94 0 0 54 49 0 56 0 0 0 0 53 0 
