58 <--# of nodes, 334 edges
1 20
1 49
1 55
2 34
2 47
2 48
3 5
3 9
3 17
3 18
3 19
3 21
4 27
4 37
4 48
5 10
5 22
5 25
5 33
5 39
5 41
5 43
6 14
6 24
6 39
6 49
6 52
7 22
7 25
7 29
7 33
7 37
7 42
7 54
8 10
8 23
8 34
8 43
8 47
8 49
9 3
9 19
9 22
9 24
9 42
9 51
10 1
10 11
10 12
10 13
10 57
11 5
11 26
12 1
12 4
12 16
12 18
12 20
12 35
12 40
12 52
12 56
13 7
13 26
13 27
13 33
13 46
13 55
13 58
14 1
14 2
14 17
14 23
14 30
15 20
15 24
15 26
15 39
15 44
15 48
16 1
16 3
16 38
16 47
16 57
17 10
17 15
17 52
18 1
18 37
18 52
19 4
19 25
19 35
19 48
19 51
20 8
20 23
20 35
20 46
20 54
21 10
21 27
21 34
21 43
21 45
21 46
21 57
22 13
22 16
22 17
22 23
23 5
23 13
23 21
23 30
23 39
24 8
24 28
24 29
24 42
24 46
25 2
25 6
25 24
25 29
25 53
25 54
26 11
26 13
26 20
26 25
26 39
26 45
26 47
26 52
26 53
27 18
27 19
27 31
27 32
27 34
28 4
28 11
28 27
28 38
28 39
28 40
28 48
28 52
29 8
29 9
29 20
29 30
29 48
30 6
30 8
30 37
30 41
31 6
31 9
31 10
31 14
31 22
31 25
31 35
31 38
31 57
32 8
32 27
32 43
32 45
32 53
32 54
33 23
33 26
33 29
33 32
33 39
33 49
33 52
33 53
34 15
34 24
34 27
34 31
34 38
34 41
34 45
34 48
35 9
35 21
35 29
35 44
36 8
36 14
36 18
36 35
36 37
36 43
36 58
37 8
37 38
37 41
37 50
38 14
38 15
38 18
38 26
38 52
38 56
39 23
39 28
39 31
39 33
39 46
39 51
40 11
40 13
40 29
40 33
40 36
40 38
40 43
40 58
41 5
41 20
41 22
41 35
41 47
41 52
41 55
41 56
41 57
42 4
42 27
42 40
43 9
43 10
43 34
43 38
43 40
43 41
43 44
43 47
44 10
44 35
44 38
44 48
44 50
44 54
45 1
45 2
45 3
45 13
45 48
46 8
46 28
46 45
46 58
47 23
47 40
47 50
47 52
48 9
48 12
48 20
48 39
48 40
48 42
48 45
48 46
49 5
49 19
49 38
49 56
50 30
50 49
50 52
50 57
51 18
51 34
51 47
51 58
52 8
52 9
52 10
52 17
52 28
52 39
52 55
53 15
53 16
53 20
53 22
53 24
53 30
53 35
53 38
53 41
53 50
54 26
54 34
54 35
54 41
54 51
54 58
55 29
55 30
55 40
56 7
56 10
56 31
56 53
56 57
56 58
57 8
57 12
57 17
57 19
57 25
57 27
57 39
57 45
57 46
57 48
57 49
57 52
58 12
58 23
58 32
58 43
58 48
58 56
Loss 0 0 0 0 49 0 0 0 25 31 0 0 0 0 0 0 0 59 0 99 0 0 0 0 0 0 0 0 0 0 0 0 0 0 0 0 0 0 0 9 0 0 0 0 0 0 0 0 0 87 0 0 0 56 0 15 0 0 
