33 <--# of nodes, 104 edges
1 14
1 21
1 27
1 28
2 9
2 22
3 22
4 6
4 12
4 16
4 19
4 31
5 17
6 2
6 26
6 28
7 2
7 4
7 29
8 19
8 24
8 28
9 3
9 4
9 15
9 16
10 14
10 32
11 3
11 13
11 20
11 30
11 32
12 1
12 10
12 11
12 26
13 3
13 6
14 10
14 12
14 26
16 7
16 8
16 12
16 26
17 7
17 12
17 15
18 22
18 26
19 7
19 11
19 28
19 31
19 32
20 7
20 21
21 2
21 6
21 7
21 23
22 7
22 11
22 14
22 19
22 26
22 33
23 8
23 13
23 22
24 26
24 31
25 7
25 27
26 2
26 5
26 9
26 20
26 22
26 33
27 13
27 18
27 21
27 24
27 32
28 15
29 1
29 3
29 10
29 18
29 24
29 33
30 9
31 3
31 32
32 3
32 6
32 26
33 1
33 12
33 17
33 24
33 29
Loss 0 90 0 0 0 95 62 0 0 0 0 0 0 0 0 0 0 0 0 0 0 0 0 0 6 0 0 0 0 0 0 89 0 
