30 <--# of nodes, 79 edges
1 8
1 11
2 9
2 14
3 7
3 27
4 6
4 14
4 15
4 20
5 13
5 18
6 12
7 3
7 19
8 10
9 6
9 8
9 22
9 24
10 1
11 1
11 9
11 20
12 8
12 17
12 19
12 26
13 26
15 6
15 19
15 20
15 23
15 29
16 6
16 9
16 17
16 18
16 19
16 21
17 5
17 7
17 21
18 9
18 10
18 19
18 29
19 3
19 15
19 16
20 14
20 21
21 4
21 17
22 19
22 30
23 17
24 26
24 27
25 1
25 5
25 7
25 13
25 15
25 21
25 26
26 10
26 11
27 1
27 2
27 4
27 12
28 3
28 10
28 30
29 3
29 24
30 3
30 12
Loss 0 0 0 93 0 0 0 0 0 0 94 0 7 0 0 0 9 0 0 0 24 0 0 0 0 18 0 13 32 0 
