65 <--# of nodes, 419 edges
1 2
1 16
1 21
1 23
1 38
1 40
1 41
1 47
1 53
2 5
2 9
2 18
2 50
2 53
2 64
2 65
3 1
3 9
3 21
3 38
3 43
3 48
3 50
3 55
3 64
4 1
4 13
4 18
4 22
4 39
4 45
4 56
4 57
5 6
5 7
5 9
5 14
5 27
5 30
5 38
5 46
6 1
6 4
6 5
6 11
6 34
6 47
6 64
7 2
7 4
7 15
7 45
7 52
7 59
7 61
8 6
8 47
9 7
9 8
9 13
9 15
9 17
9 20
9 25
9 29
9 38
9 42
9 43
9 53
9 59
9 60
10 2
10 4
10 16
10 25
10 41
10 44
10 46
10 50
10 57
11 24
11 26
11 49
11 55
11 62
11 63
12 7
12 39
12 40
12 49
13 16
13 20
13 22
13 26
13 55
14 10
14 13
14 18
14 21
14 24
14 28
14 29
14 34
14 36
14 39
14 40
15 9
15 51
16 2
16 23
16 50
16 58
16 65
17 12
17 22
17 46
17 52
17 56
17 58
17 62
18 1
18 5
18 6
18 14
18 17
18 28
18 30
18 40
18 56
18 58
18 64
19 1
19 8
19 12
19 16
19 20
19 29
19 38
19 46
19 62
19 65
20 6
20 7
20 9
20 18
20 25
20 27
20 36
20 60
20 63
20 64
21 6
21 17
21 34
21 46
21 58
21 63
22 19
22 31
22 35
22 44
22 55
23 18
23 41
23 45
23 47
23 49
23 56
23 64
24 3
24 4
24 5
24 10
24 16
24 22
24 26
24 28
24 38
24 43
24 52
24 64
25 4
25 7
25 34
25 47
25 52
25 57
26 6
26 19
26 36
27 5
27 12
27 26
27 34
27 36
27 38
27 65
28 14
28 42
28 48
29 6
29 7
29 8
29 9
29 12
29 28
29 31
29 46
30 4
30 19
30 20
30 43
30 57
30 59
31 1
31 27
31 40
31 42
32 17
32 19
32 27
32 48
32 51
32 55
32 62
33 30
33 41
33 47
34 18
34 27
34 39
34 40
34 48
35 9
35 28
35 38
35 42
36 1
36 5
36 7
36 14
36 22
36 31
37 9
37 17
37 22
37 26
37 28
37 52
37 61
38 3
38 7
38 21
38 35
38 43
38 45
38 47
38 54
38 61
39 7
39 9
39 11
39 17
39 20
39 42
39 58
40 12
40 14
40 20
40 25
40 36
40 44
40 47
40 50
41 6
41 10
41 20
41 35
41 42
41 52
41 53
41 61
41 63
42 13
42 14
42 34
42 51
42 58
43 10
43 24
44 5
44 42
44 59
45 4
45 17
45 38
45 53
46 15
46 22
46 23
46 29
47 2
47 5
47 10
47 48
48 10
48 15
48 16
48 39
48 46
48 51
48 65
49 1
49 20
49 23
49 25
49 35
49 36
49 38
49 39
49 62
50 4
50 15
50 28
50 35
50 58
50 65
51 7
51 24
51 33
51 40
51 52
52 15
52 16
52 18
52 29
52 32
52 46
52 54
53 6
53 13
53 25
53 36
53 45
53 50
53 56
53 60
54 4
54 7
54 24
54 27
54 45
54 60
55 50
55 51
55 56
56 6
56 12
56 20
56 22
56 25
56 31
56 43
56 53
56 63
57 13
57 15
57 29
57 32
57 47
57 54
57 61
58 23
58 37
58 46
59 10
59 11
59 18
59 20
59 27
59 38
59 41
59 52
59 64
60 17
60 33
60 41
60 43
60 51
60 64
61 19
61 31
61 47
61 52
61 58
61 59
62 1
62 3
62 5
62 19
62 40
62 57
63 9
63 25
63 31
63 45
64 4
64 17
64 28
64 36
64 41
64 53
64 55
65 5
65 31
65 34
65 46
65 54
65 58
Loss 0 0 25 0 58 0 0 0 0 0 0 0 0 4 0 0 6 0 95 34 0 0 0 0 99 0 30 0 77 0 0 47 0 0 86 0 0 0 0 54 0 0 0 0 19 0 0 0 0 0 0 0 0 0 0 0 0 0 0 13 0 0 0 0 69 
