58 <--# of nodes, 313 edges
1 13
1 14
1 34
1 38
1 45
1 48
2 11
2 17
2 36
2 38
3 12
3 14
3 22
3 27
3 33
3 39
3 44
3 56
4 1
4 9
4 11
4 29
4 41
5 7
5 31
5 36
5 41
5 47
5 50
6 10
6 22
7 6
7 17
7 55
7 56
8 7
8 14
8 15
8 28
8 34
8 41
8 52
9 1
9 2
9 3
9 33
9 35
9 41
9 42
9 49
10 3
10 6
10 12
10 21
10 29
10 35
10 46
11 4
11 21
11 24
11 39
11 46
11 48
11 53
11 55
12 34
12 40
12 55
13 15
13 18
13 34
13 36
13 55
14 4
14 12
14 20
14 47
14 49
15 8
15 17
15 25
15 33
15 35
15 37
16 2
16 4
16 13
16 18
16 44
17 7
17 8
17 29
17 51
18 2
18 5
18 15
18 17
18 23
18 25
18 51
18 56
19 2
19 5
19 9
19 25
19 34
19 43
19 48
19 49
20 3
20 12
20 13
20 25
20 57
21 10
21 24
21 29
21 49
21 51
22 3
22 29
22 35
22 38
22 42
23 12
23 20
23 27
23 33
23 47
24 14
24 38
24 49
24 52
24 54
25 5
25 7
25 8
25 22
25 42
25 46
25 48
26 22
26 55
26 57
26 58
27 7
27 10
27 20
27 21
28 2
28 21
28 23
28 45
29 1
29 7
29 14
29 44
29 46
30 14
30 33
30 34
30 37
30 50
31 5
31 7
31 14
31 19
31 48
32 15
32 34
32 47
32 49
33 8
33 26
33 43
33 51
34 38
34 50
34 58
35 7
35 26
35 28
35 33
35 48
35 52
36 4
36 9
36 10
36 19
36 26
36 29
36 37
36 49
37 5
37 8
37 13
37 22
37 49
38 13
38 18
38 26
38 39
38 40
38 46
38 54
38 55
38 57
39 18
39 20
39 32
40 15
40 23
40 28
40 29
41 7
41 8
41 18
41 21
41 47
42 10
42 11
42 48
42 52
42 58
43 15
43 21
43 24
43 31
44 15
44 39
44 53
44 54
45 2
45 15
45 41
46 19
46 24
46 45
47 2
47 28
47 36
47 48
48 2
48 12
48 33
48 35
48 37
48 53
49 29
49 36
49 39
49 40
49 41
49 44
50 9
50 42
51 12
51 13
51 27
51 30
51 46
52 12
52 17
52 46
52 47
53 1
53 9
53 11
53 12
53 17
53 26
53 27
53 30
53 37
53 43
53 44
53 46
53 47
54 2
54 5
54 22
54 24
54 29
54 32
54 43
54 50
54 52
54 53
55 10
55 11
55 28
55 30
55 31
55 52
55 58
56 12
56 15
56 19
56 27
56 29
56 31
56 54
57 25
57 36
57 40
57 41
57 44
57 58
58 17
58 22
58 24
58 31
58 33
Loss 0 0 0 60 65 0 0 0 64 0 0 0 0 0 0 14 0 0 0 46 0 37 0 0 0 0 0 0 67 85 42 0 0 0 0 14 0 0 60 0 0 0 0 0 0 97 0 0 0 0 0 0 0 40 0 0 92 63 
