52 <--# of nodes, 271 edges
1 26
1 27
1 43
1 45
1 52
2 20
2 47
3 20
3 32
3 50
4 7
4 9
4 32
4 49
5 19
5 40
5 46
5 48
5 49
6 10
6 18
6 35
6 44
6 52
7 16
7 35
7 44
8 2
8 3
8 15
8 41
8 43
8 45
9 4
9 6
9 19
9 25
9 27
9 35
9 37
9 51
10 9
10 52
11 2
11 12
11 29
11 33
11 38
11 45
11 51
12 16
12 24
12 25
12 29
12 30
12 48
13 8
13 22
13 23
13 30
13 42
14 10
14 11
14 13
14 18
14 20
14 28
14 30
14 31
14 49
15 6
15 22
15 27
15 28
15 39
15 49
16 5
16 34
16 42
16 46
16 47
17 4
17 7
17 25
17 27
17 29
18 1
18 11
18 14
18 21
18 34
18 39
18 45
19 22
20 5
20 8
20 11
20 17
20 19
20 41
20 51
21 2
21 6
21 28
21 36
21 39
22 10
22 13
22 16
22 32
22 37
22 40
23 24
23 30
23 32
23 41
24 15
24 36
24 40
24 45
25 4
25 26
25 48
26 1
26 2
26 5
26 8
26 10
26 12
26 49
26 51
27 35
27 44
28 3
28 11
28 16
28 19
28 26
28 51
29 2
29 9
29 17
29 23
29 28
29 37
30 3
30 7
30 17
30 28
30 35
30 41
30 47
31 1
31 21
31 32
31 39
31 47
31 49
31 51
32 4
32 18
32 26
32 27
33 22
33 24
33 26
33 34
33 41
33 43
34 5
34 12
34 23
34 29
34 30
34 33
34 46
35 7
35 13
35 45
35 50
36 6
36 10
36 28
36 30
36 47
36 50
37 3
37 8
37 20
37 34
37 44
37 49
38 2
38 14
38 21
38 41
38 43
38 44
38 47
38 51
39 23
39 26
39 31
39 33
39 37
39 47
40 1
40 7
40 20
40 23
40 25
40 39
40 48
41 9
41 37
41 40
41 42
41 50
42 37
42 40
43 3
43 4
43 6
43 15
43 33
43 35
43 44
43 45
44 2
44 5
44 8
44 14
44 18
44 22
44 29
44 31
44 41
44 42
45 14
45 18
45 22
45 50
46 16
46 19
46 49
47 36
48 4
48 25
48 37
48 45
49 9
49 13
49 21
49 48
50 1
50 2
50 11
50 17
50 40
50 41
50 47
51 9
51 32
51 37
51 40
51 44
51 50
52 5
52 12
52 24
52 49
Loss 0 0 0 0 0 0 0 0 0 48 0 0 0 0 0 0 0 0 0 0 0 0 0 0 0 0 89 0 0 0 0 0 0 23 0 0 62 92 0 0 85 0 41 14 8 0 0 0 0 79 53 0 
