42 <--# of nodes, 188 edges
1 16
1 21
1 23
1 25
1 29
1 35
1 36
2 10
2 12
2 13
2 16
2 24
2 33
2 36
3 25
3 29
4 9
4 28
5 36
5 40
6 2
6 17
6 40
6 42
7 4
7 9
7 20
7 28
7 37
7 38
8 3
8 6
8 7
8 36
8 41
8 42
9 3
9 13
10 17
10 21
10 27
10 39
11 16
11 21
11 22
11 24
11 35
11 37
12 7
12 22
12 23
12 31
13 1
13 3
13 7
13 11
13 15
13 23
13 30
14 12
14 15
14 41
15 5
16 10
16 29
17 7
17 8
17 11
17 42
18 4
18 9
18 20
18 25
18 37
18 39
19 12
19 22
19 25
19 37
20 10
20 22
20 24
20 29
21 6
21 10
21 12
21 16
21 42
22 13
22 16
22 24
22 42
23 11
23 15
23 33
24 1
24 6
24 14
25 5
25 10
25 28
25 38
25 40
26 22
26 38
27 1
27 21
27 22
27 36
27 38
27 39
28 3
28 11
28 15
28 16
28 20
29 1
29 15
29 18
29 27
29 35
29 37
29 40
29 42
30 35
30 42
31 5
31 15
31 16
31 38
32 9
32 13
32 14
32 18
32 27
32 31
32 33
32 34
32 36
33 14
33 19
33 30
34 1
34 2
34 3
34 16
34 24
34 33
35 6
35 8
35 10
35 12
35 16
35 18
35 24
35 39
36 13
37 1
37 7
37 12
37 13
37 19
37 23
37 34
38 3
38 29
38 33
39 3
39 20
39 21
39 27
39 31
40 6
40 13
40 21
41 15
41 27
41 31
41 42
42 4
42 6
42 7
42 8
42 14
42 16
42 17
42 19
42 34
Loss 0 0 0 66 61 0 0 0 0 0 0 0 3 0 0 0 0 0 0 0 26 0 35 0 0 0 0 0 0 0 79 0 0 0 45 0 0 0 0 0 0 15 
