51 <--# of nodes, 239 edges
1 5
1 19
1 28
1 38
2 16
2 18
2 49
3 2
3 4
3 12
3 14
3 21
3 33
3 41
3 42
3 45
4 7
4 23
4 30
4 36
5 22
6 28
6 46
7 3
7 21
7 29
7 42
7 46
7 50
8 3
8 21
8 22
8 30
8 42
8 43
9 11
9 28
9 51
10 20
10 29
10 35
10 48
11 14
11 22
12 11
12 16
12 21
12 24
12 49
13 3
13 5
13 19
13 27
14 6
14 15
14 35
15 9
15 16
15 46
16 36
16 49
17 1
17 12
17 19
17 23
18 12
18 20
18 21
18 35
18 40
18 46
18 50
19 1
19 30
19 49
20 6
20 9
20 21
20 39
21 6
21 12
21 13
21 19
21 37
21 42
22 17
22 27
22 29
22 38
23 14
23 21
23 26
24 14
24 18
24 20
24 30
24 33
24 39
24 43
24 46
25 7
25 8
25 13
25 20
25 44
26 10
26 16
26 21
26 22
26 23
26 29
26 33
26 34
27 4
27 6
27 8
27 11
27 28
27 29
27 35
27 42
27 43
28 1
28 9
28 18
28 20
28 35
28 36
28 38
28 44
29 6
29 15
29 49
29 51
30 4
31 42
32 1
32 9
32 29
32 40
32 41
32 46
33 9
33 12
33 27
33 49
34 12
34 27
34 47
34 49
35 9
35 24
35 26
35 29
35 40
35 45
35 50
36 12
36 13
36 19
36 26
36 28
36 32
36 38
36 41
37 2
37 3
37 19
37 34
38 2
38 25
38 46
39 45
39 50
40 42
41 15
41 26
41 39
42 31
42 36
42 51
43 4
43 9
43 11
43 26
43 34
43 45
43 49
44 10
44 11
44 15
44 16
44 40
44 42
44 47
45 3
45 4
45 11
45 20
46 2
46 17
46 19
46 26
46 37
46 39
47 2
47 6
47 26
47 41
47 45
48 9
48 12
48 17
48 18
48 19
48 20
48 32
48 35
48 42
48 50
49 2
49 23
49 29
49 39
49 43
49 48
50 4
50 6
50 9
50 17
50 37
50 44
51 2
51 16
51 35
51 39
51 40
51 42
51 45
Loss 0 0 89 0 26 0 97 0 0 0 0 0 0 0 65 0 0 0 0 0 0 0 0 0 95 0 0 0 0 0 0 0 0 0 0 0 0 73 0 0 0 0 0 0 0 0 0 0 0 0 56 
