38 <--# of nodes, 136 edges
1 4
1 15
1 23
2 3
2 7
2 9
2 23
3 9
3 14
4 3
4 12
4 17
4 22
4 29
4 30
4 32
5 9
5 12
5 27
6 7
6 20
6 21
6 27
6 34
7 9
7 18
8 3
8 7
8 21
8 29
9 3
9 18
10 15
10 21
10 23
10 25
11 1
11 4
11 17
12 31
13 8
13 12
13 21
13 23
14 31
15 12
15 19
15 22
15 38
16 4
16 7
16 8
16 14
16 18
16 23
16 30
17 15
17 23
17 26
18 16
18 23
18 37
19 5
19 14
19 20
19 29
19 33
19 35
19 37
20 4
20 9
20 34
20 36
21 7
21 18
21 25
21 26
22 17
23 6
25 10
25 18
25 27
26 2
26 3
26 11
26 15
26 17
27 9
27 14
27 24
27 34
28 9
28 19
29 4
29 12
29 17
29 25
30 3
30 4
30 25
30 26
30 28
30 34
31 12
31 17
31 22
31 30
31 35
32 15
32 22
32 30
33 7
33 15
33 17
33 27
33 31
34 9
34 22
35 9
35 16
35 17
35 18
35 24
35 36
37 11
37 13
37 15
37 18
37 30
37 36
38 2
38 3
38 7
38 23
38 30
38 35
Loss 0 0 92 88 0 0 51 0 0 0 0 0 0 57 0 0 20 0 0 0 0 0 0 0 0 80 0 0 19 95 0 0 0 0 0 0 0 0 
