54 <--# of nodes, 270 edges
1 15
1 18
1 34
1 35
1 44
1 54
2 7
2 13
2 18
2 28
2 29
2 31
2 51
3 23
3 33
3 37
3 41
3 49
3 51
4 5
4 22
4 24
4 28
4 38
4 44
5 1
5 12
5 24
5 38
5 46
6 37
6 51
7 24
7 28
8 6
8 13
8 21
8 32
9 18
9 40
9 50
10 23
10 24
10 25
10 27
10 39
10 44
10 48
11 2
11 6
11 12
11 17
11 24
11 29
11 36
11 54
12 8
12 11
12 13
12 25
12 34
12 44
12 52
13 5
13 18
13 22
13 24
13 25
13 26
13 33
13 44
13 47
13 53
14 6
14 19
14 22
14 28
14 39
14 47
14 49
15 19
15 22
15 25
15 28
15 48
15 49
16 18
16 49
16 53
17 6
17 13
17 21
17 28
17 32
17 38
17 45
17 48
18 9
18 12
18 15
18 29
18 30
19 2
19 18
19 27
19 34
19 36
19 45
19 54
20 10
20 19
20 22
20 23
20 24
20 26
20 38
20 45
20 50
21 14
21 53
22 8
22 13
22 21
22 28
23 11
23 26
23 27
23 29
24 5
24 35
24 38
24 42
24 48
24 51
24 52
25 13
25 29
25 54
26 10
26 29
26 43
27 1
27 15
27 25
27 31
27 53
28 29
28 49
28 51
28 52
29 22
29 26
29 38
29 41
29 43
29 44
29 51
30 3
30 4
30 7
30 23
30 33
30 37
30 39
30 45
31 1
31 6
31 29
31 34
31 52
32 48
33 15
33 16
33 22
33 23
33 25
33 42
33 54
34 1
34 19
34 27
35 12
36 24
36 25
36 28
36 29
36 53
37 42
37 51
38 2
38 26
38 33
38 34
38 36
39 4
39 18
39 29
39 32
39 34
40 3
40 5
40 27
40 35
40 36
40 46
41 4
41 6
41 7
41 34
41 38
41 48
42 3
42 5
42 6
42 14
42 17
42 21
42 43
42 49
42 50
43 22
43 26
43 28
43 45
44 20
44 21
44 24
44 25
44 32
44 52
45 9
45 17
45 22
45 23
45 27
45 32
45 42
45 53
46 4
46 20
46 21
46 23
47 13
47 37
47 42
48 46
49 4
49 10
49 20
49 45
50 1
50 17
50 19
50 30
50 36
51 53
52 16
52 22
52 23
52 25
52 29
52 31
52 36
52 43
53 9
53 36
53 52
54 30
54 39
54 46
Loss 0 0 0 0 87 0 0 19 0 0 0 0 0 48 62 0 0 0 0 0 0 0 0 0 0 66 0 0 0 0 77 0 0 73 0 60 0 0 61 0 0 0 0 0 0 19 73 0 0 0 59 0 11 0 
