39 <--# of nodes, 130 edges
1 23
1 28
2 15
2 17
2 34
2 37
3 5
3 12
3 29
4 19
4 25
4 32
5 26
5 35
6 1
6 2
6 27
7 3
7 5
7 9
7 26
7 37
8 21
8 24
8 38
9 2
9 8
9 10
9 19
9 25
9 26
9 33
10 23
11 32
12 11
12 22
12 23
13 9
13 12
13 20
13 26
14 5
14 13
14 29
14 38
15 11
15 16
16 6
16 20
17 3
17 9
17 19
17 21
17 24
17 31
18 11
18 13
18 16
18 22
18 26
18 37
19 16
19 17
19 18
19 22
19 27
19 28
19 30
19 38
20 37
20 39
21 7
21 12
21 17
21 30
22 23
22 24
22 32
22 37
23 5
23 9
23 16
23 18
23 39
24 19
24 26
25 7
25 32
25 36
26 7
26 24
27 23
28 1
28 16
28 26
29 1
29 3
29 27
29 35
30 1
30 27
30 32
30 33
30 34
31 11
31 26
31 36
32 8
32 13
32 17
32 34
33 21
33 38
34 4
34 6
34 27
35 5
36 2
36 15
36 18
36 30
36 32
37 1
37 19
37 32
38 39
39 2
39 10
39 19
39 31
Loss 0 62 0 0 0 0 0 0 0 0 0 0 0 68 0 0 0 0 0 0 0 0 0 0 0 0 0 0 0 0 0 0 0 0 0 24 63 0 99 
