45 <--# of nodes, 215 edges
1 14
1 19
1 25
1 32
1 34
1 37
1 40
2 9
2 10
2 11
2 15
2 16
2 19
2 20
2 26
3 10
3 17
3 28
3 30
3 38
4 7
4 27
4 33
4 38
5 13
5 17
5 31
5 41
5 44
6 15
6 24
6 31
6 39
6 41
7 24
7 26
7 28
7 32
7 37
8 15
8 16
8 26
8 36
9 13
9 17
9 42
10 5
10 9
10 12
10 22
10 27
10 40
11 19
11 29
11 42
12 2
12 11
12 17
12 21
12 24
12 29
12 42
13 5
13 12
13 16
13 25
14 28
14 43
14 44
15 1
15 14
15 21
15 34
16 18
16 19
16 25
17 7
17 10
17 19
17 40
17 45
18 16
18 17
18 20
18 25
18 27
18 31
18 44
19 6
19 11
19 38
19 40
20 26
20 27
20 37
21 15
21 20
22 13
22 26
22 35
22 37
22 41
23 21
23 32
23 45
24 5
24 13
24 16
24 19
24 20
24 22
24 29
24 45
25 14
25 15
25 16
25 30
26 1
26 6
26 11
26 17
26 36
26 42
27 3
27 6
27 29
27 39
27 43
28 10
28 31
28 33
28 37
28 40
29 26
29 41
30 4
30 9
30 13
30 19
30 35
30 36
30 41
30 45
31 3
31 4
31 12
31 17
31 20
31 33
31 38
32 2
32 22
32 44
33 5
33 14
33 17
33 26
33 27
33 32
33 35
33 37
33 39
33 42
34 3
34 7
34 18
34 20
34 24
34 42
34 43
35 11
35 15
36 2
36 11
37 19
37 21
37 24
38 6
38 7
39 13
39 15
39 23
39 37
39 41
39 43
40 3
40 5
40 42
41 12
41 32
41 43
42 10
42 13
42 14
42 20
42 29
42 44
43 4
43 7
43 10
43 11
43 21
43 23
43 30
43 34
44 6
44 9
44 13
44 22
44 26
44 30
44 32
45 5
45 13
45 20
Loss 0 0 0 53 0 0 53 49 0 0 0 0 0 0 0 0 0 0 0 0 0 0 0 0 0 0 0 0 0 0 0 57 78 0 0 0 0 0 17 0 0 0 49 0 0 
