64 <--# of nodes, 391 edges
1 8
1 13
1 17
1 18
1 28
2 22
2 23
2 30
2 49
2 50
2 56
3 7
3 13
3 21
3 28
3 31
3 49
3 53
3 57
4 17
5 10
5 12
5 21
5 33
5 50
5 62
6 7
6 18
6 30
6 38
6 41
6 43
6 64
7 36
7 39
7 47
7 54
7 56
8 17
8 28
8 38
8 47
9 4
9 16
9 22
9 23
9 47
9 62
10 6
10 11
10 13
10 15
10 20
10 25
10 26
10 30
10 35
10 38
10 44
10 46
10 49
10 58
11 15
11 30
11 35
11 64
12 3
12 20
12 27
12 35
12 45
12 46
13 1
13 3
13 18
13 27
13 28
13 33
13 35
13 60
14 5
14 26
14 31
14 45
15 5
15 7
15 22
15 29
15 32
15 53
16 6
16 8
16 11
16 19
16 30
16 38
17 42
17 53
18 11
18 22
18 26
18 27
18 32
18 35
18 40
18 58
18 63
19 2
19 6
19 12
19 17
19 23
19 26
19 42
19 60
19 63
20 26
20 27
20 28
20 34
20 47
20 51
20 58
21 1
21 11
21 29
21 50
21 56
22 19
22 45
22 46
22 48
22 53
22 59
23 13
23 16
23 17
23 36
23 42
23 46
23 57
24 11
24 16
24 17
24 29
24 36
24 37
24 39
24 45
24 52
24 53
24 55
24 60
25 9
25 20
25 27
25 28
25 38
26 2
26 45
26 51
26 53
27 18
27 25
27 33
27 39
27 49
27 61
28 13
28 43
29 16
29 26
29 32
29 39
30 6
30 12
30 39
30 43
30 46
30 53
31 1
31 15
31 26
31 49
31 57
31 64
32 6
32 14
32 35
32 52
32 59
33 2
33 4
33 46
34 15
34 24
34 28
34 33
34 36
34 64
35 12
35 17
35 33
35 45
36 8
36 15
36 27
36 33
36 45
37 16
37 32
37 40
37 43
38 5
38 15
38 34
38 51
38 61
38 63
39 11
39 24
39 29
39 41
39 52
40 6
40 10
40 46
41 19
41 33
41 47
42 6
42 12
42 21
42 49
42 54
43 6
43 23
43 29
43 30
43 39
43 45
44 3
44 32
44 38
44 54
44 62
45 9
45 19
45 26
45 44
45 51
45 53
45 54
45 60
46 2
46 19
46 20
46 41
46 42
46 59
46 62
47 2
47 7
47 12
47 20
47 39
47 50
47 60
48 5
48 7
48 25
48 35
48 36
48 41
48 43
48 63
49 6
49 7
49 11
49 13
49 19
49 32
49 34
49 48
49 53
49 54
49 57
49 60
49 61
50 13
50 19
50 25
50 38
50 49
51 3
51 5
51 13
51 23
51 29
51 40
51 49
51 60
52 15
52 25
52 33
52 39
52 48
52 51
52 54
52 55
52 58
53 3
53 7
53 26
53 33
53 35
53 45
53 51
53 56
53 61
54 8
54 13
54 18
54 42
54 43
54 49
55 38
55 48
55 51
55 52
55 62
56 4
56 6
56 10
56 20
56 21
56 25
56 26
56 28
56 36
56 41
56 43
56 54
56 59
57 13
57 17
57 25
57 37
57 55
57 62
58 20
58 27
58 29
58 31
58 34
58 50
58 56
59 1
59 6
59 30
59 32
59 35
59 41
59 48
59 51
59 57
60 23
60 46
61 10
61 18
61 20
61 22
61 47
61 48
61 50
61 52
62 15
62 18
62 23
62 35
62 40
62 52
62 56
62 57
62 60
63 21
63 51
63 53
64 7
64 45
64 57
Loss 0 0 0 66 0 0 0 0 0 28 0 0 0 0 39 0 0 0 0 0 0 0 0 43 0 29 59 68 0 0 84 1 96 0 0 0 0 0 0 0 46 0 0 0 60 0 0 0 79 0 0 0 0 0 0 0 0 0 0 0 0 0 0 0 
