62 <--# of nodes, 382 edges
1 11
1 15
1 16
1 39
1 50
1 53
1 60
1 61
2 3
2 21
2 34
2 38
2 44
2 45
2 54
2 56
2 60
2 61
3 8
3 47
3 58
4 2
4 3
4 6
4 7
4 9
4 29
4 30
4 37
4 39
4 45
4 60
5 3
5 12
5 22
5 27
5 29
5 40
5 41
5 44
5 46
5 52
5 60
6 15
6 19
6 22
6 27
6 29
6 44
6 48
7 2
7 8
7 11
7 19
7 22
7 55
8 3
8 5
8 16
8 24
8 25
8 27
8 34
8 45
10 1
10 6
10 43
10 60
11 1
11 17
11 19
11 32
11 34
11 46
12 20
12 23
12 29
12 30
12 36
12 39
12 40
13 6
13 18
13 23
13 26
13 30
13 35
13 51
13 55
13 57
13 61
14 6
14 11
14 15
14 25
14 40
14 43
14 49
14 53
15 3
15 35
15 37
15 42
16 10
16 17
16 41
16 44
17 15
17 24
17 34
17 38
17 59
18 26
18 27
18 35
18 36
18 37
18 41
18 56
19 25
19 27
19 47
19 53
19 61
20 3
20 4
20 9
20 57
21 19
21 23
21 27
21 35
21 37
21 43
21 48
22 19
22 31
22 36
22 44
22 47
23 12
23 35
23 41
23 45
23 49
23 52
23 57
24 16
24 35
24 46
24 55
24 61
25 2
25 4
25 12
25 19
25 33
25 38
25 50
25 53
25 56
26 6
26 8
26 17
26 25
26 39
26 46
26 59
26 60
27 8
27 22
27 23
27 25
27 26
27 28
27 49
27 55
28 12
28 16
28 22
28 50
28 56
29 30
29 39
29 45
29 58
30 14
30 16
30 25
30 31
30 44
30 45
31 19
31 20
31 21
31 29
31 43
31 47
32 1
32 19
32 23
32 34
32 41
32 45
32 50
33 2
33 11
33 14
33 27
33 41
34 5
34 17
34 28
34 31
34 36
34 46
34 48
34 54
34 56
35 2
35 5
35 15
35 16
36 1
36 7
36 41
36 56
36 61
37 31
37 34
37 47
37 55
37 59
38 13
38 16
38 17
38 26
38 33
38 39
38 53
39 13
39 20
39 21
39 25
39 32
39 37
39 55
39 56
39 58
40 1
40 5
40 24
40 34
40 38
40 41
40 42
40 57
40 61
40 62
41 1
41 8
41 11
41 19
42 15
42 33
42 37
42 52
43 14
43 29
43 40
43 51
43 55
45 2
45 6
45 15
45 17
45 37
46 8
46 23
46 26
46 28
46 31
46 50
46 54
46 60
47 25
47 41
48 3
48 9
48 23
48 27
48 34
48 42
48 49
48 57
48 62
49 6
49 28
49 33
49 35
49 42
49 45
50 21
50 37
50 61
51 15
51 34
51 46
51 60
52 4
52 35
52 39
52 41
53 17
53 26
53 31
53 34
53 38
54 3
54 20
54 33
54 58
55 9
55 14
55 15
55 20
55 23
55 29
55 37
55 41
55 46
55 59
55 60
56 4
56 17
56 53
56 59
57 19
57 27
57 32
57 33
57 37
57 43
57 53
58 11
58 15
58 26
58 27
58 38
58 43
58 44
58 50
58 60
59 11
59 12
59 16
59 29
59 48
59 54
60 1
60 3
60 13
60 17
60 32
60 33
60 46
60 50
60 61
61 2
61 14
61 20
61 33
61 38
61 44
61 57
61 60
62 17
62 20
62 35
62 43
62 53
62 55
Loss 0 0 0 16 0 0 0 0 0 0 0 0 57 0 0 0 0 0 0 0 0 0 0 0 0 0 51 0 77 87 0 0 0 0 0 0 0 0 0 0 85 0 0 0 46 0 0 0 0 0 40 0 0 0 0 0 0 0 0 0 97 62 
