42 <--# of nodes, 159 edges
1 5
1 6
1 20
1 21
1 28
1 41
1 42
2 8
2 29
3 13
3 27
3 39
4 16
5 7
5 9
5 26
5 30
5 32
5 37
6 2
6 34
6 37
7 12
7 13
7 20
7 23
7 26
7 36
8 1
9 1
9 15
9 17
9 24
9 34
9 35
9 37
10 1
11 26
11 39
11 40
12 3
12 24
13 3
13 4
13 7
13 22
13 25
14 3
14 23
15 22
15 25
15 35
15 36
15 38
16 12
16 26
17 13
17 14
17 29
18 6
18 12
18 21
18 22
18 24
18 27
18 28
18 36
19 5
19 36
19 37
19 41
20 4
20 10
20 23
20 29
20 30
20 38
21 12
22 28
22 35
22 41
23 1
23 2
23 13
23 14
24 4
24 5
24 13
24 15
24 31
24 36
25 8
25 12
25 19
25 22
25 23
25 39
26 8
26 22
26 23
26 30
26 34
26 36
26 37
26 41
27 4
27 19
27 28
27 39
28 36
29 9
29 20
29 22
29 36
29 41
30 23
30 26
31 11
31 21
31 26
31 34
32 39
33 2
33 5
33 12
33 25
34 11
34 23
34 33
35 29
35 31
36 7
36 25
36 37
36 39
36 40
37 22
37 31
37 38
38 34
38 35
39 4
39 9
39 10
39 11
39 27
39 30
40 4
40 15
41 19
41 21
41 24
41 25
41 29
42 7
42 11
42 21
42 26
42 40
Loss 0 46 53 0 0 41 0 0 20 0 0 0 0 0 52 0 0 0 37 33 0 0 0 0 0 0 0 97 0 0 0 0 0 0 0 0 50 0 0 0 0 0 
