45 <--# of nodes, 212 edges
1 2
1 9
2 12
2 17
2 20
2 30
2 33
2 35
2 36
2 45
3 10
3 17
3 25
3 30
3 40
3 45
4 9
4 29
4 30
4 39
5 15
5 20
5 25
5 29
5 32
5 45
6 17
6 22
6 23
6 27
6 34
6 42
7 8
7 11
7 18
7 25
7 26
7 32
7 38
7 41
8 12
8 15
8 18
8 30
9 2
9 4
9 10
9 13
9 20
9 28
9 29
9 40
10 8
10 16
10 17
10 20
10 31
10 35
10 40
10 42
11 29
11 41
12 1
12 2
12 7
12 16
12 19
12 22
12 24
12 25
12 26
12 31
12 32
13 3
13 29
13 42
14 4
14 45
15 1
15 18
15 26
15 27
15 31
15 45
16 7
16 10
16 11
16 21
17 5
17 8
17 21
17 25
17 30
17 31
17 44
18 4
18 5
18 16
18 24
19 11
19 17
19 26
19 27
20 4
20 6
20 10
20 23
20 27
21 18
21 43
22 24
23 2
23 18
23 24
23 40
23 41
23 45
24 4
24 5
24 10
24 12
24 16
24 22
24 34
24 45
25 33
25 45
26 1
26 5
26 6
26 7
26 13
26 24
26 33
26 36
26 39
27 8
27 44
28 14
28 20
28 36
28 39
28 44
29 15
29 45
30 3
30 27
30 34
30 41
31 10
31 12
31 23
31 26
31 33
31 45
32 16
32 23
32 33
32 40
32 43
33 13
33 18
34 14
34 20
34 22
35 5
35 9
35 21
35 25
35 39
35 41
36 11
36 14
36 15
36 24
36 25
36 34
37 24
37 39
37 44
38 9
38 10
38 37
39 12
39 15
39 21
39 26
40 1
40 17
40 24
40 28
40 30
40 36
41 1
41 16
42 2
42 4
42 18
42 32
42 34
43 2
43 9
43 28
43 33
44 17
44 22
44 33
45 3
45 24
45 26
45 42
45 44
Loss 0 91 0 0 42 99 0 0 0 0 51 0 0 7 59 0 0 0 0 0 11 0 0 0 0 0 0 0 0 0 0 0 0 0 18 98 0 78 0 0 0 0 38 0 0 
