58 <--# of nodes, 317 edges
1 2
1 14
1 21
1 39
1 49
1 50
1 52
1 54
2 12
2 35
2 42
2 43
2 46
3 5
3 16
3 18
3 36
3 45
4 3
4 12
4 19
4 36
4 47
5 3
5 15
5 27
5 31
5 37
6 4
6 5
6 40
6 47
6 58
7 2
7 6
7 49
7 51
8 14
8 26
8 43
9 12
9 30
9 46
10 18
10 36
10 44
11 7
11 12
11 40
11 41
11 44
11 58
12 2
12 37
12 40
12 45
13 6
13 15
13 31
13 40
13 51
14 5
14 18
14 24
14 37
14 52
14 55
14 56
15 4
15 16
15 29
15 33
15 35
15 46
15 52
15 53
16 2
16 4
16 7
16 10
16 11
16 31
16 38
16 54
17 6
17 21
17 24
17 30
17 32
17 44
18 8
18 23
18 27
19 2
19 4
19 7
19 17
19 18
19 40
19 48
19 53
20 17
20 30
20 34
20 57
21 6
21 10
21 14
21 47
21 48
21 54
22 1
22 7
22 8
22 41
22 45
22 52
23 16
23 32
23 45
24 11
24 25
24 30
24 31
24 35
24 48
25 6
25 7
25 18
25 30
25 40
25 50
25 58
26 15
26 41
26 53
26 57
27 13
27 14
27 17
27 25
27 31
27 42
27 51
27 55
28 3
28 8
28 10
28 11
28 17
28 31
28 56
28 57
29 8
29 15
29 16
29 25
29 37
29 50
29 52
30 19
30 27
30 32
30 46
30 56
31 4
31 21
31 24
31 25
31 26
31 34
31 48
32 11
32 14
32 16
32 29
32 36
33 11
33 42
34 1
34 14
35 6
35 7
35 11
35 12
35 13
35 34
35 50
36 13
36 47
37 1
37 2
37 50
37 51
38 18
38 26
38 32
38 33
38 34
38 35
38 53
38 55
39 7
39 9
39 10
39 24
39 34
39 37
40 21
40 30
40 41
40 49
40 52
40 55
41 2
41 25
41 27
41 33
41 40
41 50
41 54
41 55
42 2
42 7
42 10
42 14
42 17
42 46
42 51
42 55
42 57
43 48
44 6
44 18
44 35
44 42
44 53
44 56
45 11
45 14
45 19
45 40
45 41
45 43
45 51
46 3
46 6
46 15
46 21
46 34
46 38
46 52
46 55
46 56
47 17
47 27
47 39
47 41
48 2
48 10
48 21
48 42
48 49
49 1
49 11
49 16
49 24
49 52
49 56
51 17
51 21
51 28
51 45
52 5
52 22
52 42
52 56
53 1
53 3
53 7
53 17
53 19
53 45
53 48
53 55
54 4
54 31
54 36
54 41
54 45
54 50
54 55
55 2
55 5
55 23
55 28
55 31
55 38
55 40
55 47
55 52
55 56
55 57
56 7
56 8
56 10
56 14
56 22
56 57
57 12
57 17
57 18
57 23
57 52
58 29
58 33
58 56
Loss 0 0 53 0 0 6 28 0 0 43 0 0 0 0 0 0 19 51 0 0 0 0 0 0 0 0 0 0 0 0 0 0 0 0 64 0 0 0 0 0 0 0 0 0 0 0 0 0 0 59 0 0 0 56 0 0 0 0 
