45 <--# of nodes, 218 edges
1 2
1 6
1 20
1 25
1 27
1 30
1 41
1 42
1 45
2 12
2 17
2 19
2 27
2 36
3 29
3 43
3 45
4 1
4 12
4 20
4 22
4 42
4 45
5 19
5 21
5 29
5 30
5 34
5 37
5 38
5 40
6 5
6 11
6 13
6 14
6 43
7 22
7 25
7 26
7 30
7 36
7 38
8 13
8 21
8 31
8 33
8 42
9 4
9 7
9 34
10 21
10 25
10 39
10 40
11 37
12 7
12 44
13 3
14 16
14 21
14 26
14 44
15 16
15 21
15 26
15 36
16 10
16 11
16 19
16 29
16 31
16 35
16 40
16 42
17 4
17 9
17 14
17 23
17 28
17 29
18 8
18 17
18 21
18 30
18 31
18 40
18 41
19 1
19 2
19 33
19 41
20 4
20 6
20 8
20 21
20 45
21 8
21 15
21 17
21 24
21 27
21 28
21 33
21 39
21 40
22 14
22 24
22 36
23 2
23 18
23 19
23 24
23 26
23 33
24 1
24 13
24 16
24 40
25 10
25 39
26 13
26 14
27 12
27 17
27 23
27 41
28 13
28 17
28 18
28 45
29 15
29 17
29 18
29 42
29 44
30 14
30 18
30 20
30 27
30 39
31 3
31 25
31 26
31 34
31 38
31 43
32 3
32 6
32 10
32 11
32 38
33 4
33 24
33 32
33 38
33 44
34 10
34 11
34 16
34 19
34 33
34 38
34 39
35 25
35 29
35 34
36 5
36 14
36 16
36 23
36 24
36 25
36 26
36 39
36 44
37 4
37 10
37 19
37 30
38 16
38 32
38 33
38 36
39 8
39 24
39 30
39 44
39 45
40 3
40 7
40 19
40 21
40 33
40 41
41 12
41 26
41 29
41 30
42 2
42 19
42 25
42 35
42 36
42 39
43 10
43 14
43 22
43 23
43 30
44 9
44 10
44 14
44 23
44 31
44 32
45 11
45 26
45 43
Loss 0 50 0 0 55 0 0 0 0 0 0 0 0 0 0 0 0 0 0 0 13 0 45 0 0 0 0 0 85 1 9 0 0 33 0 52 0 71 0 38 0 0 0 0 0 
