63 <--# of nodes, 386 edges
1 11
1 12
1 16
1 23
1 36
1 40
1 51
1 53
1 54
1 57
1 59
1 60
2 1
2 14
2 20
2 46
2 53
2 60
3 4
3 11
3 22
3 31
3 39
3 43
3 54
3 62
4 6
4 9
4 22
4 25
4 30
4 32
4 43
5 12
5 14
5 20
5 35
6 4
6 15
6 25
6 29
6 36
6 40
6 44
6 51
6 52
6 62
6 63
7 9
7 12
7 40
7 49
8 5
8 15
8 26
8 33
8 35
8 49
8 50
9 22
9 23
9 28
9 37
9 38
9 40
9 59
9 60
9 63
10 7
10 23
10 24
10 40
10 51
11 10
11 15
11 31
11 39
11 42
11 59
11 61
12 2
12 33
12 35
12 45
12 48
12 53
13 19
13 29
13 32
13 40
13 53
13 60
14 2
14 7
14 10
14 21
14 22
14 28
14 29
14 35
14 38
14 45
14 57
14 58
15 13
15 22
15 28
15 46
15 47
16 17
16 26
16 30
16 51
16 55
17 21
17 32
17 37
17 53
18 10
18 12
18 40
18 50
19 29
19 38
19 59
20 2
20 19
20 23
20 53
20 54
21 11
21 19
21 20
21 60
21 61
22 3
22 9
22 10
22 16
22 31
22 45
23 13
23 30
23 34
23 49
23 61
24 5
24 13
24 30
24 42
24 57
24 62
25 2
25 24
25 43
26 32
26 36
26 40
26 44
26 45
26 46
26 52
27 23
27 29
27 36
27 57
28 3
28 13
28 14
28 17
28 20
28 23
28 27
28 30
28 43
28 48
28 60
29 8
29 25
29 30
29 35
29 58
29 60
30 34
30 38
30 39
30 46
30 48
31 7
31 8
31 18
31 29
31 45
32 5
32 19
32 23
32 25
32 26
32 30
32 37
32 39
32 46
33 1
33 7
33 15
33 34
33 36
33 37
33 44
33 51
34 1
34 12
34 27
34 43
34 48
34 51
35 1
35 3
35 14
35 15
35 16
35 37
35 38
35 41
35 45
35 51
36 2
36 13
36 21
36 28
36 33
36 38
37 15
37 19
37 31
37 36
37 47
37 54
37 61
38 2
38 7
38 32
38 43
38 48
38 52
38 63
39 6
39 7
39 16
39 26
39 35
39 36
39 38
39 40
39 43
39 50
39 61
40 26
40 31
40 63
41 2
41 16
41 20
41 62
42 10
42 18
42 39
43 5
43 22
43 41
43 52
43 53
44 8
44 15
44 23
44 29
44 37
44 48
44 50
45 19
45 26
45 34
45 50
46 7
46 13
46 32
46 34
46 38
46 45
46 49
47 18
47 31
47 33
47 53
47 55
48 2
48 25
48 32
48 60
49 6
49 16
49 29
49 34
49 57
49 61
50 21
50 25
50 39
50 54
50 55
50 56
51 8
51 9
51 18
51 37
51 62
52 1
52 5
52 7
52 14
52 29
52 41
52 49
53 27
53 31
53 54
54 7
54 26
54 39
54 40
55 3
55 9
55 12
55 13
55 56
56 24
56 33
56 37
56 39
56 44
56 46
56 52
56 57
56 61
57 26
57 44
57 52
57 55
58 27
58 32
58 46
58 50
58 63
59 5
59 13
59 15
59 16
59 22
59 26
59 27
59 38
59 45
60 6
60 14
60 29
60 46
61 5
61 12
61 14
61 16
61 18
61 23
61 33
61 43
62 5
62 13
62 20
62 32
62 34
62 46
62 51
63 19
63 34
63 35
63 37
63 47
Loss 0 0 19 0 0 0 63 0 10 40 0 0 46 0 39 0 0 0 0 0 0 0 94 0 0 0 0 0 0 0 0 50 70 18 0 0 0 0 22 0 97 0 0 0 0 0 0 0 0 0 0 0 0 0 40 0 0 0 0 0 0 0 0 
