46 <--# of nodes, 219 edges
1 33
1 39
2 13
2 20
2 21
2 25
2 26
2 31
2 33
2 34
2 44
3 1
3 24
3 33
3 39
3 45
4 2
4 9
4 25
4 32
4 34
4 42
4 44
5 17
5 31
5 36
5 37
5 44
6 3
6 10
6 25
6 29
6 33
6 45
7 2
7 24
8 13
8 19
8 28
8 42
9 4
9 5
9 6
9 11
9 14
9 15
9 38
9 46
10 3
10 11
10 17
10 29
10 32
10 33
11 23
11 40
12 24
12 25
12 27
13 1
13 3
13 6
13 8
13 25
13 28
13 39
14 1
14 31
14 33
14 36
14 43
15 7
15 26
15 44
16 17
16 19
16 22
16 25
17 7
17 21
17 45
18 3
18 4
18 8
18 9
18 21
18 24
19 3
19 9
20 25
20 30
20 36
21 40
22 2
22 13
22 16
22 44
23 4
23 17
23 34
24 21
24 32
24 44
25 12
25 18
25 21
25 27
25 33
26 1
26 5
26 10
26 16
26 25
26 27
26 35
26 46
27 1
27 5
27 22
28 17
28 23
28 27
28 31
28 35
28 42
29 1
29 2
29 10
29 13
29 19
29 26
29 27
29 31
29 34
29 38
29 42
30 4
30 6
30 40
31 2
31 13
31 14
31 17
31 23
31 33
31 34
31 39
32 12
32 15
32 25
32 27
33 21
33 42
33 43
34 20
34 26
34 30
34 31
34 36
35 30
35 33
35 36
36 8
36 16
36 34
36 37
37 5
37 6
38 19
38 26
38 34
38 39
38 40
39 7
39 13
39 34
39 36
39 43
40 3
40 9
40 15
40 21
40 37
40 41
40 42
40 45
41 30
41 43
42 2
42 6
42 11
42 13
42 27
42 38
43 8
43 28
43 31
44 1
44 16
44 22
44 27
44 31
44 39
44 41
44 45
45 3
45 10
45 18
45 20
45 36
45 39
45 44
45 46
46 1
46 24
46 27
46 28
46 36
46 43
Loss 0 0 0 0 0 76 0 0 0 0 0 81 33 0 0 0 0 0 0 0 0 0 0 84 82 0 0 62 0 0 0 0 95 0 0 0 31 0 77 0 0 0 64 0 0 0 
