56 <--# of nodes, 316 edges
1 13
1 15
1 35
1 54
2 8
2 16
2 20
2 22
2 28
3 24
3 25
3 33
3 37
3 48
3 52
3 54
4 18
4 20
4 42
4 45
5 3
5 17
5 19
5 29
5 44
5 51
6 1
6 10
6 16
6 44
6 52
6 54
7 11
7 34
7 43
7 47
7 56
8 9
8 45
8 46
8 55
9 11
9 14
9 21
9 31
9 36
9 38
9 40
9 49
10 30
10 37
10 39
10 54
11 3
11 9
11 53
11 54
12 1
12 5
12 11
12 21
12 32
12 36
12 45
12 49
13 21
13 29
13 30
13 36
13 41
13 49
14 8
14 13
14 27
14 33
14 41
15 2
15 3
15 16
15 29
15 30
15 32
15 46
15 54
16 21
16 43
16 48
16 53
16 54
17 23
17 46
18 12
18 14
18 19
18 21
18 25
18 39
19 2
19 26
19 28
19 50
19 51
19 56
20 37
20 39
20 45
20 56
21 12
21 13
21 20
21 30
21 47
21 52
21 55
22 6
22 14
22 21
22 26
22 41
22 47
22 52
23 10
23 11
23 37
23 40
23 44
23 45
24 2
24 29
24 32
24 35
25 14
25 19
25 26
25 34
25 43
25 46
25 52
26 9
26 15
26 35
26 43
26 50
26 52
27 11
27 18
27 21
27 42
28 5
28 12
28 14
28 19
28 26
28 31
28 44
28 52
28 55
29 4
29 11
29 16
29 26
29 41
30 9
30 16
30 23
30 26
30 40
30 47
30 50
31 40
31 43
31 48
31 49
32 19
32 21
32 26
32 29
32 30
32 44
32 46
33 6
33 11
33 13
33 23
33 26
33 45
33 52
34 8
34 9
34 12
34 41
35 22
35 44
35 45
35 50
35 56
36 20
36 37
36 46
37 46
37 49
38 3
38 15
38 19
38 32
38 39
38 43
39 3
39 5
39 20
39 27
39 32
40 12
40 28
40 30
40 35
40 44
40 56
41 3
41 5
41 11
41 18
41 24
41 48
41 50
41 55
42 5
42 6
42 11
42 17
42 34
42 41
42 48
43 1
43 5
43 25
43 27
43 29
43 41
43 47
44 8
44 12
44 17
44 20
44 28
44 31
44 35
44 53
44 54
45 28
45 29
45 38
45 40
45 46
46 18
46 25
46 35
46 43
47 2
47 6
47 12
47 13
47 24
47 29
47 42
47 48
48 1
48 29
48 32
48 34
48 35
49 10
49 13
49 16
49 18
49 44
50 2
50 8
50 39
50 41
50 42
50 52
50 53
50 56
51 10
51 11
51 18
51 21
51 53
51 54
52 11
52 16
52 29
52 41
52 44
53 15
53 18
53 23
53 34
53 51
54 5
54 12
54 28
54 34
54 38
54 42
54 44
54 46
55 3
55 6
55 18
55 45
55 52
56 18
56 53
56 55
Loss 0 0 0 0 0 0 0 0 0 0 0 0 0 96 0 92 0 0 0 0 71 0 0 0 60 53 0 0 0 99 0 0 0 0 36 0 0 0 31 32 0 27 0 0 0 0 0 0 70 0 0 78 7 0 0 0 
