57 <--# of nodes, 321 edges
1 7
1 19
1 22
1 38
2 30
2 38
2 44
2 51
2 55
3 5
3 29
3 33
3 54
4 3
4 5
4 7
4 14
4 20
4 24
4 37
4 38
4 40
4 47
5 22
5 26
6 14
6 26
6 49
7 14
7 19
7 35
7 38
7 44
7 51
8 1
8 7
8 12
8 38
8 41
8 52
9 24
9 25
9 44
9 48
9 51
9 55
10 2
10 8
10 9
10 17
10 19
10 23
10 30
10 32
10 35
10 41
10 50
11 12
11 18
11 21
11 23
11 34
11 40
11 41
11 45
11 55
11 56
12 57
13 3
13 30
13 38
13 39
13 46
13 52
14 18
14 37
14 44
14 49
14 57
15 5
15 25
15 28
15 42
15 51
15 55
16 8
16 14
16 20
16 36
16 42
16 50
17 34
17 37
17 41
17 51
18 6
18 8
18 52
19 7
19 20
19 28
19 54
19 55
20 7
20 13
20 33
20 37
20 52
20 53
20 55
21 3
21 11
21 23
21 25
21 30
21 34
21 35
21 36
21 41
21 48
22 27
22 45
23 6
23 11
23 18
23 29
24 5
24 20
24 26
24 56
25 9
25 19
25 55
26 4
26 40
26 51
27 10
27 16
27 29
27 37
27 39
28 3
28 5
28 6
28 37
28 38
28 43
28 47
29 5
29 25
29 34
29 40
29 45
29 52
30 14
30 24
30 37
30 42
30 49
31 17
31 18
31 28
31 34
31 44
31 45
31 56
32 9
32 18
32 34
32 52
32 55
33 15
33 17
33 47
34 9
34 13
34 28
34 56
35 6
35 10
35 14
35 17
35 23
35 25
35 26
35 43
36 12
36 19
36 38
36 48
36 50
37 6
37 8
37 9
37 14
37 16
37 20
37 35
38 4
38 28
38 56
39 10
39 11
39 28
39 29
39 33
39 44
39 48
39 49
40 3
40 15
40 20
41 3
41 11
41 19
41 32
41 54
42 6
42 29
42 39
42 45
42 46
42 51
42 54
42 55
43 9
43 21
43 27
43 32
43 40
43 49
43 53
43 57
44 15
44 21
44 22
44 24
44 54
45 5
45 10
45 25
45 44
45 55
46 24
46 32
46 49
46 51
46 52
46 54
47 20
47 26
47 30
47 32
47 45
48 1
48 4
48 18
48 26
48 27
48 33
48 52
48 56
49 4
49 46
50 6
50 20
50 21
50 41
50 48
51 8
51 12
51 21
51 27
51 28
51 30
51 37
51 42
51 53
52 12
52 20
52 25
52 26
52 38
52 40
52 47
52 56
53 1
53 15
53 20
53 24
53 28
53 29
53 38
53 42
54 5
54 6
54 14
54 28
54 51
54 57
55 1
55 9
55 15
55 17
55 22
55 26
55 28
55 32
55 38
56 4
56 5
56 9
56 13
56 14
56 16
56 46
57 2
57 5
57 18
57 23
57 44
Loss 0 5 0 0 0 0 0 19 0 0 0 0 0 0 14 33 59 0 0 0 0 50 0 26 0 0 46 0 67 0 0 0 0 0 0 0 33 0 0 0 0 0 0 0 0 0 0 0 0 0 0 0 64 0 83 22 0 
