50 <--# of nodes, 241 edges
1 6
1 10
1 34
1 37
1 42
2 41
3 2
3 7
3 13
3 14
3 26
3 28
3 47
4 1
4 12
4 32
4 39
5 1
5 4
5 28
5 29
5 33
5 47
6 10
6 19
6 23
6 26
6 33
6 39
6 40
7 34
7 38
8 1
8 14
8 21
8 24
8 40
9 13
9 24
9 28
9 31
9 49
10 1
10 6
10 21
10 32
11 1
11 6
11 23
11 28
11 36
12 21
12 24
12 37
13 2
13 10
13 14
13 29
13 32
13 39
13 42
14 18
14 26
14 42
14 47
14 50
15 17
15 23
15 27
15 37
15 38
16 1
16 26
17 23
18 15
18 27
18 34
19 31
19 34
19 38
20 6
20 14
20 25
20 32
20 41
21 8
21 10
21 15
21 34
21 36
21 39
21 49
22 8
22 14
22 47
22 50
23 9
23 10
23 14
23 28
23 34
23 45
24 12
24 14
24 19
24 22
24 29
24 49
25 7
25 24
25 30
25 47
25 49
26 21
26 25
26 30
26 31
26 41
26 43
26 48
27 20
27 23
27 34
27 40
28 17
28 19
28 34
29 13
29 22
29 24
29 32
29 34
29 37
29 43
29 44
30 4
30 7
30 15
30 24
30 31
30 33
31 2
32 2
32 3
32 19
32 22
32 27
32 41
33 25
33 26
33 41
33 48
33 50
34 1
34 4
34 10
34 45
35 1
35 4
35 12
35 50
36 2
36 6
36 32
36 34
36 37
37 14
37 21
37 24
37 31
37 45
38 12
38 13
38 14
38 15
38 31
38 40
38 41
38 42
38 48
38 49
38 50
39 4
39 14
39 22
39 28
39 29
39 31
39 32
39 40
39 46
40 14
40 42
41 13
41 19
41 23
41 28
41 40
41 45
42 2
42 3
42 34
42 49
43 6
43 8
43 21
43 27
44 6
44 14
44 28
44 41
45 5
45 7
45 40
46 1
46 11
46 15
46 20
46 21
46 27
46 28
46 32
46 41
46 44
46 49
47 12
47 22
47 24
47 45
48 26
48 41
48 43
49 8
49 31
49 47
49 48
50 3
50 20
50 23
50 29
50 31
Loss 0 94 0 0 0 52 0 0 0 0 84 0 61 0 0 0 0 0 37 0 0 0 0 0 0 0 0 0 0 0 0 48 0 66 0 0 0 47 0 38 0 0 64 0 0 0 67 0 0 28 
