47 <--# of nodes, 212 edges
1 2
1 9
1 29
1 32
1 36
1 45
1 46
2 4
2 19
2 24
2 39
3 4
3 13
3 16
3 32
4 6
5 20
5 21
5 31
5 41
6 4
6 12
6 29
7 20
7 27
7 29
7 37
7 40
8 21
8 44
9 7
9 10
9 24
9 43
10 18
10 35
10 37
10 44
11 12
11 17
11 24
11 44
12 1
12 30
12 38
12 40
12 45
13 4
13 16
13 31
13 37
13 40
13 45
14 17
14 21
14 25
14 31
14 32
14 39
14 45
15 4
15 11
15 27
15 33
15 36
15 40
16 12
16 23
16 26
17 23
17 40
18 1
18 13
18 30
18 37
18 43
19 6
19 23
19 34
20 4
20 23
20 36
20 44
21 5
21 12
21 39
21 41
22 17
22 20
22 21
22 26
22 28
23 4
23 6
23 11
23 26
23 43
24 5
24 9
24 21
24 36
25 27
25 29
25 36
25 38
26 6
26 20
26 22
26 47
27 23
27 24
27 40
27 42
27 46
28 46
29 1
29 5
29 10
29 12
29 16
29 18
29 28
29 33
29 45
30 8
30 11
30 12
30 28
30 33
30 38
30 45
31 3
31 4
31 10
31 14
31 23
31 38
31 39
31 46
32 10
32 17
33 7
33 20
33 31
33 32
33 41
33 47
35 6
35 18
35 27
35 28
35 47
36 8
36 26
37 9
37 19
37 32
38 17
38 24
38 35
38 40
39 9
39 10
39 15
39 25
39 28
39 31
39 44
40 4
40 17
40 32
40 35
40 37
40 42
40 46
41 30
41 31
41 32
41 36
42 1
42 10
42 19
42 20
42 24
42 27
42 32
42 37
43 10
43 12
43 17
43 24
43 28
43 44
43 45
44 1
44 6
44 40
45 2
45 3
45 11
45 12
45 21
45 22
45 26
45 38
46 4
46 15
46 40
47 6
47 14
47 41
47 42
Loss 0 70 0 0 61 0 0 0 0 72 0 0 51 0 0 73 0 0 0 95 0 0 25 65 0 41 0 50 0 0 0 0 0 0 43 0 0 0 0 0 0 30 58 0 0 0 0 
