33 <--# of nodes, 91 edges
1 20
1 22
1 30
2 3
2 6
2 10
2 24
2 28
2 30
3 7
4 8
4 13
4 15
4 16
5 19
5 26
6 17
6 33
7 2
7 3
7 10
7 11
7 18
7 20
7 22
8 18
8 26
9 16
9 19
9 23
9 27
10 6
10 23
12 8
12 18
12 25
13 8
13 12
13 16
13 18
13 23
14 7
15 21
15 24
16 2
16 23
17 21
17 28
18 9
18 10
19 6
19 8
19 12
19 16
20 24
21 11
21 12
22 10
22 13
23 9
23 11
23 26
24 10
24 26
24 28
24 33
25 2
25 20
25 29
26 2
26 7
26 28
27 15
27 26
27 30
28 5
28 31
29 23
29 24
30 5
30 6
30 10
30 14
30 24
32 3
32 6
32 12
32 16
32 22
32 30
32 31
Loss 0 0 0 0 0 14 90 0 0 70 0 0 0 75 0 0 0 0 0 0 0 0 57 0 0 0 0 0 0 6 0 20 3 
