69 <--# of nodes, 459 edges
1 2
1 5
1 13
1 21
1 24
1 28
1 29
1 33
1 37
1 40
1 61
2 6
2 19
2 20
2 22
2 30
2 36
2 40
2 52
2 54
2 57
2 66
2 69
3 13
3 14
3 49
3 50
3 54
3 55
3 69
4 44
4 48
4 51
4 54
5 9
5 14
5 23
5 30
5 34
5 39
5 40
5 41
5 47
5 53
6 3
6 8
6 11
6 16
6 39
6 59
6 60
7 2
7 16
7 24
7 36
7 53
7 60
7 66
8 14
8 17
8 33
8 40
8 43
8 54
8 55
8 57
9 2
9 14
9 20
9 45
9 59
10 12
10 16
10 28
10 38
10 50
11 29
11 30
11 60
12 7
12 19
12 22
12 55
12 59
13 33
13 36
13 53
13 59
13 64
13 67
13 68
14 32
14 40
14 49
14 57
14 63
14 67
14 68
15 3
15 20
15 24
15 28
15 31
15 45
15 48
15 60
16 17
16 21
16 27
16 28
16 29
16 31
16 32
16 35
16 41
16 56
17 5
17 34
17 48
17 53
17 61
17 62
18 31
19 2
19 10
19 37
19 43
19 45
19 53
19 54
19 58
19 62
20 12
20 14
20 28
20 30
20 32
20 33
20 37
20 41
20 65
21 11
21 24
21 38
21 44
21 46
21 61
21 62
21 63
22 27
22 41
22 42
22 49
22 58
22 63
23 10
23 17
23 18
23 20
23 22
23 42
23 43
23 68
24 3
24 16
24 29
24 45
24 48
26 3
26 9
26 15
26 16
26 18
26 24
26 38
26 45
26 55
26 65
27 1
27 3
27 26
27 49
27 52
27 53
27 56
28 13
28 14
28 25
28 46
28 51
28 53
28 63
28 64
29 1
29 8
29 10
29 18
29 25
29 28
29 31
29 38
29 52
29 54
30 2
30 9
30 13
30 22
30 23
30 29
31 1
31 2
31 7
31 43
31 58
31 68
31 69
32 1
32 4
32 6
32 8
32 19
32 20
32 23
32 24
32 26
32 45
32 48
32 58
32 59
33 15
33 35
33 36
33 43
33 53
33 56
33 60
34 21
34 31
34 33
34 42
34 68
35 15
35 22
35 26
35 69
36 6
36 14
36 23
36 34
36 48
36 51
36 52
36 56
37 5
37 15
37 52
38 10
38 17
38 19
38 22
38 24
38 25
38 66
39 7
39 21
39 30
40 10
40 14
40 15
40 21
40 30
40 36
40 44
40 60
40 62
40 69
41 14
41 15
41 17
41 20
41 22
41 54
41 65
41 69
42 7
42 22
42 32
42 49
42 50
42 55
42 60
42 63
42 68
43 9
43 35
43 68
43 69
44 4
44 30
44 45
44 51
44 56
45 20
45 23
45 29
45 41
45 42
45 46
45 48
45 52
45 54
45 61
46 19
46 39
46 54
46 59
46 65
47 16
47 24
47 50
47 59
48 12
48 54
48 58
48 63
49 20
49 34
49 40
49 50
49 58
50 13
50 19
50 20
50 23
50 26
50 35
50 53
50 62
51 2
51 8
51 23
51 27
51 28
51 62
51 67
52 6
52 20
52 29
52 31
52 36
52 38
52 47
52 63
53 1
53 7
53 36
53 39
53 49
53 55
53 56
53 59
53 64
54 13
54 28
54 36
54 42
54 43
54 46
54 61
55 3
55 16
55 20
55 41
56 5
56 13
56 21
56 25
56 40
56 57
56 60
56 63
56 68
57 4
57 45
57 60
58 10
58 11
58 20
58 38
58 62
59 27
59 63
60 2
60 8
60 27
60 55
61 1
61 43
61 54
61 55
61 66
62 1
62 6
62 17
62 23
62 24
62 32
62 50
62 61
62 63
62 65
63 3
63 13
63 30
63 53
63 65
64 10
64 33
64 48
64 51
64 53
64 58
64 69
65 3
65 7
65 19
65 24
65 30
65 39
65 58
65 61
65 66
65 68
66 6
66 43
66 51
66 59
66 69
67 2
67 7
67 15
67 46
67 50
67 54
68 4
68 11
68 23
68 32
68 36
68 49
68 53
68 62
68 63
69 6
69 18
69 49
69 52
69 59
69 63
Loss 0 0 0 0 0 0 0 0 0 0 0 0 0 0 0 81 0 0 0 0 1 0 0 0 0 0 20 0 0 36 0 0 0 0 0 0 89 0 0 0 0 0 0 69 0 44 80 0 0 0 0 0 0 0 0 0 0 0 0 0 0 0 0 0 0 0 0 0 0 
