65 <--# of nodes, 440 edges
1 4
1 33
1 39
1 47
1 51
1 52
1 57
2 1
2 19
2 49
2 50
3 4
3 5
3 9
3 11
3 19
3 26
3 27
3 32
3 34
3 36
3 54
3 64
4 3
4 7
4 18
4 38
4 55
5 7
5 13
5 15
5 19
5 21
5 22
5 25
5 37
5 60
5 63
6 19
6 21
6 23
6 30
6 34
6 36
6 45
6 62
7 11
7 24
7 25
7 27
7 48
7 53
7 54
8 2
8 16
8 45
9 6
9 24
10 6
10 20
10 32
10 49
10 63
11 9
11 18
11 25
11 28
11 42
11 49
11 56
11 60
11 65
12 13
12 21
12 31
12 37
12 61
12 64
12 65
13 24
13 30
13 39
13 50
13 57
14 1
14 35
14 45
14 46
14 48
14 63
15 16
15 21
15 26
15 32
15 33
15 37
15 38
15 43
16 18
16 24
16 28
16 33
16 41
16 46
16 52
16 59
16 61
16 62
17 4
17 16
17 43
17 46
17 49
17 50
17 57
17 64
18 10
18 12
18 13
18 14
18 17
18 23
18 46
18 47
18 55
18 62
18 64
19 2
19 39
19 50
19 57
20 1
20 6
20 11
20 33
20 38
21 24
21 30
21 46
21 47
21 56
22 10
22 24
22 36
22 47
22 61
22 63
23 6
23 12
23 19
23 21
23 44
23 56
23 59
24 33
24 40
24 54
24 64
25 4
25 8
25 21
25 22
25 45
25 56
26 4
26 13
26 30
26 32
26 33
26 42
26 43
27 4
27 15
27 17
27 25
27 28
27 37
27 57
28 7
28 49
28 54
28 55
29 9
29 12
29 14
29 15
29 17
29 21
29 31
29 32
29 35
29 41
29 53
29 55
30 14
30 15
30 21
30 39
30 53
30 60
31 18
31 44
32 1
32 22
32 24
32 31
32 36
32 37
32 39
32 57
32 59
32 63
33 3
33 4
33 7
33 11
33 22
33 30
33 38
33 48
34 7
34 12
34 20
34 26
34 32
34 45
34 52
35 5
35 12
35 26
35 37
35 38
35 40
35 45
35 46
35 56
35 64
36 5
36 11
36 23
36 30
36 39
36 49
37 7
37 9
37 53
37 58
38 5
38 15
38 31
38 41
38 46
38 48
38 50
38 51
38 57
39 11
39 27
39 59
40 2
40 7
40 19
40 44
40 47
40 61
40 64
40 65
41 3
41 6
41 17
41 27
41 30
41 44
41 48
41 59
41 64
42 12
42 16
42 23
42 40
42 46
42 63
43 13
43 15
43 34
43 38
43 40
44 11
44 23
45 15
45 19
45 20
45 35
45 65
46 3
46 11
46 17
46 19
46 20
46 29
46 42
46 45
47 3
47 8
47 11
47 20
47 21
47 59
48 5
48 19
48 23
48 36
48 41
48 55
49 4
49 20
49 21
49 23
49 40
49 64
50 1
50 9
50 16
50 22
50 25
50 37
50 38
50 44
51 7
51 14
51 16
51 29
51 33
51 34
51 38
51 40
51 46
51 54
51 56
51 60
52 6
52 7
52 11
52 14
52 18
52 22
52 23
52 26
52 31
52 32
52 37
52 45
52 49
52 58
53 3
53 19
53 29
53 34
53 38
54 2
54 22
54 23
54 32
54 42
54 59
55 10
55 31
55 40
55 41
55 43
55 52
55 63
56 21
56 35
56 36
56 45
56 51
56 61
56 62
56 64
57 1
57 7
57 9
57 11
57 36
57 45
57 50
58 1
58 6
58 16
58 20
58 24
58 25
58 36
58 37
58 45
58 48
58 64
59 3
59 5
59 6
59 9
59 10
59 16
59 30
59 39
59 50
60 30
60 38
60 46
60 64
62 3
62 11
62 18
62 27
62 29
62 36
62 43
62 44
62 55
62 56
62 60
63 9
63 50
63 64
64 18
64 24
64 25
64 46
64 47
64 56
64 58
65 2
65 6
65 9
65 15
65 22
65 25
65 26
65 27
Loss 0 93 0 0 0 0 0 0 0 0 0 0 0 0 0 49 0 0 0 0 0 0 0 0 64 35 0 0 0 67 0 0 32 0 0 86 0 0 0 0 0 0 0 36 0 0 43 0 0 0 26 0 0 7 86 0 0 0 0 0 0 69 0 7 0 
