61 <--# of nodes, 373 edges
1 11
1 15
1 17
1 19
1 24
1 27
1 37
1 45
1 56
2 1
2 27
2 30
2 44
2 49
2 58
2 61
3 10
3 12
3 39
3 46
3 57
4 5
4 7
4 12
4 25
4 32
5 3
5 15
5 17
5 26
5 35
5 46
5 49
5 52
5 58
6 7
6 24
6 36
6 39
6 40
6 46
6 49
6 58
6 61
7 6
7 9
7 25
7 33
7 36
7 38
7 43
7 49
7 54
8 15
8 17
8 20
8 26
8 32
8 40
8 45
9 7
9 11
9 18
9 19
9 22
9 26
9 39
9 48
9 52
9 54
9 57
10 19
10 25
10 32
10 46
10 52
11 10
11 18
11 26
11 28
11 40
11 50
12 11
12 20
12 37
12 56
12 60
13 30
13 40
13 48
13 55
13 61
14 9
14 10
14 19
14 20
14 28
14 43
14 54
15 6
15 19
15 22
15 30
15 35
16 3
16 26
16 38
16 60
17 20
17 44
18 3
18 8
18 15
18 19
18 27
18 37
18 54
18 55
19 11
19 13
19 36
19 43
19 49
19 51
19 56
20 1
20 15
20 16
20 25
20 54
20 58
20 59
20 60
21 13
21 18
21 22
21 27
21 37
21 46
22 13
22 30
22 61
23 1
23 10
23 19
23 20
23 24
23 42
23 45
23 46
23 49
23 53
23 60
24 16
24 40
24 46
25 21
25 26
25 29
25 53
26 12
26 42
26 43
27 18
27 25
27 37
27 40
27 42
27 43
27 50
27 52
28 7
28 8
28 57
28 59
29 16
29 33
29 34
30 1
30 14
30 18
30 21
30 31
30 57
30 61
31 6
31 7
31 14
31 35
31 38
31 50
31 58
31 61
32 10
32 20
32 41
32 44
33 20
33 47
33 56
33 57
33 61
34 22
34 29
34 46
35 2
35 16
35 38
35 40
35 41
35 51
36 22
36 29
36 57
36 60
37 2
37 15
37 47
37 49
37 50
38 4
38 25
38 41
38 49
38 56
39 5
39 10
39 16
39 25
39 26
39 29
39 40
39 42
39 47
39 53
39 57
40 7
40 9
40 19
40 27
40 28
40 31
40 35
40 36
40 38
40 39
41 2
41 10
41 15
41 16
41 56
41 60
42 24
42 31
42 32
42 47
42 49
42 52
42 53
42 57
43 6
43 7
43 15
43 26
43 34
43 35
43 42
43 53
44 4
44 10
44 35
44 36
44 50
45 10
45 14
45 18
45 36
45 47
45 49
46 13
46 19
46 21
46 35
46 44
46 51
46 61
47 27
47 53
47 55
48 9
48 15
48 16
48 17
48 18
48 36
48 47
49 1
49 6
49 12
49 19
49 25
49 55
50 5
50 9
50 14
50 61
51 27
51 29
51 37
51 52
51 60
52 29
52 40
52 55
52 59
52 60
53 16
53 25
53 34
53 43
53 52
53 61
54 1
54 5
54 17
54 29
54 50
55 10
55 19
55 25
55 36
55 49
55 51
56 25
56 29
56 32
56 33
56 46
56 49
56 50
56 52
57 26
57 39
57 40
57 56
58 23
58 25
58 27
58 28
58 38
58 39
59 2
59 9
59 10
59 11
59 16
59 51
60 18
60 28
60 34
60 38
60 47
60 51
60 54
61 11
61 19
61 22
61 32
61 36
61 39
61 40
61 48
61 59
Loss 0 0 0 0 0 0 0 0 0 0 57 0 0 0 0 41 41 0 0 0 55 0 5 0 0 0 0 0 0 0 0 0 0 0 0 0 0 0 0 0 0 0 90 67 0 0 52 0 0 0 0 0 0 0 0 33 0 0 95 0 0 
