44 <--# of nodes, 211 edges
1 4
1 20
1 21
1 24
2 5
2 29
2 34
3 1
3 4
3 9
3 23
3 29
3 34
3 37
3 40
3 42
3 44
4 3
4 5
4 14
4 26
4 29
4 32
4 34
5 15
5 20
5 21
5 22
6 20
6 24
6 28
6 31
6 32
6 39
6 41
7 11
7 25
8 15
8 19
8 23
8 28
8 37
9 3
9 11
9 22
9 31
9 38
9 44
10 1
10 8
11 13
11 16
11 17
11 34
11 36
12 10
12 27
12 33
12 37
13 1
13 18
13 33
13 41
14 4
14 7
14 8
14 15
14 20
15 5
15 6
15 28
15 36
15 44
16 2
16 7
17 1
17 2
17 6
17 10
17 11
17 15
17 18
18 3
18 4
18 7
18 8
18 21
18 26
19 13
19 17
19 23
19 39
20 5
20 10
20 12
20 14
20 21
20 22
20 32
20 33
20 40
21 4
21 12
21 16
21 18
21 34
21 42
22 18
23 28
23 36
24 14
24 33
25 21
25 41
26 4
26 17
26 31
26 36
26 37
26 43
27 6
27 8
27 23
27 24
27 32
27 39
28 1
28 6
28 11
28 17
28 40
28 43
29 3
29 7
29 9
29 10
29 21
29 26
29 37
30 35
31 5
31 13
31 20
31 30
32 3
32 4
32 15
32 16
32 17
32 27
32 37
33 16
33 24
33 28
33 35
33 37
34 3
34 6
34 10
34 13
34 14
34 30
34 35
34 40
35 1
35 4
35 6
35 8
35 10
35 11
35 17
35 25
35 30
36 8
36 19
36 21
36 44
37 7
37 33
37 35
37 39
37 40
38 16
38 25
38 31
39 3
39 9
39 10
39 27
39 38
40 2
40 15
40 18
40 31
40 44
41 1
41 11
41 21
41 34
41 40
42 2
42 27
42 28
42 43
43 17
43 19
44 8
44 23
44 30
44 35
44 40
Loss 0 32 0 0 54 0 76 0 0 0 0 81 0 72 0 0 0 0 0 0 0 0 0 0 94 54 64 0 20 0 0 0 0 51 6 0 0 0 0 0 0 14 76 0 
