55 <--# of nodes, 275 edges
1 38
1 46
2 18
2 21
2 28
2 31
2 40
3 4
3 17
3 27
3 46
4 1
4 11
4 25
4 28
4 31
4 34
4 35
5 18
5 25
5 41
5 42
5 53
6 12
6 19
6 21
6 24
6 26
6 33
6 47
6 50
7 2
7 10
7 18
7 20
7 23
7 24
7 26
7 55
8 4
8 34
9 15
9 25
9 30
10 9
10 16
10 23
10 26
10 29
10 38
10 45
10 55
11 19
11 35
11 44
11 46
11 47
11 49
12 8
12 10
12 14
12 21
12 31
12 43
12 49
12 54
13 2
13 8
13 23
13 38
13 52
14 2
14 15
14 16
14 17
14 20
14 25
14 26
14 27
14 37
14 42
14 52
14 53
15 3
15 8
15 9
15 33
15 43
15 44
15 51
16 4
16 32
16 50
17 10
17 24
17 40
18 13
18 20
18 22
18 29
18 38
18 40
19 11
19 15
19 26
19 37
19 41
19 46
20 31
20 53
20 55
21 5
21 14
21 33
21 47
22 17
22 21
22 47
22 53
23 19
23 24
23 26
23 29
23 33
23 43
24 3
24 45
25 2
25 3
25 16
25 17
25 36
25 48
25 54
26 19
26 27
26 36
26 53
27 30
28 10
28 24
28 54
29 4
29 26
29 43
29 49
29 50
30 17
30 28
30 32
30 38
30 43
30 44
30 53
31 3
31 9
31 11
31 32
31 51
31 55
32 1
32 17
32 20
32 21
32 43
33 4
33 46
34 3
34 5
34 14
34 26
34 39
34 42
35 4
35 11
35 39
35 53
36 28
36 41
36 53
37 13
37 28
38 12
38 16
38 22
38 43
38 48
38 49
39 4
39 13
39 22
39 52
40 11
40 16
40 22
40 30
40 39
41 5
41 6
41 45
41 47
41 51
42 12
42 35
42 37
42 40
42 44
43 3
43 18
43 32
43 41
44 9
44 17
44 28
44 32
44 38
45 25
45 39
45 49
45 53
46 7
46 15
46 17
46 41
46 43
46 49
47 9
47 37
47 38
47 39
47 52
48 10
48 19
48 37
48 42
48 52
48 54
49 15
49 16
49 33
49 44
49 53
50 15
50 20
50 38
50 48
50 53
51 2
51 18
51 27
51 38
51 41
52 7
52 8
52 18
52 19
52 33
52 43
52 50
53 7
53 14
53 15
53 18
53 28
53 31
53 33
53 34
53 37
53 44
54 26
54 48
54 51
55 28
55 42
55 43
Loss 0 0 0 0 0 0 0 0 0 0 0 0 0 0 0 0 0 0 0 89 0 0 0 0 3 0 0 0 0 37 0 29 0 31 0 52 33 0 49 0 0 85 0 61 0 0 0 0 0 0 0 0 1 0 0 
