56 <--# of nodes, 292 edges
1 17
1 21
1 27
1 55
2 13
2 14
2 18
2 28
2 31
2 36
2 45
3 2
3 25
3 30
3 37
3 44
3 50
3 53
3 55
4 2
4 17
4 21
4 39
4 51
5 19
5 27
5 30
5 35
5 43
5 44
5 46
6 15
6 38
7 3
7 31
7 36
7 38
7 44
7 52
7 53
8 10
8 17
8 19
9 24
9 28
9 31
9 33
9 49
10 3
10 7
10 27
10 40
10 42
11 21
11 28
11 33
12 13
12 14
12 19
12 28
12 33
12 46
12 55
13 3
13 21
13 22
13 25
13 27
13 51
13 52
14 7
14 12
14 17
14 18
14 25
14 27
14 54
15 2
15 5
15 8
15 25
15 44
16 1
16 10
16 15
16 19
16 43
16 54
16 56
17 27
17 30
17 32
17 33
17 44
17 53
17 55
18 1
18 26
18 30
18 44
18 47
18 49
19 9
19 12
19 17
19 22
19 26
19 41
19 52
20 7
20 19
20 21
20 24
20 49
21 12
21 15
21 22
21 23
21 37
21 41
22 17
22 30
22 55
23 3
23 4
23 14
23 33
23 55
24 1
24 15
24 17
24 30
24 48
25 2
25 3
25 9
25 10
25 35
25 36
25 39
25 43
26 3
26 27
26 44
27 1
27 5
27 39
27 41
27 42
28 14
28 36
28 38
28 45
28 55
29 12
29 30
29 45
29 56
30 3
30 6
30 43
30 45
30 48
30 53
31 19
31 28
31 35
31 38
31 42
31 44
31 52
31 55
32 9
32 10
32 24
33 6
33 7
33 30
33 34
33 37
33 55
33 56
34 3
34 4
34 5
34 13
34 28
34 52
34 53
35 8
35 9
35 28
35 42
36 4
36 14
36 42
36 50
36 54
37 7
37 11
37 13
37 15
37 23
37 27
37 45
37 52
38 9
38 10
38 26
38 37
39 20
39 22
39 24
39 33
39 37
39 44
40 28
40 32
40 48
40 51
41 21
41 23
41 47
41 48
42 1
42 8
42 11
42 40
42 47
43 15
43 25
43 51
43 53
44 13
44 31
44 36
44 42
45 6
45 25
45 41
45 48
45 50
46 1
46 4
46 11
46 16
46 50
46 53
47 10
47 41
47 54
47 55
48 10
48 19
48 44
48 55
49 4
49 14
49 38
49 41
49 51
50 16
50 20
50 21
50 32
51 21
51 31
51 36
51 56
52 3
52 8
52 9
52 11
52 28
52 46
53 6
53 11
53 18
53 23
53 34
53 36
53 55
54 20
54 29
54 31
54 35
55 2
55 38
55 44
56 2
56 19
56 50
Loss 0 0 0 0 0 0 0 0 0 0 0 0 0 42 0 4 0 0 0 35 0 0 91 0 0 0 16 0 51 0 71 70 0 0 48 0 49 0 0 0 48 25 0 0 90 0 0 0 0 96 0 0 0 0 0 0 
