28 <--# of nodes, 80 edges
1 2
1 22
1 28
2 8
2 19
2 28
3 1
3 13
4 3
4 21
5 8
5 13
5 25
6 26
7 4
7 13
7 17
7 25
8 9
8 22
8 25
8 27
8 28
9 7
9 13
10 13
10 14
10 19
10 28
11 13
11 16
12 4
12 5
12 13
12 14
12 28
13 1
13 8
14 4
14 13
14 16
14 25
16 1
16 26
16 28
17 3
17 12
17 14
18 2
18 5
18 6
18 20
18 23
18 25
20 6
20 14
21 1
21 7
22 12
22 18
22 23
23 11
23 18
23 22
24 11
24 23
25 26
26 8
26 18
26 25
27 1
27 8
27 11
27 19
28 7
28 9
28 12
28 13
28 14
28 16
Loss 0 0 0 0 0 0 0 44 0 0 0 0 0 0 0 0 0 74 0 0 0 0 0 0 0 0 0 0 
