43 <--# of nodes, 183 edges
1 11
1 13
1 20
1 29
1 33
2 1
2 7
2 8
2 13
2 29
2 31
2 32
3 11
3 31
3 32
3 40
4 1
4 6
4 11
4 20
4 33
5 1
5 7
5 8
5 11
5 14
5 16
5 22
5 36
5 40
6 2
6 10
6 14
6 22
7 15
7 25
7 34
7 37
7 43
8 7
8 24
8 26
8 36
9 12
9 14
9 15
9 16
9 20
9 29
9 36
9 38
10 16
10 17
10 38
11 4
11 17
11 18
11 19
11 30
11 34
11 37
12 26
12 31
12 35
12 38
13 19
13 23
13 28
13 32
13 43
14 1
14 34
14 38
15 5
15 16
15 17
15 26
15 30
15 33
16 8
16 11
16 12
16 24
16 33
17 11
17 27
17 35
18 5
18 32
18 43
19 6
19 7
19 10
19 14
19 26
19 28
19 38
19 40
19 43
20 15
20 39
21 19
21 26
21 27
21 29
22 3
22 5
22 16
22 17
22 21
22 35
23 18
23 42
24 2
24 11
24 15
24 29
24 39
24 43
25 18
26 3
26 7
26 8
26 25
26 27
26 28
27 34
27 40
28 10
28 13
28 20
28 24
29 2
29 15
29 18
29 34
30 13
30 23
30 42
31 8
31 25
32 22
32 28
32 30
33 14
33 34
33 42
34 1
34 29
34 33
34 38
35 11
35 13
35 20
35 32
35 34
35 41
36 2
36 9
36 34
37 15
37 25
37 38
37 43
38 12
38 13
38 26
39 6
39 14
39 17
39 21
39 23
39 24
39 28
40 10
41 11
42 8
42 30
43 4
43 16
43 18
43 24
43 38
Loss 0 0 0 0 0 0 74 0 0 0 0 0 0 68 0 0 0 0 0 0 0 0 2 42 0 0 0 0 0 0 0 0 0 0 0 0 0 0 0 0 43 0 0 
