52 <--# of nodes, 278 edges
1 11
1 26
2 3
2 5
2 15
2 16
2 17
2 18
2 42
3 16
3 17
3 46
3 48
3 50
4 2
4 24
4 32
4 41
4 45
4 48
5 16
5 22
5 24
5 29
5 36
5 45
5 52
6 2
6 7
6 12
6 30
6 31
6 38
6 51
7 3
7 11
7 26
7 28
7 34
8 7
8 23
8 26
8 28
8 48
8 49
9 39
9 43
9 51
10 13
10 43
10 51
11 6
11 28
11 41
11 45
11 52
12 9
12 10
12 16
12 20
12 24
12 33
12 42
12 44
12 50
13 27
13 30
14 6
14 9
14 19
14 49
15 13
15 47
16 3
16 9
16 31
16 48
17 18
17 20
17 34
17 37
17 44
17 45
17 46
18 2
18 9
18 39
18 41
18 48
19 10
19 30
19 35
19 40
19 41
19 44
19 46
20 16
20 21
20 25
20 41
21 5
21 26
21 40
21 41
21 52
22 3
22 14
22 21
22 36
23 13
23 27
23 36
23 41
23 42
23 49
24 19
24 21
24 32
24 34
24 47
24 50
25 9
25 23
25 30
25 34
25 49
26 4
26 13
26 22
26 33
26 40
26 41
26 46
26 48
27 13
27 20
27 21
27 25
27 50
28 7
28 17
28 20
28 22
28 25
28 43
28 47
28 52
29 5
29 25
29 33
29 34
29 39
29 45
30 6
30 13
30 38
31 6
31 9
31 25
31 27
31 32
31 40
32 9
32 13
32 20
32 23
32 31
32 36
32 40
32 52
33 3
33 16
33 22
33 27
33 31
33 39
33 40
33 44
34 10
34 29
34 42
34 43
34 51
35 25
35 30
35 40
35 43
35 44
35 45
36 3
36 9
36 13
36 28
36 33
36 37
36 43
37 2
37 3
37 18
37 19
37 24
37 25
37 42
37 48
38 2
38 17
38 19
38 39
38 52
39 1
39 9
39 18
39 22
39 27
39 38
39 42
39 44
39 50
39 51
40 14
40 18
40 20
40 21
40 24
40 30
40 35
40 45
40 46
41 27
41 37
42 4
42 10
43 1
43 9
43 14
43 15
43 51
44 16
44 20
44 50
45 18
45 34
45 43
46 14
46 19
46 24
46 35
46 41
47 15
47 27
47 29
47 30
48 11
48 20
48 30
48 31
49 17
49 32
49 42
49 47
49 50
50 12
50 18
50 22
50 23
50 30
50 36
50 38
50 49
51 5
51 9
51 10
51 29
51 32
51 38
52 7
52 30
52 45
Loss 0 0 0 0 0 0 0 0 0 0 0 53 0 0 85 0 0 0 0 0 97 0 0 0 51 55 13 0 92 0 0 0 52 0 9 0 0 0 18 0 0 0 79 80 0 0 0 0 0 0 0 68 
