60 <--# of nodes, 366 edges
1 25
1 39
1 42
1 50
2 7
2 21
2 34
2 58
3 1
3 11
3 19
3 20
3 31
3 42
4 9
4 25
4 36
4 45
4 47
5 1
5 2
5 12
5 18
5 22
5 25
5 27
5 41
5 44
6 15
6 20
6 24
6 46
7 12
7 14
7 41
8 12
8 16
8 20
8 30
8 34
8 41
8 48
8 57
8 58
9 24
9 32
9 39
9 42
10 35
10 36
10 38
10 39
10 50
10 55
11 17
11 24
11 39
11 41
11 49
11 52
11 54
12 20
12 25
12 27
12 38
12 40
12 45
12 54
12 56
12 60
13 2
13 10
13 38
13 50
14 2
14 20
14 24
14 34
14 42
14 43
14 58
14 59
15 11
15 13
15 35
15 38
15 45
15 48
16 1
16 6
16 7
16 10
16 14
16 17
16 23
16 54
16 56
17 6
17 48
17 54
18 3
18 13
18 46
18 56
18 58
19 7
19 30
19 43
20 13
20 16
20 17
20 40
20 47
20 60
21 1
21 16
21 25
21 29
21 53
21 56
22 7
22 14
22 24
22 26
22 32
22 39
22 40
22 50
22 58
22 60
23 2
23 16
23 24
23 47
23 48
23 50
23 57
24 2
24 25
24 26
24 41
24 45
25 4
25 7
25 9
25 13
25 14
25 39
25 49
25 51
25 58
26 15
26 24
26 25
27 4
27 18
27 26
27 37
27 47
27 54
27 59
28 18
28 21
28 22
28 35
28 41
28 42
28 43
28 49
28 59
29 2
29 5
29 35
29 39
29 60
30 34
30 46
30 51
31 35
31 37
31 38
32 2
32 4
32 37
32 44
32 51
33 7
33 8
33 9
33 22
33 24
33 25
33 26
33 27
33 29
33 34
33 37
33 38
33 39
33 46
33 49
34 6
34 21
35 3
35 16
35 30
36 19
36 23
36 48
36 49
36 60
37 2
37 6
37 10
37 12
37 19
37 20
37 25
37 32
37 33
37 35
37 36
37 49
37 52
37 58
38 6
38 8
38 34
38 60
39 8
39 14
39 17
39 20
39 23
39 29
40 11
40 17
40 45
40 47
41 9
41 12
41 32
41 34
41 37
41 39
41 51
42 7
42 8
42 11
42 14
42 19
42 21
42 26
42 33
42 41
42 43
42 45
42 53
42 54
42 55
42 59
43 11
43 25
43 47
43 51
43 54
44 6
44 25
44 33
44 41
44 58
45 3
45 4
45 5
45 7
45 18
45 19
45 38
45 39
45 51
45 54
46 13
46 37
46 44
46 49
46 53
47 6
47 16
47 41
47 44
47 51
48 12
48 32
48 49
49 6
49 30
49 31
49 50
49 58
50 9
50 14
50 43
51 7
51 8
51 10
51 13
51 26
51 31
51 35
51 43
51 49
52 17
52 22
52 44
52 59
52 60
53 4
53 5
53 8
53 20
53 29
53 38
53 45
53 49
53 58
54 16
54 48
54 50
54 60
55 3
55 12
55 33
55 39
56 9
56 15
56 16
56 24
56 30
56 31
56 41
56 49
57 5
57 10
57 19
57 21
57 27
58 9
58 18
58 19
58 21
58 22
58 23
58 25
58 28
58 31
58 48
59 17
59 39
59 49
60 5
60 19
60 20
60 37
60 44
60 50
60 59
Loss 0 0 0 0 0 86 0 0 0 0 0 0 22 0 0 0 52 0 0 0 0 0 0 28 0 48 6 0 73 0 0 0 49 0 0 0 0 0 0 0 0 0 0 0 0 0 0 0 0 0 0 0 0 0 0 0 0 0 0 0 
