47 <--# of nodes, 227 edges
1 3
1 5
1 20
1 28
1 30
1 32
2 7
2 21
2 27
2 36
2 42
3 5
3 6
3 19
3 44
3 47
4 6
4 12
4 17
4 21
4 24
4 32
4 37
4 47
5 3
5 40
5 47
6 7
6 13
6 27
6 34
6 43
7 3
7 20
7 39
7 43
8 10
8 15
8 20
8 25
8 33
8 38
8 46
9 1
9 2
9 7
9 8
9 17
9 21
9 22
9 23
9 29
10 2
10 6
10 13
10 43
10 44
11 5
11 10
11 12
11 19
11 28
11 32
11 33
11 45
12 5
12 8
12 11
12 26
12 43
13 4
13 22
13 31
13 34
13 35
13 38
13 47
14 18
14 25
14 36
14 37
15 28
15 38
16 10
16 14
16 18
16 24
17 13
17 42
18 4
18 7
18 10
18 17
18 26
18 29
18 33
19 17
19 20
19 25
19 33
19 37
19 45
20 4
20 6
20 7
20 13
20 35
20 41
21 8
21 12
21 13
21 16
21 37
22 3
22 30
22 32
22 37
22 43
23 35
23 44
24 19
24 29
24 33
24 42
25 8
25 10
25 18
25 24
26 20
26 35
26 40
26 41
26 45
26 46
27 26
27 30
27 34
27 45
28 3
28 4
28 5
28 24
29 10
29 26
29 33
29 42
29 45
30 20
30 47
31 7
31 17
31 34
32 16
32 17
32 24
32 31
32 43
33 12
33 19
33 24
33 27
33 35
33 36
34 3
34 7
34 16
34 18
34 27
34 28
34 38
35 10
35 11
35 27
36 7
36 12
36 24
36 29
37 17
37 31
37 39
37 41
37 43
38 9
38 14
38 29
38 46
39 11
39 27
39 30
39 32
39 35
39 44
40 9
40 20
41 1
41 10
41 12
41 31
41 35
41 43
42 4
42 20
42 24
42 36
43 15
43 40
44 13
44 17
44 31
44 38
45 4
45 21
45 22
45 27
45 32
45 38
45 42
46 12
46 13
46 22
46 27
46 30
46 36
46 43
47 5
47 13
47 34
Loss 0 84 92 0 0 0 0 0 0 0 0 0 0 44 24 0 0 0 0 75 0 0 0 0 0 0 0 15 0 0 36 30 46 0 0 1 84 0 0 0 0 0 0 0 0 0 97 
