61 <--# of nodes, 361 edges
1 13
1 19
1 30
1 35
1 38
1 42
1 43
1 60
2 12
2 21
2 25
2 37
2 39
2 41
3 7
3 9
3 10
3 11
3 17
3 42
3 57
4 9
4 26
4 38
4 42
4 58
4 61
5 14
5 53
5 59
6 2
6 29
6 37
6 38
6 48
6 50
6 53
7 1
7 13
7 14
7 38
8 1
8 23
8 30
8 45
8 51
9 11
9 24
9 32
9 44
9 45
9 52
9 55
9 56
9 57
10 17
10 18
10 21
10 23
10 38
10 41
10 55
10 58
11 13
11 19
11 32
11 39
11 47
12 53
13 4
13 12
13 16
13 24
13 36
13 54
13 55
13 57
14 5
14 6
14 15
14 20
14 27
14 36
14 40
14 44
14 51
15 18
15 26
15 34
15 39
15 45
16 20
16 21
17 2
17 9
17 12
17 18
17 19
17 24
17 33
17 34
17 48
18 25
18 42
18 45
18 51
19 3
19 10
19 15
19 16
19 17
19 32
19 52
19 59
19 61
20 18
20 21
20 29
21 33
21 35
21 38
21 42
21 55
22 5
22 18
22 23
22 27
22 35
22 60
22 61
23 24
23 34
23 46
23 51
23 53
23 54
23 56
23 60
24 8
24 17
24 27
24 28
24 37
24 49
25 1
25 6
25 19
25 23
25 39
25 53
26 7
26 20
26 25
26 39
26 61
27 1
27 33
27 48
27 55
27 57
27 59
27 60
28 2
28 3
28 5
28 6
28 12
28 16
28 35
28 38
28 47
28 55
28 60
29 3
29 8
29 36
29 41
30 31
30 33
30 34
30 36
30 49
31 9
31 11
31 21
31 25
31 29
31 42
31 43
31 52
31 53
31 55
31 56
32 7
32 8
32 15
32 18
32 47
32 48
32 49
32 59
33 13
33 30
33 32
33 38
33 40
33 45
33 48
34 7
34 11
34 14
34 19
34 22
34 25
34 30
34 31
35 14
35 46
35 55
35 56
35 58
35 59
36 15
36 30
36 48
36 54
36 55
36 59
37 9
37 34
37 59
38 1
38 12
38 19
38 31
38 32
39 9
39 31
39 33
39 59
40 13
40 18
40 46
40 51
40 53
41 10
41 27
41 36
41 37
41 40
41 47
41 54
41 58
41 60
42 5
42 12
42 26
42 36
42 37
42 38
42 56
42 57
43 28
43 33
43 45
43 49
44 4
44 29
44 39
44 47
45 5
45 25
45 31
45 35
45 56
46 11
46 47
46 49
47 16
47 36
47 37
47 38
47 49
48 5
48 9
48 13
48 14
48 38
48 54
49 2
49 3
49 13
49 17
49 32
49 38
49 39
50 21
50 27
50 42
50 43
50 45
50 49
51 3
51 6
51 27
51 30
51 32
51 54
51 57
52 10
52 26
52 36
52 40
52 56
52 58
52 59
53 5
53 19
53 42
53 45
53 50
54 11
54 14
54 26
54 29
54 30
54 49
54 53
55 1
55 4
55 6
55 52
55 61
56 2
56 18
56 22
56 42
56 52
56 53
56 57
57 49
58 3
58 10
58 26
58 34
58 55
59 5
59 21
60 3
60 5
60 21
60 24
60 37
60 38
60 42
60 48
61 34
61 35
61 51
61 58
61 59
Loss 0 0 0 0 0 0 0 0 0 0 0 0 58 0 0 14 0 0 5 0 0 48 0 0 0 0 0 0 0 0 54 98 0 0 0 0 0 89 0 0 0 0 78 0 79 0 0 0 0 0 0 91 0 0 62 0 13 0 0 87 0 
