40 <--# of nodes, 161 edges
1 4
1 32
2 1
2 12
2 16
2 20
3 15
3 17
3 22
3 24
3 38
4 10
4 12
4 16
4 17
4 23
4 29
5 2
5 12
5 22
5 30
5 33
5 34
5 35
6 31
6 38
6 40
7 12
7 15
7 29
7 34
8 5
8 9
10 5
10 7
10 19
10 22
10 37
11 8
11 22
11 40
12 5
12 11
12 17
12 33
12 36
13 32
13 35
14 16
14 18
14 32
15 1
15 12
15 16
15 20
15 21
15 40
16 2
16 18
16 24
16 28
16 38
16 40
17 18
17 20
17 23
17 33
17 38
18 7
18 9
18 39
19 1
19 6
19 12
19 15
19 34
20 2
20 5
20 6
20 8
20 11
20 12
20 17
20 22
20 29
20 31
21 16
21 37
21 38
22 23
22 24
22 39
23 8
23 25
23 34
23 35
24 8
24 19
24 22
24 29
24 31
24 32
25 6
25 8
25 20
25 22
25 27
26 11
26 12
26 39
27 2
27 26
27 30
27 32
28 22
28 31
29 7
29 15
29 21
29 27
29 35
30 8
31 5
31 22
31 29
31 36
32 8
32 9
32 11
32 23
32 39
33 1
33 12
33 18
33 20
33 23
33 30
34 38
35 9
35 28
36 9
36 27
36 33
36 40
37 14
37 31
37 32
37 38
38 5
38 14
38 31
38 35
39 22
39 25
39 26
39 33
39 40
40 10
40 13
40 17
40 24
Loss 0 71 0 0 0 23 0 0 0 0 0 0 0 0 0 0 0 0 57 25 80 0 68 0 0 0 42 0 0 0 0 0 16 0 52 34 68 88 0 58 
