66 <--# of nodes, 435 edges
1 4
1 14
1 16
1 17
1 22
1 31
1 44
1 63
2 22
2 36
2 50
2 56
3 1
3 16
3 32
3 48
3 50
4 1
4 5
4 7
4 25
4 27
4 35
4 39
4 40
4 63
5 4
5 6
5 47
5 54
5 60
5 64
6 4
6 13
6 23
6 25
6 37
6 46
6 50
6 51
6 57
6 61
6 65
7 6
7 10
7 19
7 23
7 50
7 55
8 10
8 17
8 52
8 65
9 25
9 29
9 62
10 21
10 24
10 33
10 45
11 14
11 25
11 31
11 40
11 49
11 54
11 56
12 13
12 17
12 26
12 36
12 37
12 46
12 57
13 16
13 18
13 32
13 46
13 60
14 15
14 17
14 24
14 47
14 51
14 53
14 55
14 64
15 23
15 27
15 37
15 47
15 54
15 66
16 4
16 6
16 9
16 35
16 37
16 42
17 4
17 15
17 19
17 24
17 65
18 6
18 19
18 43
18 44
18 54
18 56
18 58
18 66
19 5
19 34
19 36
19 43
19 48
19 50
20 1
20 11
20 17
20 18
20 43
20 48
20 51
20 52
20 54
20 56
20 61
20 66
21 14
21 24
21 36
21 39
21 40
21 41
21 62
22 6
22 27
22 38
22 45
23 3
23 11
23 30
23 35
23 41
23 43
23 45
23 49
23 51
24 1
24 11
24 12
24 31
24 33
24 40
24 44
24 45
24 56
24 61
24 62
25 8
25 34
25 35
25 48
25 51
25 66
26 23
26 25
26 40
26 52
27 7
27 21
27 36
27 44
27 65
28 16
28 57
29 11
29 18
29 30
29 40
29 52
29 56
30 28
30 38
31 1
31 2
31 7
31 8
31 21
31 25
31 26
31 29
31 30
31 39
31 48
31 51
31 58
31 65
32 18
32 20
32 21
32 26
32 29
32 33
32 39
32 41
32 54
32 63
33 6
33 24
33 34
33 42
33 47
34 2
34 17
34 19
34 23
34 31
34 45
34 46
34 52
34 59
34 64
35 22
35 36
35 39
35 49
35 63
36 14
36 22
36 43
36 57
36 62
36 65
37 9
37 17
37 32
37 38
37 48
37 54
37 64
37 65
38 6
38 20
38 55
38 56
39 1
39 6
39 7
39 9
39 11
39 32
39 36
39 59
39 66
40 2
40 7
40 30
40 31
40 39
40 45
40 51
40 55
41 17
41 21
41 23
41 26
41 29
41 39
41 46
41 54
41 56
41 61
41 63
42 1
42 10
42 29
42 35
42 43
42 49
43 3
43 5
43 24
43 35
43 38
43 39
43 40
44 12
44 13
44 38
44 50
44 55
44 60
45 15
45 19
45 26
45 28
45 47
46 4
46 6
46 8
46 9
46 20
46 28
46 53
47 14
47 25
47 32
47 34
47 36
47 39
47 60
47 64
47 66
48 5
48 19
48 25
48 28
48 34
48 41
48 45
49 12
49 27
49 33
49 41
49 43
50 2
50 39
50 47
50 57
50 63
50 64
51 17
51 26
51 29
51 30
51 32
51 34
51 47
51 65
52 14
52 19
52 27
52 42
52 63
53 13
53 14
53 19
53 21
53 24
53 54
53 66
54 10
54 18
54 33
54 41
54 59
55 5
55 22
55 23
55 35
55 39
55 42
55 45
55 63
56 2
56 14
56 32
56 40
56 51
57 10
57 11
57 27
57 49
57 58
57 65
58 12
58 14
58 16
58 29
58 42
59 2
59 8
59 12
59 18
59 28
59 36
59 37
59 50
59 55
59 62
60 6
60 8
60 14
60 15
60 21
60 27
60 52
60 55
60 63
61 11
61 15
61 19
61 35
61 42
61 43
62 21
62 22
62 25
62 38
62 46
62 51
62 59
62 65
63 1
63 2
63 3
63 15
63 26
63 32
63 42
63 50
63 55
63 58
64 41
64 55
64 62
65 24
65 42
65 62
66 1
66 18
66 49
Loss 0 0 0 0 0 0 0 0 0 0 0 0 0 61 23 0 0 34 0 0 0 81 12 0 0 0 0 13 0 47 0 27 0 0 0 0 0 0 33 0 63 0 0 99 0 0 0 0 0 0 0 0 0 49 0 0 0 0 98 0 0 0 0 0 0 0 
