70 <--# of nodes, 464 edges
1 14
1 15
1 32
1 49
2 5
2 31
2 32
2 42
2 43
2 58
3 2
3 4
3 37
3 41
3 42
3 44
3 45
3 46
3 49
4 1
4 5
4 11
4 20
4 22
4 24
4 32
4 33
4 52
5 21
5 31
5 39
5 41
5 44
5 56
5 64
6 16
6 22
6 41
6 46
6 59
7 9
7 12
7 17
7 20
7 21
7 27
7 29
7 34
7 52
7 56
8 5
8 25
8 27
8 31
8 32
8 39
8 45
8 48
8 50
8 51
8 56
8 68
9 1
9 6
9 14
9 21
9 31
9 36
9 38
9 48
9 55
9 58
9 59
10 23
10 24
10 26
10 34
10 39
10 52
10 65
10 70
11 7
11 16
11 22
11 36
11 61
12 16
12 19
12 38
12 47
12 50
13 47
13 50
13 55
13 58
14 8
14 16
14 40
14 47
14 49
14 52
14 53
14 55
14 65
14 68
15 26
15 28
15 32
15 36
16 2
16 39
16 70
17 5
17 12
17 20
17 30
17 33
17 58
17 59
17 70
18 9
18 10
18 16
18 26
18 29
18 49
18 52
18 68
19 9
19 15
19 35
19 36
19 40
19 50
20 9
20 19
20 34
20 44
20 45
21 40
21 56
22 4
22 9
22 19
22 29
22 46
22 47
23 8
23 25
23 40
23 62
23 66
24 1
24 4
24 11
24 14
24 19
24 23
24 28
24 31
24 57
24 69
25 24
25 37
25 46
25 56
25 66
26 10
26 16
26 25
26 27
26 34
26 70
27 7
27 18
27 19
27 20
27 22
27 30
27 46
27 49
28 29
28 63
29 15
29 16
29 37
29 42
29 43
29 44
29 48
29 67
29 68
29 69
30 5
30 9
30 28
30 31
30 42
30 45
30 50
30 70
31 2
31 5
31 22
31 25
31 27
31 30
31 33
31 36
31 50
31 54
31 65
31 68
32 9
32 20
32 24
32 41
32 42
32 47
32 48
32 60
33 6
33 19
33 36
33 39
33 46
33 47
33 61
34 6
34 10
34 23
34 28
34 31
34 39
34 60
35 3
35 26
35 27
35 28
35 32
35 39
35 41
35 42
35 43
35 45
35 51
35 68
36 23
36 28
36 30
36 54
36 65
37 27
37 49
37 52
37 61
37 65
38 13
38 27
38 46
38 67
39 11
39 36
39 38
39 41
39 44
39 47
39 49
39 54
39 64
39 67
40 3
40 20
40 26
40 27
40 47
40 68
40 69
41 13
41 15
41 21
41 43
41 48
41 51
41 53
41 54
41 58
41 62
41 65
41 69
42 6
42 28
42 63
42 66
43 8
43 9
43 39
43 44
43 50
43 60
43 68
44 12
44 28
44 31
44 32
44 51
44 52
44 68
45 2
45 26
45 30
45 33
45 47
45 55
45 57
46 20
46 56
46 59
46 62
46 63
46 66
47 35
47 38
47 40
47 50
47 60
47 63
48 1
48 17
48 30
48 37
48 39
48 51
48 60
49 14
49 17
49 18
49 35
49 44
49 67
50 20
50 30
50 63
50 66
51 19
51 45
51 46
51 60
52 54
52 68
53 5
53 52
53 62
53 64
54 10
54 28
54 31
54 34
54 41
54 52
55 2
55 3
55 12
55 18
55 33
55 45
55 48
55 52
55 56
56 1
56 4
56 8
56 9
56 35
56 41
56 44
56 49
56 65
57 1
57 8
57 31
57 35
57 45
58 8
58 20
58 30
58 36
59 9
59 18
59 24
59 31
59 33
59 40
59 54
59 57
59 62
59 64
60 5
60 14
60 21
60 23
60 25
60 27
60 31
60 38
60 51
60 68
61 11
61 13
61 24
61 31
61 67
62 4
62 13
62 26
62 37
62 41
62 44
62 55
63 3
63 13
63 19
63 22
63 32
63 52
63 66
63 67
64 45
64 61
64 67
64 68
65 4
65 13
65 15
65 51
66 13
66 30
66 70
67 17
67 42
67 55
67 66
67 68
68 9
68 23
69 1
69 15
69 25
69 28
69 34
69 36
69 57
69 59
70 4
70 5
70 10
70 12
70 20
70 25
70 37
70 41
70 43
70 49
70 51
Loss 0 0 0 0 0 0 0 0 0 0 0 21 0 0 0 0 0 0 0 0 0 0 0 0 0 0 0 87 0 0 0 0 0 0 0 0 0 0 0 0 0 0 49 0 0 0 0 42 0 0 16 54 68 0 0 0 0 0 0 0 0 0 0 0 0 0 0 0 7 38 
