49 <--# of nodes, 250 edges
1 2
1 8
1 11
1 17
1 18
1 26
1 39
1 45
2 6
2 37
3 19
3 24
3 25
3 49
4 22
4 25
4 31
4 48
5 14
5 28
5 42
5 44
5 45
6 4
6 11
6 24
6 40
7 3
7 26
7 33
7 35
7 41
7 42
7 43
8 17
8 23
8 26
8 43
9 6
9 17
9 18
9 20
9 21
9 46
9 47
10 24
10 34
11 2
11 4
11 13
11 15
11 17
11 18
11 22
11 29
11 34
11 40
12 3
12 5
12 21
12 38
12 39
12 46
13 20
13 42
13 45
14 1
14 3
14 7
14 8
14 15
14 17
14 18
14 20
14 29
14 34
15 5
15 6
15 17
15 27
15 34
15 42
15 44
16 26
16 39
16 41
16 49
17 2
17 47
18 6
18 15
18 17
18 30
18 35
18 38
18 47
19 3
19 11
19 13
19 34
19 44
20 1
20 7
20 10
20 14
20 19
20 30
21 5
21 6
21 12
21 13
21 26
21 33
22 24
22 27
22 30
22 46
23 1
23 4
23 9
23 26
23 27
23 30
25 1
25 3
25 6
25 12
25 16
25 34
25 44
25 48
25 49
26 5
26 15
26 23
26 29
26 37
27 1
27 16
27 22
27 42
27 49
28 21
28 47
29 14
29 16
29 19
29 31
29 32
29 40
29 42
30 17
30 18
30 19
30 23
30 42
31 4
31 20
31 42
32 15
32 18
32 31
32 38
32 40
32 48
32 49
33 17
33 20
33 22
33 35
33 44
34 9
34 12
34 32
34 44
35 3
35 12
35 47
36 12
36 18
37 5
37 7
37 20
37 29
37 35
37 42
37 43
37 45
38 2
38 27
38 48
38 49
39 6
39 31
39 33
39 40
40 2
40 5
40 9
40 30
41 16
41 21
41 25
42 1
42 9
42 27
42 32
42 36
42 46
44 1
44 2
44 19
44 21
44 24
44 27
44 41
44 45
45 6
45 11
45 21
45 34
46 1
46 31
46 35
46 36
46 38
47 11
47 24
47 27
47 31
47 32
47 36
47 41
47 48
48 3
48 7
48 27
48 30
48 31
49 7
49 10
49 14
49 25
49 37
49 38
49 39
49 42
49 43
49 44
49 48
Loss 0 0 0 0 49 22 0 0 0 0 0 0 44 0 38 0 0 0 0 0 0 0 0 0 0 0 0 0 26 0 4 0 0 0 0 0 0 0 0 0 0 0 0 0 52 0 0 0 74 
