40 <--# of nodes, 170 edges
1 34
1 36
1 39
2 3
2 17
2 18
2 19
2 20
2 30
3 35
4 8
4 13
4 16
4 29
4 32
5 18
5 25
5 40
6 8
6 9
6 11
6 27
6 29
6 40
7 1
7 10
7 23
8 13
8 19
8 35
8 39
9 8
9 23
10 17
10 18
10 26
10 38
11 3
11 10
11 14
12 8
12 26
12 34
12 35
12 36
13 1
13 29
13 40
14 2
14 21
15 8
15 16
15 37
16 1
16 21
16 22
16 23
16 37
17 5
17 13
17 18
17 32
17 35
17 37
17 38
18 8
18 16
18 24
18 37
19 13
19 14
19 17
19 30
19 34
20 7
20 29
20 30
21 12
21 14
21 27
21 37
22 10
22 15
22 40
23 2
23 6
23 17
23 27
24 4
24 16
24 18
24 26
24 35
24 40
25 7
25 39
26 6
26 24
26 27
26 31
26 38
27 9
27 20
27 30
28 1
28 6
28 17
28 22
28 25
28 32
29 1
29 5
29 17
29 24
29 26
30 3
30 21
30 23
30 33
30 36
30 39
31 8
31 15
31 24
31 25
31 30
31 40
32 9
32 16
32 18
32 30
32 39
33 8
33 9
33 27
33 31
33 32
33 36
33 37
34 2
34 4
34 13
34 22
34 36
35 15
36 1
36 2
36 8
36 18
36 24
36 25
36 27
36 39
37 7
37 11
37 19
37 39
38 11
38 16
38 18
38 20
38 37
38 39
40 1
40 2
40 13
40 17
40 33
40 34
40 38
Loss 0 57 0 0 0 0 0 0 0 0 0 0 0 0 0 0 0 0 0 65 0 25 66 0 0 0 0 26 0 0 0 0 0 0 0 0 0 0 0 0 
