30 <--# of nodes, 86 edges
1 2
1 15
1 17
1 23
1 28
2 3
2 19
2 24
3 5
3 19
3 29
4 7
4 11
5 20
5 28
6 3
6 25
7 3
7 4
7 8
7 12
8 4
8 12
9 14
9 27
10 9
10 24
11 21
12 5
12 13
12 15
13 8
13 11
13 18
13 24
13 29
14 10
14 19
14 20
14 30
15 1
15 3
15 14
15 25
16 23
16 26
17 2
17 6
17 21
17 22
17 27
18 15
18 21
18 22
19 1
19 12
20 18
20 23
21 1
21 15
21 22
21 23
22 9
22 17
23 4
23 13
23 17
23 25
24 7
24 12
25 5
25 16
25 18
25 28
26 22
27 8
28 4
28 25
28 26
29 2
29 8
29 11
29 15
29 16
30 7
30 18
Loss 0 0 18 0 63 0 0 0 0 0 0 0 70 0 75 0 86 0 8 71 0 0 0 0 0 0 0 0 0 0 
