28 <--# of nodes, 78 edges
1 15
1 16
2 3
2 28
3 4
3 14
3 17
3 23
3 25
4 1
4 7
4 26
5 11
5 16
5 18
5 20
5 28
6 16
6 19
7 10
7 11
7 14
7 19
7 27
8 7
8 14
9 20
9 22
10 7
10 18
10 20
10 26
10 28
11 3
11 9
12 7
12 11
12 22
12 24
13 3
14 8
14 9
14 27
15 6
15 10
15 22
16 13
16 27
16 28
17 13
18 24
19 1
19 3
19 9
19 25
20 18
20 22
20 24
20 25
20 28
21 1
21 10
22 12
23 3
23 14
23 18
24 12
24 19
24 21
24 22
24 28
25 4
25 11
25 13
26 27
28 1
28 25
28 26
Loss 0 0 0 0 0 0 44 0 0 0 0 0 0 0 99 35 0 1 0 0 0 76 0 0 0 0 0 0 
