53 <--# of nodes, 279 edges
1 9
1 21
1 27
1 28
1 51
1 53
2 11
2 16
2 18
2 41
2 42
2 51
3 9
3 13
3 23
3 29
3 53
4 10
4 13
4 26
4 42
5 18
5 20
5 21
5 38
5 51
6 1
6 2
6 5
6 7
6 26
6 28
6 40
6 41
7 6
7 30
7 47
8 1
8 21
8 23
8 34
8 48
8 49
9 2
9 18
9 25
9 36
10 29
10 34
10 38
11 10
11 14
11 21
11 26
11 29
11 39
11 40
11 43
12 6
12 19
12 27
12 41
13 16
13 20
13 22
14 2
14 3
14 15
14 17
14 21
14 24
14 28
14 37
14 44
14 51
16 19
16 21
16 31
16 32
16 46
17 9
17 22
17 29
17 34
17 37
17 38
17 41
17 46
18 3
18 7
18 12
18 19
18 36
18 39
18 50
19 17
19 18
19 28
20 21
20 22
20 47
21 12
21 33
21 43
22 8
22 10
23 3
23 25
23 26
23 29
23 36
23 38
23 52
23 53
24 28
24 30
24 35
24 40
24 44
25 27
25 33
25 49
25 51
26 6
26 11
26 22
26 31
26 49
27 12
27 20
27 29
27 41
27 43
27 46
27 50
28 4
28 6
28 24
28 27
28 32
28 40
28 48
28 53
29 2
29 3
29 6
29 18
29 32
29 37
29 38
29 41
29 52
30 3
30 4
30 6
30 14
30 35
30 48
31 5
31 17
31 45
32 7
32 22
32 26
32 31
32 40
32 48
33 3
33 18
33 20
33 23
33 37
33 42
34 10
34 15
34 19
34 39
34 49
35 1
35 9
35 13
35 15
35 20
35 29
35 36
35 42
35 44
35 49
36 2
36 7
36 14
36 17
36 47
37 8
37 43
38 6
38 25
38 27
38 30
39 5
39 17
39 32
39 38
39 40
39 45
39 51
40 10
40 11
40 26
41 1
41 16
41 29
41 32
41 33
42 20
42 31
42 39
42 52
43 2
43 9
43 10
43 15
43 30
43 42
44 1
44 9
44 23
44 30
44 52
45 17
45 29
45 41
45 53
46 5
46 7
46 10
46 14
46 21
46 22
46 29
46 41
46 51
47 12
47 20
47 48
47 50
47 53
48 3
48 16
48 49
49 1
49 4
49 8
49 17
49 25
49 29
49 30
49 40
49 43
49 47
49 48
50 33
50 45
50 46
51 2
51 8
51 12
51 21
51 29
52 16
52 43
53 7
53 14
53 18
53 22
53 23
53 27
53 33
53 34
Loss 0 0 0 0 0 0 0 0 0 0 78 0 0 3 55 0 0 0 0 0 0 0 0 0 0 0 0 0 0 0 0 0 0 0 0 0 0 80 0 46 0 0 0 4 0 0 39 0 0 0 0 0 0 
