48 <--# of nodes, 239 edges
1 11
1 12
1 16
1 38
1 40
2 4
2 15
2 34
2 36
2 44
2 47
3 8
3 24
3 28
3 37
3 40
3 43
4 34
4 38
4 48
5 6
5 12
5 28
5 38
5 45
6 2
6 5
6 7
6 22
7 11
7 28
7 43
7 45
8 16
8 30
8 31
8 43
8 48
9 6
9 15
9 22
9 33
9 38
9 42
9 45
9 47
10 7
10 9
10 14
11 10
11 17
11 19
11 26
11 37
11 42
11 43
12 14
12 17
12 25
12 32
12 40
12 43
12 44
12 47
13 6
13 12
13 30
13 35
13 36
14 10
14 11
14 12
14 15
14 33
14 46
15 8
16 15
16 21
16 27
16 30
16 38
16 47
17 3
17 6
17 18
17 21
17 29
18 1
18 17
18 19
18 35
18 40
19 12
19 32
19 48
20 6
20 29
21 20
21 24
21 26
21 37
21 47
22 11
22 29
22 31
22 41
23 4
23 22
23 29
23 33
23 43
23 48
24 11
24 20
24 23
24 30
24 35
24 39
25 11
26 7
26 33
26 34
26 36
27 6
27 12
27 26
27 31
27 34
28 2
28 7
28 8
28 9
28 34
28 36
29 23
29 43
30 3
30 5
30 10
30 13
30 45
30 46
31 4
31 17
31 23
31 35
32 8
32 9
32 35
32 37
32 44
33 2
33 5
33 7
33 9
33 39
34 4
34 8
34 10
34 19
34 20
34 38
34 39
34 44
35 9
35 27
35 36
35 42
36 1
36 3
36 5
36 10
36 13
36 22
36 32
36 35
36 42
36 43
37 4
37 6
37 15
37 36
37 41
37 48
38 3
38 4
38 17
38 39
38 45
39 3
39 8
39 9
39 13
39 14
39 16
39 33
39 35
39 43
39 44
40 9
40 18
40 27
40 30
40 33
40 41
41 1
41 17
41 18
41 36
41 38
41 42
42 19
42 41
43 2
43 6
43 10
43 11
43 23
44 1
44 22
44 33
44 41
44 42
45 15
45 19
45 24
45 27
46 3
46 14
46 17
46 38
47 5
47 13
47 18
48 3
48 24
48 32
48 34
48 36
Loss 0 0 0 0 0 30 83 70 0 0 0 0 0 0 0 0 0 0 0 0 0 4 0 0 0 77 0 0 0 0 0 0 0 0 0 0 0 38 40 0 75 0 0 0 0 0 0 0 
