35 <--# of nodes, 119 edges
1 4
1 15
1 19
1 26
1 27
2 5
2 10
2 12
2 27
2 30
2 33
2 35
3 2
3 13
3 21
3 33
4 8
4 18
4 19
4 21
5 13
5 24
5 31
6 8
6 12
6 29
6 30
7 18
7 21
7 24
7 35
8 2
8 15
8 16
8 22
8 26
9 17
9 23
9 27
10 11
10 22
10 23
10 30
10 34
11 1
11 8
11 24
11 31
12 9
12 23
13 2
13 12
13 17
13 30
14 6
15 10
15 29
16 18
17 5
17 21
17 29
17 30
17 35
18 1
18 13
18 21
18 24
18 25
19 5
19 11
19 12
20 17
20 23
20 27
21 12
21 27
21 31
21 32
22 6
22 7
22 10
22 12
22 25
23 5
23 9
23 10
24 14
24 17
24 20
25 19
25 21
26 6
26 13
26 29
27 12
27 19
27 32
27 34
28 27
28 35
30 14
30 18
30 19
30 23
31 2
31 8
31 17
32 17
32 24
32 29
33 9
33 12
33 25
33 27
34 13
34 27
34 28
34 35
35 24
Loss 0 10 75 0 80 0 0 0 0 4 57 7 0 0 0 0 0 9 0 0 0 0 0 0 76 15 0 0 0 0 0 0 0 0 0 
