42 <--# of nodes, 181 edges
1 7
1 19
1 38
2 15
2 17
2 20
2 28
2 33
3 11
3 15
3 26
4 6
4 11
4 17
4 18
4 28
4 29
4 39
5 1
5 9
5 17
5 20
5 34
6 28
7 2
7 26
7 27
7 37
8 24
8 25
8 41
9 4
9 7
9 16
9 23
9 24
9 27
9 32
10 9
10 22
10 41
11 4
11 9
11 23
11 24
11 36
11 41
12 40
13 8
13 9
13 18
13 28
13 31
14 5
14 11
14 18
14 29
14 31
14 37
15 3
15 25
15 33
16 2
16 5
16 17
17 6
17 21
17 22
17 30
18 2
18 4
18 6
18 16
18 25
19 4
19 23
20 2
20 5
20 41
21 15
21 27
21 28
21 29
22 1
22 7
22 19
22 29
22 35
22 38
23 10
23 19
23 25
23 26
23 30
23 37
23 40
24 25
25 1
25 3
25 7
25 12
25 35
25 42
26 29
26 30
26 33
26 38
27 5
27 16
28 24
28 33
29 2
29 8
29 10
29 12
29 13
29 17
29 30
29 34
29 35
29 41
30 3
30 4
30 14
30 20
30 22
30 37
31 1
31 8
31 27
31 33
31 35
32 1
32 3
32 31
32 40
33 8
33 10
33 14
33 19
33 28
33 38
34 9
34 20
34 42
35 4
35 5
35 10
35 18
35 21
35 30
36 7
36 23
36 25
36 26
37 5
37 6
37 11
37 33
38 25
38 31
38 36
39 5
39 15
39 24
39 30
39 32
40 2
40 4
40 27
41 2
41 3
41 4
41 10
41 17
41 27
42 6
42 17
42 23
42 30
42 36
Loss 0 25 34 7 86 24 0 0 0 0 70 0 5 67 0 0 0 0 0 0 15 10 0 0 0 0 0 0 0 20 0 0 11 0 0 1 0 28 0 10 0 0 
