42 <--# of nodes, 175 edges
1 7
1 31
1 38
2 3
2 4
2 5
2 8
2 12
2 18
2 22
2 23
2 24
3 5
3 13
3 16
3 18
3 21
3 35
4 13
4 17
4 22
4 37
4 40
4 42
5 4
5 6
5 24
5 31
6 9
6 26
6 32
6 36
6 37
6 41
7 15
7 18
7 27
7 39
8 3
8 15
8 17
8 24
8 30
8 34
8 39
9 15
9 24
9 32
9 36
9 42
10 21
10 29
10 30
10 36
10 40
11 8
11 12
11 35
12 3
12 9
12 22
12 23
13 16
13 23
14 2
14 13
14 41
16 3
16 6
16 9
16 11
16 34
16 36
16 40
17 7
17 28
17 36
18 10
18 16
18 23
18 30
18 35
19 3
19 4
19 6
19 8
19 17
19 28
19 31
19 34
19 36
20 9
20 10
20 14
20 18
20 25
21 1
21 33
22 14
22 21
22 30
22 32
22 39
23 10
23 29
23 40
24 22
24 36
25 21
25 36
26 5
26 15
26 41
27 12
27 18
28 1
28 21
28 22
28 27
29 13
29 18
30 8
30 10
30 13
30 20
30 29
31 1
31 6
31 9
31 13
31 15
31 17
31 19
32 12
32 19
32 24
32 29
32 36
32 38
33 2
33 5
33 19
33 24
34 1
34 2
34 15
35 12
35 14
36 12
36 26
36 29
37 12
37 15
37 26
37 36
38 23
38 37
39 2
39 3
39 12
40 23
40 25
40 31
40 37
41 2
41 17
41 18
41 23
41 26
41 27
41 35
41 38
42 15
42 21
42 41
Loss 0 0 61 0 0 0 0 0 0 0 69 0 0 0 0 0 0 0 0 0 61 0 0 77 0 16 0 0 0 0 0 0 0 0 0 0 0 0 0 0 34 0 
