68 <--# of nodes, 473 edges
1 18
1 19
1 22
1 46
1 57
2 9
2 17
2 19
2 41
2 54
2 62
2 65
3 2
3 8
3 31
3 35
3 38
3 46
3 53
4 5
4 27
4 31
4 34
4 38
5 8
5 9
5 16
5 18
5 20
5 30
5 48
5 49
5 56
5 60
6 3
6 8
6 11
6 23
6 24
6 44
6 50
6 51
6 55
6 59
6 66
7 3
7 26
7 60
8 3
8 17
8 29
8 47
8 52
8 61
8 67
9 2
9 10
9 20
9 32
9 47
9 48
10 20
10 23
10 25
10 45
10 46
10 62
10 63
10 65
11 6
11 25
11 49
11 54
11 57
12 7
12 16
12 17
12 27
12 31
12 32
12 52
12 53
12 63
13 28
13 29
13 34
13 36
13 38
13 44
13 48
13 51
13 52
13 55
13 57
13 66
14 11
14 13
14 20
14 66
15 25
15 32
15 38
15 41
15 42
15 43
16 6
16 38
16 44
16 46
16 47
16 52
17 11
17 20
17 26
17 36
17 37
17 42
17 45
17 49
17 53
17 54
17 55
18 11
18 14
18 23
18 41
18 56
18 61
19 2
19 15
19 16
19 21
19 29
19 30
19 48
19 52
19 58
20 4
20 8
20 22
20 26
20 49
20 51
20 64
20 66
21 5
21 20
21 56
21 67
22 3
22 5
22 8
22 27
22 43
22 46
22 47
22 63
23 26
23 38
23 42
23 44
23 66
24 19
24 20
24 40
24 59
25 46
25 48
25 50
25 55
26 4
26 8
26 34
26 35
26 49
26 56
26 64
26 68
27 3
27 8
27 16
27 19
27 21
27 35
27 47
27 48
27 62
27 66
28 1
28 4
28 8
28 11
28 24
28 61
28 62
29 5
29 24
29 38
29 40
29 65
30 4
30 14
30 23
30 28
30 29
30 40
30 44
30 46
30 51
30 57
30 58
30 66
31 24
31 29
31 40
31 49
31 59
32 7
32 8
33 4
33 6
33 21
33 24
33 37
33 45
33 46
33 51
33 54
33 66
33 67
34 4
34 16
34 17
34 47
34 56
34 57
35 1
35 14
35 25
35 28
35 30
35 31
35 36
35 45
35 60
35 63
35 65
36 15
36 19
36 23
36 32
36 34
36 40
36 58
36 61
37 15
37 33
37 36
37 40
37 41
37 43
37 48
37 63
37 68
38 7
38 29
38 48
39 5
39 16
39 36
39 37
39 41
39 49
39 52
39 58
40 4
40 9
40 17
40 30
40 38
40 62
40 63
40 65
41 15
41 23
41 34
41 38
41 43
41 57
41 62
42 26
42 28
42 40
42 61
43 20
43 31
43 36
43 38
43 50
43 52
43 56
44 7
44 16
44 25
44 26
44 28
44 30
44 31
44 55
44 59
45 1
45 5
45 36
45 37
45 59
45 63
46 8
46 16
46 42
46 54
46 55
46 63
47 32
47 45
47 52
47 57
48 11
48 31
48 40
48 46
48 64
48 66
49 11
49 14
49 16
49 17
49 20
49 26
49 34
49 58
49 59
49 64
50 3
50 12
50 18
50 22
50 24
50 26
50 27
50 29
50 35
50 58
50 60
51 3
51 36
51 47
51 62
52 8
52 14
52 17
52 29
52 31
52 45
52 47
52 53
52 58
53 13
53 29
53 33
53 45
53 51
53 64
54 11
54 19
54 28
54 39
54 49
54 67
54 68
55 7
55 12
55 21
55 32
55 53
55 63
55 65
56 3
56 6
56 37
56 40
56 51
56 53
56 57
56 63
57 7
57 23
57 27
57 34
57 38
57 41
57 59
58 13
58 33
58 35
58 38
58 39
58 46
58 64
60 4
60 10
60 15
60 24
60 44
60 62
61 8
61 9
61 12
61 15
61 28
61 39
61 66
61 68
62 16
62 28
62 29
62 36
62 39
62 44
62 45
62 49
62 59
63 1
63 12
63 21
63 25
63 34
63 50
63 59
63 60
63 65
64 4
64 5
64 9
64 11
64 16
64 22
64 27
64 39
64 45
64 59
64 63
65 8
65 10
65 27
65 43
65 48
65 63
66 9
66 12
66 29
66 61
67 16
67 17
67 28
67 41
68 4
68 24
68 26
68 28
68 29
68 34
68 52
68 61
Loss 0 0 0 0 0 0 0 0 0 0 0 0 0 0 0 0 91 0 0 0 58 0 0 0 96 0 0 0 0 0 0 0 0 0 0 0 0 49 0 0 0 0 0 99 95 0 0 79 0 0 0 0 0 0 0 0 0 0 0 0 0 0 0 0 9 99 0 0 
