28 <--# of nodes, 75 edges
1 10
2 3
2 23
3 15
3 19
3 25
3 28
4 5
5 11
5 25
5 27
6 2
6 22
7 17
8 1
8 3
8 19
9 11
9 17
9 21
10 4
10 9
11 20
12 3
12 5
12 19
13 4
13 5
13 15
13 27
13 28
14 6
14 13
15 11
16 8
16 19
17 2
17 7
17 14
17 15
19 17
19 28
20 9
20 19
21 6
21 25
22 1
22 4
22 12
22 18
22 21
23 9
23 12
23 16
23 20
23 28
24 2
24 14
24 27
24 28
25 5
25 9
25 11
26 2
26 3
26 7
26 8
27 3
27 4
27 15
27 16
28 10
28 15
28 20
28 26
Loss 0 68 0 96 52 0 0 0 0 93 0 0 0 50 0 0 0 0 85 0 0 0 0 0 99 0 65 0 
