45 <--# of nodes, 189 edges
1 7
1 12
1 25
1 37
2 6
2 11
2 30
2 41
3 5
3 21
3 37
4 18
5 11
5 22
5 34
5 41
6 2
6 8
6 9
6 27
6 30
6 34
6 40
6 44
7 11
7 13
7 34
9 5
9 14
9 26
9 29
9 33
10 6
10 15
10 17
10 32
10 33
11 4
11 6
11 18
11 31
12 4
12 16
12 35
12 39
12 42
13 19
13 39
14 22
14 31
15 22
16 11
16 31
17 9
17 20
17 35
17 44
17 45
18 19
18 20
18 21
18 30
18 33
18 45
19 3
19 7
19 10
19 23
19 25
19 30
19 40
20 24
20 26
20 28
21 3
21 45
22 4
22 18
23 16
23 18
23 26
24 7
24 18
25 4
25 9
25 18
25 22
25 38
25 39
25 40
26 15
26 25
28 12
28 16
28 19
28 23
28 24
28 31
29 9
29 13
29 16
29 17
29 21
29 24
29 32
29 42
30 2
30 3
30 9
30 19
30 23
30 25
31 9
31 13
31 26
31 38
31 40
32 10
32 25
32 31
32 36
32 41
33 2
33 9
33 21
33 27
33 34
33 44
34 2
34 40
34 44
35 8
35 16
35 42
36 3
36 13
36 26
36 45
37 12
37 21
37 30
38 1
38 6
38 7
38 13
38 15
38 21
38 40
38 45
39 9
39 13
39 18
39 19
39 27
39 35
40 23
40 24
40 30
40 36
40 39
41 2
41 9
41 28
41 31
41 42
42 1
42 3
42 7
42 14
42 25
42 33
43 18
43 25
43 36
43 37
43 38
44 9
44 11
44 14
44 17
44 21
44 32
44 38
45 1
45 2
45 11
45 23
45 27
45 37
Loss 0 0 0 0 0 6 49 0 0 30 0 0 0 74 0 0 0 0 0 0 0 0 0 0 32 0 0 0 0 0 0 0 0 0 0 0 0 0 0 0 0 0 0 0 0 
