45 <--# of nodes, 202 edges
1 13
1 15
1 23
1 40
2 6
2 24
2 25
2 32
3 11
3 18
3 22
3 39
3 42
4 6
4 21
4 29
4 40
4 44
5 9
5 15
5 16
5 28
6 21
6 23
6 24
6 35
7 1
7 9
7 19
7 27
7 31
7 38
7 42
8 2
8 13
8 22
8 27
8 30
8 39
8 41
9 3
9 8
9 23
9 32
10 17
10 20
10 24
10 25
10 31
10 41
10 42
11 37
11 41
12 39
13 4
13 8
13 10
13 23
14 1
14 8
14 31
14 44
15 5
15 10
15 11
15 41
16 21
16 32
17 14
17 23
17 24
17 32
18 3
18 4
18 25
18 32
19 4
19 26
19 27
20 1
20 2
20 15
20 21
20 33
21 4
21 7
21 10
21 16
21 18
21 20
21 34
21 35
21 43
22 1
22 17
22 19
22 25
22 30
22 31
22 40
23 1
23 4
23 5
23 8
23 25
23 36
24 19
24 23
24 29
24 36
25 5
25 10
25 13
25 15
25 33
25 41
26 11
26 16
26 30
26 41
26 44
27 24
27 40
28 3
28 23
28 36
28 43
28 45
29 1
29 2
29 12
29 20
29 31
30 2
30 9
30 40
31 5
31 7
31 15
31 35
31 40
32 30
32 33
32 35
33 13
33 21
33 25
34 5
34 20
34 25
34 38
34 41
35 13
35 25
35 37
36 7
36 26
36 35
36 37
36 45
37 2
37 5
37 7
37 10
37 18
37 42
38 18
38 25
39 7
39 10
39 15
39 41
39 45
40 14
40 30
40 38
41 4
41 5
41 7
41 12
41 16
41 18
41 21
41 26
41 28
41 29
41 37
41 42
42 30
43 8
43 17
43 22
43 40
43 42
44 1
44 3
44 8
44 18
44 34
45 15
45 37
45 39
Loss 0 0 0 0 0 72 27 0 0 0 19 0 0 0 21 82 0 0 0 58 0 0 0 0 51 0 0 0 7 0 0 65 0 59 0 49 0 0 0 0 0 0 0 0 0 
