34 <--# of nodes, 106 edges
1 33
2 3
2 24
2 29
2 31
3 32
4 15
5 2
5 16
5 18
5 23
6 19
7 2
7 4
7 20
7 23
7 33
8 12
8 13
8 18
8 21
8 25
8 28
8 30
8 34
9 1
9 2
9 18
9 22
9 23
10 6
10 15
10 17
10 18
10 21
10 25
11 3
11 12
11 18
11 21
11 25
11 28
12 29
12 30
13 14
13 17
14 12
14 15
14 29
15 4
15 6
15 22
15 24
15 25
15 26
15 33
16 11
16 30
17 1
17 4
18 5
18 29
19 21
19 29
20 12
20 29
21 32
21 34
22 5
22 16
22 28
25 7
25 12
25 27
25 30
25 32
25 33
26 8
26 20
26 30
26 31
27 23
27 29
28 27
28 33
29 4
29 6
29 16
30 2
30 7
30 8
30 10
30 27
30 28
30 29
32 4
32 5
32 23
32 26
33 5
33 7
33 11
34 6
34 12
34 13
34 23
Loss 0 75 0 0 0 0 0 0 0 0 3 0 0 0 0 0 0 0 0 0 14 0 0 0 0 0 0 0 0 39 0 79 0 50 
