44 <--# of nodes, 218 edges
1 8
1 19
1 29
1 30
1 38
2 6
2 7
2 16
2 33
2 42
3 5
3 8
3 12
3 37
4 3
4 16
4 18
4 20
4 29
4 36
4 43
5 3
5 6
5 9
5 17
5 22
6 1
6 3
6 16
6 20
6 24
6 31
7 6
7 11
7 15
7 22
7 32
7 36
7 41
8 13
8 26
8 28
8 40
9 2
9 8
9 16
9 30
9 33
9 34
9 38
9 42
10 1
10 4
10 13
10 21
10 28
11 7
11 29
11 33
11 40
12 13
12 17
12 33
13 4
13 6
13 10
13 17
13 27
14 6
14 9
14 19
14 22
14 34
14 40
14 43
15 37
16 2
16 11
16 15
16 18
16 20
16 32
17 9
17 25
17 28
18 9
18 22
18 34
18 35
18 40
19 2
19 3
19 4
19 5
19 6
19 10
19 21
19 29
19 30
19 40
20 16
20 36
20 37
21 3
21 14
21 22
21 36
22 10
22 18
22 25
22 30
22 31
22 36
22 38
23 4
23 7
23 8
23 11
23 18
23 38
24 11
24 14
24 17
24 32
24 34
25 2
25 15
26 2
26 8
26 16
26 17
26 23
26 34
26 35
27 2
27 10
27 21
27 22
27 33
28 2
28 14
28 15
28 39
29 16
29 24
29 25
29 28
29 43
30 4
30 6
30 22
30 38
31 5
31 25
31 39
32 3
32 11
32 19
32 33
32 35
33 14
33 21
33 28
33 42
34 6
34 15
34 16
34 36
35 3
35 5
35 12
35 18
35 39
36 8
36 17
36 26
36 27
36 39
37 18
37 21
37 26
37 29
37 42
37 43
38 17
38 22
38 35
39 1
39 13
39 14
39 26
39 34
39 40
40 4
40 10
40 21
40 33
40 34
40 35
41 2
41 6
41 10
41 12
41 34
41 38
41 44
42 11
42 14
42 33
43 1
43 5
43 39
44 3
44 5
44 10
44 35
44 40
44 42
Loss 0 0 0 0 0 0 67 0 0 0 0 0 0 0 2 0 0 0 0 79 0 0 36 0 0 0 0 0 0 65 0 87 0 0 0 0 0 0 0 0 0 0 0 0 
