69 <--# of nodes, 487 edges
1 12
1 25
1 31
1 36
1 41
2 13
2 29
2 37
2 44
2 53
2 64
2 69
3 21
3 25
3 32
3 34
3 44
3 57
3 61
4 2
4 7
4 24
4 25
4 36
4 42
4 43
4 50
4 51
4 57
5 4
5 11
5 12
5 29
5 40
5 47
5 58
5 65
6 8
6 10
6 16
6 18
6 27
7 13
7 42
7 46
7 59
7 64
7 65
7 67
8 7
8 16
8 23
8 26
8 33
8 45
8 50
8 57
8 59
8 62
9 6
9 26
9 31
9 38
9 43
10 1
10 14
10 29
10 38
10 49
10 53
10 57
11 13
11 29
11 35
11 52
11 62
11 64
11 66
11 67
12 1
12 2
12 16
12 21
12 24
12 31
12 53
12 57
12 61
13 3
13 21
13 27
13 29
13 31
13 44
13 46
14 6
14 19
14 29
14 30
14 32
14 52
15 11
15 24
15 27
15 40
15 43
15 48
15 56
16 1
16 2
16 26
16 30
16 47
16 51
16 52
16 60
17 2
17 3
17 4
17 21
17 26
17 28
17 30
17 33
17 39
17 40
17 45
17 55
17 57
17 68
18 17
18 25
18 33
18 45
18 47
18 65
19 7
19 12
19 13
19 16
19 32
19 50
19 53
19 66
20 17
20 26
20 37
20 43
20 47
20 52
20 53
20 65
20 68
21 15
21 30
21 51
22 4
22 13
22 23
22 30
22 40
22 42
22 50
22 51
22 55
23 3
23 6
23 11
23 12
23 35
23 41
23 45
23 54
23 65
24 9
24 18
24 22
24 28
24 31
24 54
24 58
25 28
25 45
25 58
25 61
25 68
26 8
26 15
26 17
26 21
26 33
26 50
26 58
26 68
27 15
27 20
27 28
27 29
27 31
27 61
27 64
27 68
27 69
28 19
28 50
28 57
28 63
29 12
29 18
29 20
29 28
29 45
29 50
30 3
30 40
30 64
30 67
31 14
31 32
31 41
31 48
31 49
31 64
31 67
32 2
32 15
32 22
32 27
32 34
32 45
32 64
33 18
33 21
33 44
34 3
34 4
34 5
34 14
34 19
34 39
34 41
34 53
34 58
34 63
35 7
35 8
35 28
35 40
35 57
36 10
36 51
36 65
37 3
37 8
37 13
37 17
37 20
37 28
37 32
37 39
37 45
37 47
37 51
37 66
38 17
38 19
38 21
38 27
38 33
38 41
38 63
39 42
39 47
39 53
39 56
39 57
40 16
40 36
40 57
40 61
40 62
41 7
41 13
41 23
41 36
42 5
42 17
42 28
42 34
42 37
42 41
42 51
42 54
42 57
42 63
42 68
43 9
43 40
43 66
44 2
44 3
44 10
44 12
44 36
44 38
44 45
44 68
45 4
45 7
45 9
45 13
45 33
45 37
45 62
45 63
45 67
46 9
46 14
46 18
46 33
46 38
46 48
46 55
46 58
46 60
46 63
46 68
47 10
47 13
47 15
47 25
47 28
47 46
47 56
47 58
47 60
47 62
47 67
47 69
48 52
48 60
48 68
49 1
49 20
49 21
49 67
50 2
50 10
50 15
50 23
50 28
50 32
50 43
51 11
51 19
51 44
51 55
51 61
51 68
52 15
52 17
52 22
52 27
52 46
52 49
52 55
52 58
53 2
53 15
53 17
53 36
53 46
53 55
53 57
53 65
53 69
54 14
54 26
54 33
54 41
54 46
54 47
54 60
54 69
55 10
55 15
55 19
55 28
55 32
55 39
55 40
56 29
56 32
56 33
56 36
56 38
56 57
56 66
56 67
56 68
57 2
57 7
57 17
57 18
57 47
57 54
57 56
58 13
58 23
58 46
58 56
58 60
59 1
59 5
59 10
59 16
59 28
59 42
59 55
59 56
59 66
60 3
60 23
60 34
60 62
60 66
61 1
61 29
61 34
61 43
61 48
61 57
62 5
62 9
62 16
62 19
62 25
62 27
62 39
62 42
62 48
62 49
63 3
63 10
63 21
63 36
63 66
64 5
64 31
64 33
64 50
65 3
65 30
65 32
65 64
65 66
66 1
66 7
66 21
66 49
66 51
66 60
66 62
67 3
67 21
67 25
67 31
67 33
67 39
67 47
67 52
67 59
67 63
68 4
68 9
68 24
68 47
68 48
68 62
69 4
69 13
69 15
69 21
69 32
69 41
69 57
69 63
Loss 0 0 0 0 37 94 0 0 0 0 0 0 0 73 22 0 0 0 90 0 0 0 0 0 0 4 0 17 0 0 0 0 0 56 0 27 0 0 0 48 0 0 0 0 0 0 10 0 0 0 0 94 0 0 0 0 0 0 0 0 0 0 0 0 0 0 0 0 0 
