51 <--# of nodes, 253 edges
1 5
1 10
1 32
1 36
1 43
2 4
2 7
2 18
2 34
2 37
2 45
2 47
3 8
3 17
3 20
3 24
4 2
4 18
4 28
4 30
4 36
5 4
5 6
5 7
5 12
5 16
5 32
5 45
6 3
6 9
6 19
6 22
6 27
6 34
6 37
6 48
7 6
7 18
7 25
7 26
7 35
8 2
8 10
8 12
8 21
9 1
9 38
9 42
10 8
10 16
10 21
10 37
10 44
11 2
11 4
11 8
11 15
11 16
11 24
11 32
11 36
11 41
12 14
12 42
12 49
13 6
13 12
13 14
13 15
13 18
13 22
13 45
14 19
14 23
14 33
14 46
15 14
15 22
15 25
15 31
16 3
16 39
17 4
17 31
17 32
17 49
18 7
18 10
18 26
18 42
19 7
19 12
19 22
19 26
19 33
19 37
19 44
20 1
20 5
20 18
20 25
20 36
20 38
20 46
20 49
20 51
21 10
21 15
21 36
22 10
22 13
22 14
22 32
22 35
22 44
22 48
23 5
23 7
23 21
23 27
23 33
23 38
23 39
23 44
24 7
24 8
24 10
24 18
24 28
24 31
24 34
24 42
24 50
25 4
25 28
25 37
25 38
26 6
26 9
26 35
26 36
26 50
27 4
27 10
27 11
27 12
27 13
27 26
28 1
28 9
28 49
29 5
29 8
29 9
30 5
30 6
30 24
31 9
31 11
31 38
31 47
32 3
32 9
32 16
32 22
32 36
33 9
33 20
33 42
33 44
34 7
34 9
34 11
34 16
34 30
34 32
34 33
34 38
34 43
35 7
35 16
35 45
36 5
36 10
36 19
36 26
36 30
37 1
37 2
37 9
37 11
37 15
37 27
37 28
37 39
37 47
38 9
38 18
38 21
38 30
39 23
39 33
39 41
39 42
40 9
40 22
40 28
40 29
40 49
41 19
41 22
41 30
42 8
42 25
42 27
42 29
42 30
43 1
43 30
44 1
44 9
44 33
45 9
45 35
46 1
46 16
46 20
46 38
47 6
47 11
47 30
48 2
48 5
48 7
48 18
48 38
49 8
49 16
49 19
49 23
50 6
50 11
50 12
50 35
50 43
51 9
51 10
51 17
51 19
51 24
51 34
51 35
51 42
Loss 0 0 98 0 27 0 0 0 0 0 89 61 68 0 0 0 0 0 0 0 81 0 67 0 0 0 0 0 0 0 0 0 38 0 75 0 0 0 0 0 0 80 0 0 40 41 86 0 0 0 0 
