49 <--# of nodes, 266 edges
1 4
1 8
1 14
1 16
1 21
1 25
1 38
1 48
2 11
2 15
2 22
2 38
2 49
3 6
3 23
3 24
3 43
3 49
4 16
4 28
4 30
4 34
4 38
4 49
5 1
5 6
5 8
5 16
5 20
5 39
5 40
6 7
6 21
6 23
6 36
6 37
6 45
7 8
7 10
7 31
7 33
7 38
7 41
7 43
7 45
7 46
8 18
8 28
8 29
8 37
9 2
9 6
9 24
9 47
10 3
10 4
10 5
10 11
10 18
10 22
11 10
11 17
11 30
11 42
12 15
12 32
12 38
12 40
12 49
13 8
13 15
13 30
13 34
13 37
13 41
13 47
14 9
14 19
14 35
14 37
14 38
14 40
14 49
15 13
15 22
15 25
15 32
15 34
16 5
16 17
16 19
16 27
17 5
17 23
17 36
18 5
18 21
18 28
18 33
18 37
18 40
19 4
19 7
19 8
19 10
19 15
19 37
20 23
20 27
20 33
21 26
21 34
21 42
21 45
22 10
22 19
22 28
22 31
22 49
23 5
23 8
23 22
23 27
23 34
23 37
23 38
24 4
24 7
24 13
24 27
24 28
24 34
24 35
24 39
24 47
24 49
25 3
25 13
25 21
25 32
25 34
25 36
25 41
25 42
25 49
26 7
26 8
26 21
26 25
26 29
26 37
26 38
26 48
27 12
27 17
27 28
27 37
27 39
28 4
28 5
28 29
28 35
28 37
28 43
29 13
29 18
29 24
29 35
29 40
30 9
30 12
30 14
30 25
30 36
30 39
30 48
31 9
31 10
31 16
31 18
31 41
31 44
32 2
32 18
33 2
33 15
33 19
33 24
33 45
34 6
34 7
34 15
34 23
34 27
34 28
34 49
35 30
35 40
35 41
36 14
36 30
37 2
37 9
37 14
37 49
38 6
38 12
38 16
38 19
38 22
38 23
39 4
39 14
39 24
39 28
39 37
40 21
40 35
40 42
40 47
41 3
41 8
41 28
41 30
41 32
41 36
41 38
41 44
42 17
42 35
42 38
43 8
43 40
43 49
44 4
44 15
44 20
44 29
44 34
44 40
45 11
45 14
45 33
45 42
45 43
46 10
46 22
46 26
46 39
47 8
47 11
47 16
47 18
47 22
48 11
48 17
48 24
48 36
48 43
49 4
49 16
49 20
49 24
49 30
49 39
49 40
Loss 0 0 0 0 0 0 0 0 0 0 5 0 0 0 0 0 94 0 0 0 0 0 0 0 36 0 0 0 0 90 0 0 0 0 90 9 0 0 85 11 0 0 0 0 0 34 0 0 0 
