55 <--# of nodes, 294 edges
1 2
1 14
1 23
1 39
1 40
1 51
2 3
2 5
2 15
2 31
2 42
3 13
3 16
3 50
4 1
4 13
4 18
4 26
4 50
5 3
5 14
5 19
5 24
5 25
5 28
5 32
6 1
6 10
6 35
6 40
6 45
7 24
7 33
7 38
7 41
7 42
7 43
8 16
8 27
9 2
9 5
9 14
9 40
10 1
10 8
10 38
10 50
10 53
11 8
11 14
11 27
11 30
11 40
11 42
11 49
11 51
11 52
12 14
12 30
13 11
13 14
13 44
13 49
13 55
14 1
14 6
14 9
14 18
14 19
14 20
14 43
14 49
15 5
15 9
15 12
15 13
15 23
15 24
15 48
15 52
16 6
16 23
16 29
16 37
16 45
16 53
16 55
17 7
17 12
17 23
17 28
17 38
17 46
18 35
18 36
18 37
18 45
18 50
18 55
19 9
19 14
19 16
19 18
19 34
20 2
20 10
20 11
20 12
20 21
20 40
20 50
21 2
21 3
21 15
21 27
21 39
22 12
22 16
22 17
22 44
23 3
23 26
23 34
23 49
24 5
24 11
24 12
24 28
25 3
25 6
25 19
25 28
25 34
25 36
25 55
26 2
26 4
26 7
26 19
26 28
26 29
26 31
26 37
26 52
27 10
27 24
27 31
27 41
27 51
27 53
28 3
28 5
28 8
28 11
28 16
28 23
28 24
28 26
29 20
29 22
29 43
29 47
29 50
30 11
30 40
31 7
31 17
31 18
31 23
31 42
31 44
32 3
32 4
32 15
32 19
32 23
32 26
32 40
32 54
33 1
33 27
33 44
33 47
34 3
34 4
34 11
34 18
34 20
34 23
35 5
35 9
35 18
35 23
35 27
35 33
35 41
35 51
35 54
36 7
36 10
36 26
36 43
37 10
37 12
37 16
37 30
37 35
37 45
38 18
38 19
38 24
38 25
38 40
38 53
39 4
39 46
40 3
40 5
40 8
40 16
40 19
40 30
41 19
41 22
41 53
42 4
43 23
43 27
43 42
44 19
44 29
44 41
44 53
45 4
45 20
45 24
45 27
45 35
45 42
45 52
46 5
46 11
46 31
46 37
47 7
47 21
47 48
47 50
48 6
48 9
48 23
48 55
49 43
49 45
49 46
50 4
50 18
50 22
50 23
50 34
50 41
50 47
50 49
51 3
51 6
51 21
51 26
51 27
51 34
52 1
52 3
52 9
52 10
52 28
52 39
52 46
52 54
53 8
53 16
53 23
53 25
53 45
53 55
54 2
54 4
54 26
54 48
54 51
55 16
55 17
55 33
55 36
55 42
55 45
Loss 0 79 0 0 0 0 0 5 0 0 0 0 0 0 0 0 0 0 16 0 0 0 57 0 0 0 0 0 0 0 41 0 0 0 0 0 0 0 0 0 0 97 0 0 0 0 84 0 0 86 58 0 0 0 0 
