70 <--# of nodes, 503 edges
1 13
1 21
1 41
1 48
1 49
1 56
1 57
1 66
2 19
2 24
2 26
2 49
2 51
2 58
2 60
3 14
3 16
3 29
3 48
3 53
3 58
3 59
3 60
3 64
4 9
4 13
4 19
4 41
4 60
4 67
4 68
4 69
5 2
5 4
5 10
5 12
5 22
5 39
5 50
5 57
6 11
6 14
6 34
6 35
6 36
6 51
6 64
7 14
7 21
7 30
7 33
7 38
7 40
7 56
7 57
7 59
7 62
7 67
8 3
8 9
8 13
8 15
8 18
8 32
8 39
8 60
8 61
9 2
9 16
9 19
10 11
10 16
10 35
10 66
10 68
11 6
11 13
11 17
11 33
11 36
11 46
11 55
11 65
11 70
12 4
12 9
12 11
12 21
12 29
12 33
12 38
12 50
12 51
12 57
12 59
12 70
13 4
13 15
13 29
13 30
13 31
13 60
13 62
13 69
14 20
14 28
14 44
14 46
14 62
14 63
14 65
15 18
15 44
15 46
15 67
16 12
16 25
16 62
16 66
16 68
17 2
17 3
17 11
17 12
17 26
17 28
17 32
17 48
17 65
17 66
17 69
18 7
18 9
18 24
18 29
18 33
18 36
18 47
18 60
18 62
19 2
19 21
19 32
19 44
19 55
19 60
19 64
20 3
20 10
20 18
20 40
20 52
21 12
21 13
21 16
21 18
21 55
21 59
21 67
22 1
22 5
22 11
22 17
22 21
22 27
22 46
22 50
22 52
23 2
23 3
23 18
23 32
23 45
23 51
23 53
24 4
24 10
24 11
24 22
24 35
25 1
25 10
25 29
25 49
25 58
26 3
26 6
26 14
26 22
26 29
26 33
26 38
26 39
26 62
27 6
28 8
28 12
28 17
28 47
28 48
28 54
28 62
28 66
29 11
29 14
29 18
29 23
29 57
29 61
30 3
30 8
30 13
30 25
30 45
30 50
31 1
31 13
31 15
31 21
31 22
31 24
31 39
31 45
31 52
32 25
32 27
32 36
32 48
32 51
33 7
33 8
33 12
33 13
33 18
33 29
33 44
33 56
34 20
34 24
34 39
34 57
34 68
35 21
35 33
35 64
36 13
36 26
36 30
36 33
36 41
36 46
36 52
36 55
36 58
36 64
37 2
37 9
37 11
37 15
37 25
37 28
37 54
37 57
37 64
37 65
37 68
38 4
38 6
38 27
38 51
38 59
39 8
39 9
39 10
39 24
39 40
39 42
39 54
39 55
39 67
40 5
40 14
40 15
40 49
40 50
40 53
40 62
40 65
41 4
41 21
41 34
41 39
41 42
41 44
41 62
42 1
42 5
42 10
42 27
42 41
42 50
42 59
42 60
42 70
43 9
43 17
43 30
43 38
43 40
43 46
43 49
43 62
43 64
44 27
44 36
44 43
44 48
44 59
44 60
44 68
45 2
45 6
45 9
45 16
45 21
45 24
45 31
45 47
45 66
46 30
46 32
46 34
46 54
46 66
46 70
47 7
47 11
47 15
47 22
47 31
47 35
47 36
47 46
47 49
47 53
48 14
48 16
48 39
48 43
48 56
48 58
49 10
49 14
49 20
49 42
49 44
49 58
49 67
50 16
50 17
50 33
50 36
50 49
50 59
51 17
51 20
51 44
51 50
51 65
52 8
52 14
52 19
52 21
52 24
52 26
52 33
52 45
52 54
53 11
53 17
53 33
53 39
54 23
54 33
54 40
54 46
55 17
55 29
55 36
55 44
55 46
55 57
55 61
55 66
56 8
56 15
56 36
56 55
57 5
57 23
57 31
57 46
57 47
57 59
57 65
58 7
58 22
58 23
58 42
58 70
59 3
59 13
59 16
59 21
59 26
59 28
59 69
60 8
60 13
60 15
60 19
60 24
60 26
60 41
60 64
61 1
61 17
61 40
61 41
61 43
61 48
61 51
61 54
61 57
61 65
61 69
62 34
62 42
62 47
62 49
62 53
62 65
62 68
63 14
63 18
63 45
63 57
63 58
63 60
63 64
63 67
64 12
64 15
64 22
64 27
64 28
64 42
64 49
64 60
64 63
65 9
65 22
65 41
65 42
65 47
65 50
65 51
65 54
65 59
65 61
65 62
65 69
66 8
66 17
66 48
66 51
66 58
66 62
66 67
67 1
67 9
67 14
67 29
67 44
67 46
68 11
68 14
68 17
68 28
68 44
68 64
68 66
69 12
69 26
69 31
69 45
69 48
69 59
70 19
70 21
70 25
70 62
70 69
Loss 0 0 0 39 14 0 0 0 0 0 0 0 0 0 0 0 0 0 0 0 82 0 65 0 0 0 0 0 0 0 0 0 0 0 0 0 56 0 66 0 0 59 0 0 0 0 0 0 0 0 0 0 0 6 86 0 0 0 0 0 0 0 0 0 0 0 0 0 0 0 
