65 <--# of nodes, 430 edges
1 13
1 52
1 54
2 6
2 18
2 20
2 21
2 27
2 53
2 59
2 60
2 62
2 65
3 8
3 30
3 54
3 59
4 1
4 8
4 10
4 20
4 24
4 25
4 37
4 45
4 52
4 53
4 58
5 21
5 24
5 33
6 16
6 18
6 29
6 38
6 55
6 63
7 23
7 40
7 54
7 60
7 61
8 24
8 41
8 49
8 60
8 62
9 8
9 13
9 19
10 6
10 23
10 26
10 39
10 45
10 48
11 7
11 18
11 21
11 33
11 40
11 60
12 3
12 5
12 9
12 10
12 27
12 29
12 35
12 51
13 9
13 16
13 21
13 27
13 35
13 40
14 4
14 20
14 23
14 46
14 53
15 8
15 18
15 30
15 45
15 50
15 62
16 6
16 36
16 39
16 60
17 2
17 9
17 13
17 22
17 35
17 44
17 49
17 57
17 61
17 63
18 6
18 14
18 31
18 33
18 34
18 36
18 48
18 49
18 55
18 56
18 65
19 24
19 33
19 38
19 39
19 58
19 65
20 12
20 14
20 30
20 43
21 8
21 10
21 28
21 36
21 51
22 19
22 25
22 27
22 39
22 48
22 51
23 12
23 21
23 32
23 37
23 38
23 48
23 49
23 52
24 3
24 9
24 13
24 32
24 34
24 43
24 47
24 49
25 17
25 21
25 24
25 31
25 36
25 47
25 60
25 62
26 5
26 6
26 8
26 9
27 11
27 15
27 32
27 35
27 39
27 51
27 65
28 6
28 22
28 24
28 38
28 48
28 50
28 56
28 57
28 60
29 3
29 10
29 21
29 23
29 24
29 36
29 39
29 44
29 45
29 47
29 54
29 58
29 60
29 63
30 4
30 9
30 25
30 28
30 41
30 43
30 53
30 62
31 26
31 43
31 49
31 51
31 55
31 60
32 2
33 6
33 16
33 26
33 29
33 34
33 37
33 43
33 64
34 11
34 14
34 15
34 18
34 35
34 57
34 58
34 62
35 1
35 4
35 9
35 25
35 41
35 43
36 5
36 17
36 21
36 24
36 26
36 31
36 46
36 49
36 59
36 61
36 62
37 4
37 20
37 27
37 32
37 36
37 55
37 58
38 10
38 35
38 40
38 55
38 63
39 4
39 31
39 36
40 3
40 6
40 8
40 11
40 14
40 27
40 29
40 43
40 48
40 50
40 58
40 65
41 1
41 21
41 22
41 42
42 22
42 25
42 29
42 32
42 37
42 43
42 55
43 59
43 63
44 6
44 8
44 10
44 19
44 21
44 41
44 53
44 64
45 2
45 6
45 9
45 16
45 24
45 31
45 34
45 41
45 43
45 59
45 60
45 61
46 3
46 45
46 59
46 64
47 24
47 25
47 41
47 43
47 46
47 53
47 63
48 19
48 29
48 55
48 64
49 3
49 19
49 25
49 32
49 39
49 41
50 4
50 10
50 14
50 16
50 25
50 32
50 36
50 49
50 51
50 59
50 60
51 1
51 17
51 24
51 43
51 61
51 65
52 3
52 7
52 8
52 18
52 21
52 32
52 33
52 49
52 50
52 59
52 64
53 1
53 16
53 23
53 38
53 43
53 51
54 6
54 7
54 10
54 20
54 28
54 33
54 39
54 45
54 56
55 7
55 27
55 34
55 40
55 61
55 64
56 2
56 3
56 4
56 12
56 25
56 31
56 35
56 43
56 47
56 48
56 53
56 58
56 59
56 60
57 52
58 7
58 10
58 19
58 20
58 21
58 25
58 38
58 41
58 43
59 17
59 55
60 7
60 29
60 46
60 48
60 49
60 51
60 52
60 57
61 19
61 42
61 44
62 24
62 40
62 51
62 59
63 2
63 4
63 11
63 20
63 23
63 59
64 2
64 12
64 32
64 51
64 53
65 5
65 11
65 30
65 47
65 48
65 54
65 55
65 57
65 64
Loss 0 0 0 0 0 0 0 0 0 0 0 0 0 0 0 0 0 0 0 0 0 0 0 0 0 0 0 0 11 0 0 0 34 56 0 0 0 0 0 0 0 0 29 0 0 0 0 0 0 0 12 0 0 0 43 0 0 0 0 0 0 0 0 0 0 
