34 <--# of nodes, 108 edges
1 28
2 10
2 12
2 14
2 21
2 30
3 1
3 7
3 27
3 29
4 16
4 23
5 6
5 14
5 19
5 22
5 32
6 33
8 2
8 11
9 4
9 29
10 2
10 7
10 16
10 21
10 26
11 28
12 34
13 16
14 1
14 6
14 20
14 22
14 33
15 19
15 20
16 27
17 8
17 18
17 19
17 20
18 4
18 7
19 8
19 27
20 5
20 19
20 21
20 22
21 3
21 5
21 7
21 10
21 12
21 16
21 24
21 27
21 28
21 33
21 34
22 24
23 8
23 30
24 4
24 5
24 6
24 7
24 18
24 28
24 34
25 19
25 30
25 34
26 4
26 7
27 16
27 25
27 26
27 31
27 32
27 33
28 3
28 9
28 12
28 27
28 33
29 2
29 3
29 6
29 17
30 18
30 20
30 31
31 2
31 4
31 30
32 9
32 15
32 18
32 20
33 2
33 5
33 6
33 12
34 12
34 13
34 18
Loss 0 0 0 0 90 56 0 0 0 0 11 50 0 0 0 0 0 47 0 11 0 50 0 0 0 0 0 0 0 2 0 7 0 0 
