70 <--# of nodes, 472 edges
1 10
1 20
1 30
1 62
1 68
1 69
2 16
2 24
2 26
2 29
2 32
2 34
2 52
2 57
2 66
3 1
3 16
3 19
3 21
3 26
3 27
3 33
3 57
3 61
3 64
3 69
4 6
4 43
4 60
4 68
4 70
5 45
5 47
5 66
5 67
5 70
6 17
6 28
6 37
6 52
6 58
6 70
7 10
7 11
7 22
7 25
7 35
7 38
7 59
8 35
8 42
8 46
8 47
8 49
9 6
9 8
9 14
9 16
9 25
9 27
9 29
9 57
9 63
9 65
10 2
10 5
10 7
10 9
10 11
10 37
10 43
11 5
11 18
11 19
11 22
11 27
11 35
11 37
11 60
11 64
12 36
12 59
13 5
13 16
13 40
13 44
13 64
13 66
14 12
14 31
14 40
14 51
14 58
14 67
15 7
15 18
15 26
15 42
15 53
15 55
16 18
16 19
16 31
16 37
17 2
17 15
17 21
17 26
17 30
17 32
17 47
17 56
17 58
17 64
17 68
18 13
18 14
18 25
18 33
18 53
18 57
19 15
19 24
19 27
19 37
19 62
19 69
20 4
20 13
20 21
20 23
20 26
20 49
20 68
21 3
21 11
21 26
21 39
21 48
21 68
22 5
22 26
22 57
22 65
22 70
23 19
23 25
23 34
23 39
23 44
23 46
23 54
23 60
23 65
23 69
24 1
24 21
24 29
24 39
24 62
24 68
25 5
25 19
25 27
25 38
25 39
25 44
25 56
25 57
25 58
25 64
26 5
26 11
26 12
26 23
26 27
26 39
26 44
26 47
26 53
26 60
26 69
27 11
27 15
27 42
27 53
27 54
27 60
27 62
27 69
28 19
28 26
28 32
28 42
28 50
28 52
29 20
29 35
29 69
30 2
30 5
30 12
30 17
30 19
30 31
30 32
30 34
30 64
31 18
31 26
31 28
31 36
31 38
31 63
32 16
32 20
32 37
32 41
32 55
32 61
33 2
33 36
33 45
33 46
34 29
34 53
34 60
34 61
35 17
35 18
35 51
35 55
35 62
35 65
36 20
36 42
36 44
36 62
36 64
36 65
37 3
37 17
37 60
37 64
38 13
38 30
38 47
38 49
39 3
39 7
39 25
39 37
39 61
39 63
40 4
40 18
40 19
40 26
40 48
40 52
40 54
41 4
41 7
41 12
41 16
41 19
41 43
41 62
41 69
42 17
42 19
42 21
42 41
42 58
42 70
43 12
43 18
43 19
43 30
43 34
43 37
43 49
43 53
43 61
43 62
44 11
44 20
44 23
44 57
44 58
45 7
45 13
45 27
45 28
45 46
45 47
45 56
45 67
46 2
46 36
46 48
46 62
46 64
47 6
47 18
47 28
47 29
47 43
47 58
48 6
48 20
48 27
48 30
48 33
48 44
48 45
48 49
48 61
48 64
48 67
49 16
49 17
49 19
49 50
49 59
49 69
50 11
50 14
50 28
50 49
50 60
51 1
51 16
51 18
51 33
51 36
51 41
51 69
52 12
52 14
52 16
52 18
52 22
52 28
52 39
52 47
52 59
52 66
53 2
53 6
53 30
53 35
53 40
53 46
53 54
53 56
53 62
54 4
54 28
54 50
54 55
54 65
54 68
55 13
55 15
55 27
55 36
55 44
55 45
55 66
56 8
56 11
56 22
56 31
56 32
56 50
57 8
57 17
57 36
57 41
58 16
58 47
58 48
58 67
59 3
59 15
59 18
59 30
59 40
59 47
60 37
60 38
60 39
60 47
60 48
60 55
60 56
60 62
60 70
61 9
61 18
61 26
61 28
61 36
61 69
62 1
62 5
62 12
62 14
62 18
62 23
62 25
62 32
62 37
62 46
63 18
63 24
63 37
63 39
63 40
63 56
64 1
64 20
64 22
64 29
64 34
64 50
64 54
64 56
64 58
65 7
65 11
65 19
65 48
65 61
66 26
66 55
66 59
67 10
67 18
67 24
67 42
67 45
67 54
67 60
67 69
68 26
68 29
68 33
68 39
68 46
68 56
69 23
69 28
69 36
69 37
69 39
69 43
69 47
69 56
69 58
69 70
70 14
70 18
70 25
70 36
70 41
70 42
70 46
70 48
70 61
70 63
Loss 0 0 0 0 55 0 69 0 0 0 0 0 0 0 0 0 0 74 0 0 0 22 0 0 0 66 0 0 0 0 0 3 96 0 0 0 17 0 0 0 0 0 0 66 0 0 77 94 0 78 0 0 0 0 84 73 58 0 0 0 0 22 30 0 0 0 0 0 0 0 
