60 <--# of nodes, 316 edges
1 3
1 4
1 7
1 23
1 33
1 40
1 56
2 24
2 27
2 42
2 44
2 45
2 55
3 23
3 31
3 35
3 50
4 42
4 44
5 8
5 16
5 17
5 22
5 36
5 41
5 44
5 45
5 52
6 21
6 31
6 34
6 47
6 56
7 6
7 11
7 14
7 17
7 20
7 22
7 26
7 35
8 2
8 15
8 17
8 23
9 11
9 42
9 55
10 1
10 2
10 3
10 4
10 22
10 37
10 54
11 2
11 21
11 38
12 3
12 14
12 30
12 36
12 42
12 53
12 58
13 25
13 27
14 3
14 12
14 29
14 39
14 44
14 45
15 8
15 16
15 38
16 19
16 20
16 30
16 40
16 44
16 49
16 57
17 6
17 14
17 21
17 23
17 37
17 46
17 53
17 54
18 33
18 43
18 45
18 52
18 53
18 58
19 17
19 24
19 33
20 8
20 29
21 9
21 22
21 44
21 46
22 17
22 31
22 37
22 41
22 43
22 46
23 8
23 13
23 36
23 57
23 60
24 16
24 17
24 22
24 29
24 42
24 54
25 17
25 32
25 46
25 55
26 9
26 13
26 30
26 45
27 4
27 5
27 11
27 15
27 23
27 33
27 36
27 47
28 18
28 22
28 26
28 27
28 29
28 31
28 33
28 46
28 49
28 55
28 60
29 34
29 45
30 3
30 5
30 16
30 32
30 34
30 46
30 51
30 53
30 57
30 59
31 5
31 9
31 16
31 20
31 21
31 23
31 24
31 30
31 43
31 51
32 16
32 19
32 23
32 31
32 50
32 53
32 60
33 14
33 41
33 44
33 47
33 57
34 11
34 25
34 35
34 37
35 16
35 17
35 31
35 38
35 43
35 45
36 11
36 19
36 27
36 37
37 18
37 21
37 28
37 36
37 41
37 56
37 60
38 12
38 19
38 24
38 39
38 44
39 2
39 41
39 42
40 12
40 37
40 41
40 51
40 56
40 60
41 8
41 15
41 17
41 19
41 35
41 49
41 50
41 52
41 55
42 55
42 57
43 2
43 3
43 18
43 19
43 30
43 42
43 52
43 58
45 4
45 25
45 32
45 40
45 47
45 53
45 56
46 21
46 43
46 55
47 8
47 28
47 45
47 56
47 58
48 2
48 25
48 52
48 54
48 58
49 7
49 25
49 27
49 30
49 33
49 34
49 37
49 60
50 13
50 21
50 30
50 34
50 42
50 52
51 15
51 22
51 25
52 26
52 28
52 32
52 48
52 51
52 60
53 13
53 30
53 45
53 47
53 56
54 18
54 23
54 35
55 4
55 7
55 14
55 23
55 33
56 3
56 25
56 34
56 39
57 18
57 37
57 48
57 55
58 14
58 21
58 46
59 7
59 8
59 10
59 21
59 38
59 52
59 54
60 13
60 39
60 41
60 59
Loss 0 0 0 0 0 0 20 0 0 0 0 0 85 0 0 10 0 4 0 0 0 0 0 0 0 0 50 0 72 0 0 83 45 0 0 0 0 0 0 0 0 0 0 89 0 0 0 0 0 0 0 21 0 0 0 0 0 0 12 42 
