60 <--# of nodes, 350 edges
1 3
1 34
1 55
1 56
2 19
2 24
2 42
2 45
2 55
2 56
3 9
3 11
3 26
3 30
3 35
3 54
4 11
4 14
4 20
4 27
4 35
4 41
4 57
4 59
5 17
5 43
5 51
6 4
6 33
6 40
7 17
7 19
7 41
7 49
7 53
8 12
8 27
8 30
8 31
8 35
8 37
8 46
8 48
8 54
8 56
8 58
9 1
9 10
9 14
9 33
9 38
9 39
9 45
9 47
9 55
10 11
10 20
10 40
10 59
11 12
11 22
11 30
11 38
11 39
11 53
12 7
12 13
12 18
12 22
12 23
12 43
12 46
12 51
13 20
13 30
13 35
13 52
14 3
14 16
14 20
14 26
14 32
14 51
14 56
15 9
15 22
15 35
15 36
15 37
15 41
15 54
16 3
16 13
16 20
16 52
17 11
17 20
17 22
17 47
17 60
18 10
18 31
18 42
19 7
19 16
19 26
19 32
19 48
20 3
20 15
20 28
20 39
20 40
20 45
20 55
21 4
21 35
21 51
21 60
22 2
22 9
22 24
22 35
22 36
22 59
22 60
23 15
23 17
23 20
23 21
23 46
23 51
24 5
24 8
24 31
25 10
25 13
25 18
25 39
25 46
25 50
25 59
26 43
26 53
26 59
27 7
27 28
27 32
27 33
27 37
28 45
29 20
29 26
29 37
29 58
30 2
30 3
30 7
30 13
30 26
30 56
31 4
31 7
31 14
31 16
31 29
31 41
31 46
31 52
31 54
31 57
31 60
32 11
32 12
32 25
32 30
32 41
32 42
32 51
32 55
32 59
33 9
33 13
33 32
33 34
33 37
33 39
34 9
34 14
34 37
34 53
35 4
35 5
35 19
35 29
35 37
35 57
36 2
36 7
36 8
37 4
37 27
38 13
38 25
38 51
39 7
39 25
39 31
39 53
40 6
40 11
40 12
40 28
40 36
40 54
41 15
41 25
42 4
42 7
42 35
42 52
43 3
43 11
43 23
43 31
43 32
43 33
43 49
43 57
44 3
44 26
44 30
44 32
44 34
44 38
44 41
44 51
44 53
45 6
45 10
45 18
45 34
45 39
45 44
45 54
45 55
45 60
46 27
46 28
46 33
46 36
46 55
47 1
47 12
47 19
47 22
47 31
47 37
47 56
48 3
48 10
48 23
48 24
48 25
48 29
48 34
48 37
48 45
48 47
48 51
49 17
49 18
49 33
49 34
49 35
49 43
49 48
49 52
50 35
51 12
51 18
51 25
51 47
52 4
52 13
52 15
52 28
52 33
52 36
52 57
52 58
52 59
53 24
53 32
53 39
53 41
54 1
54 2
54 9
54 24
54 43
54 46
55 7
55 9
55 20
55 29
55 51
56 2
56 10
56 11
56 21
56 25
56 27
56 33
56 36
56 37
56 38
56 50
57 2
57 3
57 6
57 22
57 23
57 25
57 35
57 46
57 48
58 4
58 10
58 22
58 36
58 43
58 50
59 7
59 8
59 19
59 22
59 34
59 38
59 56
59 60
60 6
60 10
60 14
60 21
60 29
60 39
60 40
60 43
60 51
Loss 0 0 0 83 0 0 0 0 0 0 92 65 0 0 0 73 84 0 0 0 0 0 0 0 22 0 0 0 0 0 0 21 0 0 0 0 0 0 8 0 0 51 0 0 0 61 0 65 0 0 7 0 0 43 0 0 0 0 0 0 
