57 <--# of nodes, 322 edges
1 12
1 29
1 30
1 46
2 9
2 12
2 21
2 22
2 29
2 38
2 39
2 48
3 12
3 24
3 27
3 28
3 54
4 5
4 16
4 20
5 7
5 9
5 14
5 25
5 28
5 34
6 14
6 18
6 40
6 53
7 4
7 8
7 38
7 43
7 47
7 48
8 5
8 26
8 33
8 34
8 48
8 53
9 4
9 14
9 23
9 26
9 27
9 37
9 41
9 43
9 53
9 54
10 4
10 29
10 30
10 39
10 44
10 51
10 53
10 57
11 5
11 15
11 16
11 22
11 25
11 27
11 29
11 39
11 40
11 50
12 19
12 26
12 27
12 46
12 49
13 2
13 3
13 4
13 7
13 15
13 31
14 2
14 7
14 19
14 20
14 22
14 27
14 33
14 48
14 50
15 6
15 8
15 10
15 18
15 43
15 50
16 1
16 2
16 19
16 23
16 26
16 35
16 47
17 4
17 13
17 40
17 42
17 45
17 50
18 6
18 43
18 46
19 39
19 51
19 54
19 57
20 13
20 18
20 33
20 45
21 2
21 5
21 12
21 18
21 20
21 47
22 26
22 44
22 51
22 57
23 3
23 5
23 20
23 27
23 41
23 49
23 50
24 11
24 49
24 50
25 3
25 10
25 44
25 45
25 47
26 1
26 4
26 7
26 19
26 37
26 48
26 50
27 1
27 6
27 16
27 19
27 24
27 33
27 41
27 44
28 11
28 17
28 30
28 33
29 8
29 11
29 19
29 21
29 22
29 27
29 32
29 46
29 54
29 55
30 21
30 49
30 50
30 56
31 6
31 13
31 21
31 36
31 42
32 8
32 40
32 45
32 46
33 1
33 11
33 17
33 20
33 29
33 39
33 45
33 48
33 50
33 51
34 18
34 41
35 14
35 33
35 40
35 45
35 46
35 50
36 6
36 24
36 28
36 39
36 53
37 1
37 17
37 30
37 49
37 54
38 3
38 4
38 25
38 39
38 44
38 46
39 2
39 22
39 33
39 44
39 47
40 15
40 20
40 48
40 51
41 14
41 21
41 24
41 43
41 56
42 2
42 8
42 12
42 20
42 21
42 31
42 32
42 35
42 36
42 50
42 52
42 55
43 7
43 18
43 34
44 7
44 22
44 32
44 48
45 19
45 52
45 55
46 3
46 37
47 5
47 10
47 21
47 38
47 39
47 42
47 44
47 51
48 7
48 13
48 20
48 26
48 28
48 33
48 46
48 49
49 31
49 45
49 46
50 8
50 15
50 29
50 39
50 51
50 54
51 1
51 3
51 10
51 17
51 20
51 37
51 43
51 54
51 57
52 1
52 3
52 29
52 32
53 5
53 9
53 17
53 33
53 34
54 7
54 11
54 20
54 21
55 3
55 5
55 42
56 1
56 7
56 16
56 17
56 31
56 44
56 49
57 8
57 18
57 22
57 26
57 29
57 33
Loss 0 63 60 0 0 55 0 0 0 0 0 0 62 0 0 0 8 47 0 0 25 0 0 65 0 0 0 0 0 0 0 35 0 0 23 0 0 0 67 0 0 0 0 0 35 0 74 0 0 41 42 0 31 0 0 0 0 
