61 <--# of nodes, 411 edges
1 11
1 13
1 39
1 55
2 4
2 11
2 15
2 24
2 27
2 30
3 5
3 12
3 18
3 53
3 60
4 26
4 30
4 36
4 37
4 38
4 39
4 41
4 46
4 48
4 61
5 1
5 12
5 35
5 45
5 49
5 52
5 54
6 10
6 13
6 19
6 27
6 31
6 38
6 39
6 43
6 50
7 24
7 26
7 40
7 41
7 58
8 9
8 25
8 27
8 29
8 46
8 50
8 52
8 53
8 59
9 12
9 20
9 22
9 28
9 29
9 31
9 39
9 44
9 45
9 54
10 7
10 15
10 38
10 47
10 51
10 58
11 1
11 7
11 13
11 23
11 44
11 50
11 57
12 8
12 25
12 31
12 34
12 43
12 52
13 7
13 15
13 19
13 21
13 27
13 38
13 49
14 35
14 37
14 56
14 57
15 1
15 11
15 12
15 19
15 28
15 35
15 37
15 43
16 6
16 7
16 8
16 11
16 27
16 36
16 46
17 22
17 26
17 39
17 42
17 56
18 9
18 11
18 16
18 20
18 48
18 49
18 51
18 56
19 2
19 5
19 11
19 13
19 28
19 32
19 35
19 38
19 41
19 46
20 7
20 17
20 21
20 23
20 27
20 55
20 58
21 13
21 17
21 18
21 34
21 44
22 1
22 10
22 11
22 28
22 32
22 38
22 48
22 50
22 61
23 3
23 5
23 9
23 20
23 26
23 36
23 60
24 9
24 13
24 20
24 26
24 30
24 31
24 33
24 52
25 38
25 42
25 50
25 51
25 52
26 1
26 37
26 45
27 2
27 6
27 10
27 20
27 21
27 26
27 35
27 37
28 6
28 9
28 29
28 30
28 42
29 4
29 6
29 28
29 35
29 44
29 59
30 7
30 19
30 21
30 25
30 59
31 30
31 43
31 53
31 56
31 59
32 13
32 28
32 30
32 33
32 42
32 46
32 49
32 60
33 27
33 29
33 34
33 53
33 59
34 1
34 23
34 27
34 28
34 31
34 32
34 36
34 38
34 40
34 41
34 44
34 45
34 54
35 1
35 20
35 23
35 26
35 32
35 40
35 49
36 4
36 8
36 31
36 42
36 46
36 56
36 57
37 12
37 21
38 5
38 15
38 19
38 27
38 28
38 33
38 37
38 48
38 59
39 1
39 2
39 16
39 20
39 37
39 41
39 55
39 60
40 8
40 18
40 34
40 50
40 52
41 4
41 12
41 18
41 20
41 29
41 32
41 33
41 37
41 40
42 8
42 45
42 46
42 50
42 54
42 57
43 3
43 15
43 19
43 23
43 30
43 44
43 47
43 61
44 6
44 23
44 24
44 26
44 37
44 42
44 51
44 54
44 61
45 10
45 13
45 31
45 49
45 51
46 30
46 31
46 35
46 54
46 59
47 3
47 7
47 9
47 11
47 16
47 39
47 44
47 46
47 48
47 50
48 24
48 37
48 52
48 53
49 3
49 9
49 19
49 21
49 23
49 27
49 53
50 1
50 5
50 22
50 23
50 52
51 4
51 5
51 10
51 20
51 31
51 32
51 45
51 50
51 55
52 10
52 18
52 22
52 28
52 54
52 55
53 15
53 25
53 28
53 35
53 52
54 5
54 6
54 11
54 23
54 29
54 38
54 52
54 53
54 56
54 58
55 10
55 16
55 22
55 28
55 42
55 46
55 57
56 7
56 17
56 41
56 50
56 57
57 18
57 20
57 22
57 31
57 36
58 8
58 13
58 27
58 29
58 32
58 33
58 42
58 59
59 1
59 23
59 39
59 50
59 51
59 52
60 1
60 25
60 28
60 37
60 39
60 42
60 53
61 11
61 14
61 19
61 30
61 33
Loss 0 0 0 0 18 55 0 0 0 0 0 0 0 0 0 0 0 0 0 0 0 0 86 72 0 0 0 0 82 0 0 0 0 0 0 0 0 93 0 0 0 0 0 94 0 28 0 0 0 0 0 46 0 0 0 0 0 0 0 0 0 
