67 <--# of nodes, 414 edges
1 23
1 29
1 36
1 39
1 40
1 46
1 50
1 52
1 55
2 9
2 17
2 24
2 31
2 37
2 48
2 53
2 55
2 62
2 65
3 13
3 19
3 28
3 52
3 63
4 2
4 14
4 25
4 45
4 51
4 57
4 62
5 25
5 31
5 33
5 39
5 42
5 46
5 52
5 63
6 9
6 16
6 26
7 6
7 37
7 44
8 12
8 13
8 20
8 23
8 55
8 58
9 6
9 7
9 11
9 22
9 31
9 45
9 46
9 53
9 55
9 56
9 60
9 65
9 67
10 4
10 12
10 19
10 28
10 30
10 39
10 66
11 6
11 10
11 30
11 35
11 43
11 46
11 47
12 11
12 22
12 41
12 57
13 3
13 20
13 24
13 27
13 29
13 33
13 40
13 50
13 59
13 63
13 67
14 13
14 29
14 35
14 46
14 49
15 3
15 18
15 29
15 37
15 59
15 67
16 2
16 8
16 18
16 48
16 53
16 54
16 64
16 67
17 12
17 42
17 59
18 4
18 9
18 19
18 26
18 34
18 37
19 8
19 10
19 17
19 47
19 65
20 3
20 4
20 18
20 33
20 39
20 51
20 61
20 63
21 14
21 23
21 35
21 36
21 39
21 52
22 3
22 21
22 33
22 52
22 62
23 24
23 36
23 42
23 59
24 4
24 10
24 19
24 35
25 4
25 6
25 7
25 20
25 30
25 31
25 33
25 61
26 24
26 40
26 50
26 53
26 59
26 64
26 65
27 6
27 26
27 31
27 44
27 45
27 63
28 1
28 3
28 7
28 14
28 21
28 49
28 58
29 5
29 7
29 54
30 1
30 12
30 19
30 31
30 59
30 62
30 63
31 35
31 46
31 54
32 11
32 17
32 26
32 28
32 40
32 48
32 57
32 65
33 12
33 24
33 30
33 58
34 6
34 19
34 42
34 43
34 45
34 48
35 21
35 25
35 29
35 32
35 38
35 45
35 52
35 64
35 65
36 1
36 26
36 31
36 41
36 48
36 53
37 32
37 45
37 54
37 62
38 24
38 25
38 30
38 54
38 63
38 64
38 65
39 20
39 28
39 35
39 41
39 50
40 3
40 4
40 24
40 27
40 48
40 54
40 59
40 65
41 6
41 22
41 29
41 46
41 51
41 59
42 2
42 9
42 12
42 29
42 44
42 53
43 4
43 25
43 32
43 34
43 42
43 44
43 51
43 65
44 6
44 11
44 27
44 30
44 41
44 43
45 1
45 16
45 32
45 60
46 3
46 4
46 12
46 31
46 43
46 47
46 53
46 65
47 15
47 19
47 22
47 28
47 64
47 66
48 21
48 23
49 27
49 53
49 57
50 12
50 28
50 29
50 33
50 35
50 39
50 43
50 44
50 46
50 48
50 60
50 62
50 65
50 66
51 12
51 15
51 17
51 24
51 32
51 43
51 44
51 49
52 36
52 42
52 50
52 59
52 67
53 4
53 5
53 28
53 34
53 45
53 58
54 4
54 9
54 28
55 1
55 2
55 10
55 19
55 36
55 45
55 59
55 64
56 3
56 6
56 24
56 37
56 41
56 46
56 53
57 12
57 13
57 14
57 16
57 31
57 42
57 44
57 46
57 58
58 3
58 10
58 40
59 1
59 10
59 35
59 36
59 48
59 63
60 1
60 5
60 6
60 45
60 61
61 1
61 7
61 8
61 16
61 29
61 39
61 41
61 50
61 56
61 60
62 9
62 17
62 32
62 52
62 58
62 67
63 12
63 29
63 50
64 9
64 15
64 23
64 36
64 37
64 42
64 53
65 15
65 20
65 29
65 67
66 29
66 39
66 53
66 54
66 58
67 6
67 23
67 27
67 43
67 60
Loss 0 0 0 0 81 61 0 0 10 0 0 0 0 56 0 0 0 0 0 94 0 46 0 0 0 0 0 0 0 0 0 0 0 97 0 9 0 0 42 0 69 0 0 0 62 0 79 10 59 0 0 73 0 0 0 0 0 0 0 0 0 0 0 45 0 0 0 
