63 <--# of nodes, 356 edges
1 13
1 14
1 33
1 38
2 1
2 4
2 8
2 17
2 27
2 44
2 62
3 31
3 46
3 59
4 1
4 6
4 8
4 13
4 24
4 52
5 16
5 19
5 23
5 28
5 41
6 31
7 19
7 40
7 43
7 45
7 49
7 51
7 57
8 6
8 18
8 36
8 55
9 2
9 8
9 13
9 23
9 26
9 29
9 47
9 59
9 62
10 30
10 34
10 44
10 47
10 52
10 55
11 15
11 31
11 33
11 35
11 38
11 40
11 58
11 62
12 9
12 28
13 11
13 57
13 61
14 1
14 8
14 9
14 16
14 26
14 37
15 3
15 7
15 47
15 55
15 63
16 5
16 26
16 46
17 1
17 23
17 47
17 54
17 55
17 58
18 10
18 20
18 27
18 34
18 52
18 59
18 62
19 1
19 9
19 13
19 22
19 26
19 41
19 59
19 63
20 18
20 25
20 48
20 54
20 61
20 63
21 15
21 19
21 27
21 30
21 33
21 52
21 56
21 58
21 60
22 18
22 37
23 5
23 17
23 37
23 38
23 57
24 5
24 17
24 20
24 29
24 30
24 42
24 56
24 60
25 2
25 3
25 10
25 22
25 37
25 53
25 57
25 63
26 7
26 16
26 17
26 18
26 20
26 25
26 29
26 31
26 50
26 58
27 11
27 12
27 25
27 37
27 45
27 62
28 10
28 20
28 24
28 33
28 53
29 3
29 5
29 6
29 56
30 3
30 10
30 15
30 34
30 44
30 51
30 63
31 4
31 20
31 29
31 51
32 15
32 16
32 29
32 33
32 46
32 59
33 18
33 35
33 37
33 41
34 17
34 22
34 33
34 38
34 41
35 5
35 13
35 17
35 32
35 38
35 39
35 41
35 45
35 46
35 52
35 63
36 4
36 8
36 11
36 15
36 17
36 37
36 43
36 45
36 56
37 29
37 30
37 33
37 36
37 42
37 57
38 13
38 22
38 25
38 36
39 10
39 19
39 20
39 25
39 31
39 45
39 54
39 56
40 4
40 5
40 22
40 24
40 29
40 31
40 36
40 43
40 49
41 19
41 24
41 52
41 56
42 22
42 23
42 52
42 54
43 15
43 31
43 49
44 6
44 13
44 15
44 19
44 54
45 26
45 31
45 32
45 43
45 53
45 60
46 2
46 21
46 47
46 53
47 10
47 28
47 41
47 44
47 45
48 19
48 31
48 54
48 59
49 28
49 29
49 39
49 55
50 1
50 6
50 12
50 41
50 51
50 61
51 9
51 14
51 22
51 50
52 18
52 22
52 28
52 30
52 56
53 27
53 31
53 44
53 46
53 55
54 8
54 32
54 45
54 50
54 52
54 63
55 1
55 8
55 10
55 12
55 37
55 44
55 46
55 47
55 51
55 52
55 57
56 11
56 23
56 24
56 53
56 58
56 63
57 24
57 25
57 28
57 32
57 54
57 56
58 17
58 45
58 47
58 52
58 61
59 14
59 40
59 56
60 8
60 9
60 27
60 31
60 35
61 41
61 50
62 2
62 4
62 15
62 17
62 21
62 29
62 35
62 42
63 3
63 11
63 20
63 23
63 24
63 31
63 36
63 43
63 46
Loss 0 0 0 0 52 0 0 13 0 0 0 0 90 0 0 0 0 0 97 0 0 0 0 0 0 0 0 0 0 0 0 0 0 0 0 0 0 0 88 0 0 0 0 0 0 0 0 0 0 0 0 0 84 84 0 0 0 0 0 15 92 46 0 
