55 <--# of nodes, 275 edges
1 8
1 12
1 20
1 39
2 11
2 16
2 37
2 55
3 10
3 15
3 20
3 43
3 49
3 50
3 55
4 20
4 24
4 42
4 54
5 4
5 7
5 25
5 34
5 40
6 12
6 15
6 55
7 8
7 40
8 11
8 12
8 48
8 53
9 13
9 20
9 34
9 53
10 3
10 15
10 20
10 22
10 27
10 42
11 24
11 35
11 43
11 44
12 9
12 18
12 50
13 47
14 15
14 25
14 35
14 44
15 6
15 14
15 17
15 18
15 47
16 1
16 10
16 11
16 27
16 47
16 50
17 28
17 33
17 37
17 42
17 48
17 53
17 54
18 1
18 9
18 25
18 26
18 55
19 1
19 11
19 13
19 24
19 32
19 37
19 45
20 13
20 15
20 34
20 53
20 54
21 18
21 26
21 44
21 53
22 13
22 48
22 49
23 5
23 19
23 29
23 35
23 40
23 41
23 43
24 11
24 17
24 27
24 30
24 51
25 14
25 15
25 17
25 22
25 26
25 36
25 42
25 44
25 45
25 51
25 54
26 27
26 30
27 4
27 35
27 40
27 44
27 49
27 54
27 55
28 7
28 10
28 11
28 14
28 47
28 48
28 49
28 52
29 9
29 10
29 17
30 16
30 25
30 43
30 50
31 5
31 34
31 42
32 13
32 39
32 48
32 50
33 3
33 4
33 5
33 20
33 30
33 35
33 38
33 39
33 43
34 1
34 13
34 14
34 21
34 31
34 43
35 7
35 19
35 21
35 27
35 29
35 51
36 12
36 18
36 50
36 55
37 2
37 3
37 12
37 28
37 32
38 2
38 3
38 6
38 16
38 19
38 32
38 35
38 43
39 2
39 3
39 10
39 13
39 24
39 32
39 41
39 45
40 5
40 18
40 29
41 13
41 30
41 31
41 48
42 18
42 27
42 28
42 36
42 52
43 1
43 20
43 25
43 26
43 35
43 53
44 13
44 17
44 21
44 26
44 33
44 54
45 2
45 37
45 46
45 50
45 55
46 7
46 36
46 45
46 53
47 2
47 4
47 10
47 12
47 31
47 36
47 42
47 48
48 19
48 46
49 2
49 19
49 20
49 28
49 48
50 19
50 25
50 28
50 29
50 33
50 37
50 48
50 55
51 16
51 32
52 24
52 33
52 46
53 12
53 13
53 17
53 21
53 25
53 47
53 52
54 3
54 10
54 11
54 15
54 38
54 42
54 44
54 50
55 43
55 46
Loss 0 2 0 0 48 48 42 0 0 0 0 0 0 0 0 0 0 0 0 0 80 0 0 0 0 0 0 0 0 0 0 80 57 0 0 0 0 0 0 0 0 0 0 0 0 0 0 0 0 43 84 0 0 0 0 
