47 <--# of nodes, 225 edges
1 3
1 14
1 18
1 26
1 35
1 46
2 3
2 7
2 14
2 40
4 2
4 25
4 41
5 24
5 41
5 42
6 10
6 39
7 10
7 12
7 23
7 25
7 27
8 4
8 7
8 25
8 27
8 36
8 45
8 46
9 8
9 12
9 38
9 39
9 40
9 41
9 44
9 46
10 39
10 40
10 41
11 2
11 16
11 20
11 22
11 25
11 27
11 42
12 6
12 11
12 16
12 29
12 41
12 42
13 17
13 19
13 28
13 39
14 3
14 5
14 7
14 10
14 18
14 31
15 2
15 6
15 22
15 23
15 39
15 41
15 43
16 15
16 28
16 35
16 36
17 5
17 11
17 21
17 30
17 34
17 37
17 39
18 4
18 6
18 30
19 1
19 3
19 21
19 33
20 3
20 16
20 17
20 33
20 35
21 7
21 29
21 32
21 37
21 40
21 47
22 30
22 40
23 6
23 9
23 20
23 35
23 47
24 8
24 29
24 38
26 1
26 9
26 11
26 12
26 22
26 27
26 28
26 31
26 38
26 43
26 46
27 1
27 37
28 17
28 22
28 24
28 29
28 30
28 36
28 41
28 47
29 11
29 34
29 45
29 47
30 7
30 16
30 28
31 2
31 5
31 6
31 17
31 22
31 24
31 41
31 44
32 1
32 7
32 24
32 28
32 31
32 44
33 8
33 19
33 29
33 35
33 44
34 6
34 16
34 24
34 27
34 33
35 31
35 40
36 1
36 11
36 32
37 13
37 29
37 32
37 45
38 21
38 28
38 41
39 8
39 12
39 26
39 41
40 1
40 10
40 11
40 25
40 27
40 32
41 1
41 3
41 14
41 39
41 46
42 5
42 9
42 13
42 21
42 22
42 34
43 8
43 30
44 2
44 10
44 11
44 13
44 33
44 43
45 10
45 14
45 15
45 27
45 30
45 32
46 10
46 19
46 22
46 26
46 30
47 11
47 21
47 22
47 23
47 25
47 28
47 30
47 34
47 38
47 39
47 42
Loss 0 0 0 0 0 0 0 0 78 52 0 0 0 0 0 0 0 19 0 0 0 0 0 0 15 0 0 0 0 0 0 0 0 22 0 0 78 0 0 91 0 0 0 0 67 0 0 
