49 <--# of nodes, 257 edges
1 7
1 37
1 41
1 46
2 4
2 7
2 9
2 28
2 45
3 36
3 44
3 45
4 3
4 15
4 23
5 9
5 10
5 11
5 17
5 31
5 37
5 42
6 13
6 17
6 24
6 25
6 32
6 41
6 44
7 30
7 45
7 47
8 23
8 31
8 33
8 41
8 42
8 48
9 1
9 4
9 11
9 16
9 20
9 24
9 34
9 39
9 48
10 2
10 14
10 25
10 31
10 36
10 44
11 9
11 21
11 23
11 29
11 40
12 1
12 4
12 22
12 32
12 45
13 8
13 18
13 19
13 31
13 49
14 6
14 8
14 13
14 26
14 30
14 31
14 44
15 40
16 6
16 8
16 9
16 24
16 41
16 42
16 47
17 4
17 12
17 19
17 32
18 3
18 11
18 13
18 29
18 32
18 33
19 1
19 3
19 4
19 7
19 22
19 39
19 48
20 9
20 19
20 39
20 40
21 12
21 29
21 31
21 36
21 41
21 43
21 48
22 4
22 12
22 15
22 21
22 24
22 48
23 24
23 28
23 33
23 48
24 17
24 22
24 25
24 29
24 37
24 39
24 47
25 13
25 29
25 36
25 42
26 8
26 11
26 21
26 27
26 31
26 42
26 46
27 11
27 18
27 41
27 44
28 20
28 25
28 29
28 41
28 45
28 47
29 2
29 4
29 21
29 30
29 35
29 37
29 38
31 7
31 9
31 26
31 36
32 8
32 36
32 38
32 43
32 45
33 1
33 12
33 17
33 22
33 24
33 36
33 44
33 48
34 21
34 28
34 38
34 39
34 42
34 44
34 47
35 7
35 33
35 47
36 29
36 30
36 39
37 4
37 14
37 16
37 30
37 33
38 10
38 13
38 20
38 39
38 46
39 6
39 47
40 11
40 18
40 25
40 30
40 35
40 41
40 49
41 9
41 14
41 26
41 31
41 37
42 7
42 17
42 22
42 23
42 27
42 30
42 31
42 36
42 41
42 46
42 47
43 10
43 44
43 47
44 5
44 12
44 21
44 23
44 37
45 12
45 22
45 26
46 6
46 20
46 27
46 29
46 31
46 32
46 47
47 1
47 2
47 4
47 6
47 33
48 1
48 6
48 10
48 12
48 17
48 23
48 24
48 29
49 9
49 13
49 21
49 39
49 42
Loss 0 0 0 0 0 0 0 0 0 0 0 0 0 0 43 0 0 0 0 0 0 0 0 0 0 0 69 0 0 0 0 0 0 0 0 0 63 0 0 0 0 0 0 0 0 0 0 0 0 
