48 <--# of nodes, 227 edges
1 13
1 24
1 33
1 36
1 39
1 40
2 8
2 26
2 30
3 25
3 30
4 5
4 8
4 31
4 38
4 46
5 19
5 41
6 4
6 15
6 20
6 37
6 48
7 10
7 11
7 21
7 34
7 42
7 47
8 11
8 15
8 21
9 11
9 25
9 32
10 8
10 9
10 28
10 42
11 4
11 14
11 19
11 23
11 24
11 25
11 35
11 40
11 41
11 44
12 23
12 40
12 41
12 48
13 4
13 15
13 20
13 21
13 24
14 9
14 15
14 16
14 43
14 47
15 6
15 11
15 14
15 19
15 20
15 23
15 46
16 7
16 9
16 10
16 17
16 22
16 44
16 48
17 18
17 30
17 35
18 8
18 15
18 33
18 39
18 40
18 41
18 42
19 18
19 33
19 39
19 41
20 12
20 28
20 32
20 34
20 35
20 44
21 3
21 4
21 5
22 17
22 28
23 15
23 24
23 36
24 14
24 18
24 32
24 40
25 4
25 8
25 9
25 43
25 47
26 4
26 8
26 29
26 35
26 45
27 8
27 24
27 32
28 2
28 6
28 7
28 35
28 38
29 4
29 5
29 46
30 14
30 26
30 37
31 8
31 14
31 19
31 23
32 22
32 23
32 37
33 11
33 17
33 28
33 40
33 45
34 1
34 9
34 14
34 16
34 37
34 38
35 16
35 45
36 1
36 3
36 4
36 16
36 25
36 31
36 40
36 44
36 45
37 11
37 12
37 18
37 20
37 32
37 38
37 40
37 45
38 8
38 20
38 27
38 33
38 35
38 47
38 48
39 24
39 27
39 35
39 43
40 5
40 24
40 41
40 44
41 1
41 16
41 18
41 21
41 22
41 25
41 36
41 47
42 1
42 26
42 35
42 38
42 47
43 7
43 11
43 12
43 45
43 48
44 7
44 11
44 17
44 26
44 29
44 30
44 38
45 2
45 15
45 23
45 47
46 15
46 16
46 38
46 41
47 14
47 23
47 24
47 39
47 46
48 12
48 27
48 42
48 46
Loss 0 63 0 0 0 0 0 0 0 0 0 0 0 0 1 0 0 0 0 0 0 0 0 0 3 0 0 0 0 0 0 73 0 0 0 0 0 0 85 22 0 0 0 0 0 0 52 0 
