31 <--# of nodes, 72 edges
1 22
1 27
2 11
2 30
3 18
3 30
4 14
4 25
5 13
6 9
6 18
6 20
6 21
7 24
7 28
8 3
8 4
8 17
8 20
8 29
9 21
10 14
10 16
10 24
10 31
11 18
11 19
11 23
11 24
12 25
12 31
13 12
13 17
13 23
14 23
15 2
15 14
15 16
15 17
15 22
16 2
16 11
16 20
17 1
17 27
18 2
19 8
19 21
20 2
20 5
20 8
20 11
20 15
22 7
23 6
24 2
24 8
24 10
24 11
24 22
24 26
25 4
25 15
25 24
26 8
27 2
29 2
29 12
29 24
30 12
30 15
31 4
Loss 0 0 0 0 55 0 0 0 0 0 0 87 35 0 69 0 0 0 0 33 0 0 0 0 0 0 0 0 63 28 0 
