47 <--# of nodes, 216 edges
1 11
1 30
1 35
1 41
1 42
2 3
2 13
2 21
2 22
2 29
3 10
3 20
3 41
3 44
3 46
4 1
4 7
4 14
4 19
4 22
4 44
4 45
5 21
5 46
6 10
6 34
6 46
7 17
8 1
8 11
8 20
8 22
8 23
8 26
8 35
8 41
8 44
9 25
9 36
9 37
10 1
10 3
10 9
10 11
10 23
10 28
10 39
10 43
10 46
11 3
11 8
12 16
12 20
12 28
12 33
12 47
13 3
13 6
13 9
13 20
13 30
13 38
13 40
14 3
14 22
14 28
14 37
14 41
15 2
15 10
15 18
15 38
15 44
16 6
16 8
16 36
17 5
17 20
17 21
17 24
17 25
17 28
17 43
18 6
18 14
18 15
18 16
18 25
18 33
18 46
19 25
19 26
19 28
19 35
19 37
19 41
20 16
20 30
20 39
21 7
21 19
21 27
21 32
21 45
22 6
22 12
22 13
22 16
22 31
22 45
23 1
23 13
23 32
23 33
23 35
23 39
24 17
24 31
24 32
24 41
25 9
25 20
25 24
26 22
26 38
27 5
27 11
27 13
27 20
27 21
27 22
27 43
28 12
28 37
29 11
29 45
30 8
30 11
30 12
30 18
30 26
30 36
30 45
31 6
31 7
31 11
31 19
31 34
31 43
31 44
31 46
32 17
32 21
32 44
33 6
33 7
33 10
33 15
33 32
33 39
33 46
34 5
34 14
34 19
34 32
34 37
34 42
35 40
36 6
36 8
36 30
36 39
36 42
36 44
37 25
37 33
37 35
38 4
38 12
38 13
38 29
39 21
39 22
39 35
39 36
39 38
40 10
40 29
40 32
40 37
40 38
40 41
41 4
41 30
41 38
41 42
42 16
42 35
43 2
43 8
43 32
43 34
44 4
44 9
44 11
44 26
44 27
44 46
45 10
45 18
45 26
45 40
46 12
46 13
47 2
47 44
Loss 0 31 84 0 32 0 0 0 0 0 0 96 46 26 0 0 0 0 90 71 0 0 85 0 0 77 0 0 0 0 0 0 0 0 0 91 0 75 0 0 73 0 77 0 0 0 83 
