48 <--# of nodes, 240 edges
1 2
1 7
1 33
1 36
2 8
2 25
2 26
2 48
3 4
3 24
3 39
4 21
4 23
4 28
4 48
5 4
5 14
5 16
5 22
5 46
6 7
6 14
6 28
6 36
6 40
6 43
6 45
7 2
7 4
7 8
7 20
7 29
7 43
7 46
8 5
8 15
8 19
8 24
8 31
8 33
9 16
9 25
9 26
9 38
10 1
10 14
10 35
10 41
10 48
11 2
11 5
11 6
12 2
12 11
12 34
12 37
12 44
12 48
13 6
13 11
14 1
14 24
14 46
15 4
15 11
15 13
15 45
15 48
16 4
16 12
16 15
16 21
16 23
16 40
16 42
17 7
17 9
17 12
17 34
17 48
18 13
18 25
18 35
18 46
19 14
19 20
19 30
19 33
20 17
20 30
20 31
20 35
20 37
20 46
21 8
21 11
21 22
21 35
22 6
22 17
22 24
22 30
22 37
23 13
23 17
23 28
23 35
23 39
23 40
24 2
24 5
24 28
25 8
25 13
25 34
25 41
25 47
26 4
26 20
26 41
27 1
27 12
27 13
27 30
27 33
27 37
27 48
28 8
28 14
28 16
28 22
28 27
28 45
29 1
29 12
29 13
29 16
29 25
29 26
29 27
29 35
29 40
30 9
30 20
30 21
30 31
30 47
31 1
31 7
31 40
31 47
32 17
32 28
32 46
33 12
33 21
33 41
33 46
34 1
34 23
34 45
35 20
35 33
36 4
36 8
36 17
36 19
36 23
36 31
37 20
37 24
37 27
37 36
38 10
38 12
38 25
38 27
38 33
38 40
38 44
38 45
39 11
39 14
39 22
40 2
40 3
40 9
40 10
40 24
40 27
40 33
40 36
41 3
41 13
41 25
41 26
42 9
42 17
42 27
42 37
42 45
42 46
43 5
43 20
43 41
43 47
44 7
44 23
44 24
44 27
44 37
44 39
44 40
44 42
44 47
45 10
45 14
45 23
45 24
45 26
45 33
46 4
46 5
46 9
46 12
46 23
46 32
46 34
46 43
46 48
47 10
47 17
47 19
47 22
47 40
48 3
48 6
48 11
48 38
48 43
Loss 0 0 0 41 0 0 0 67 0 0 68 99 0 0 0 21 0 0 0 0 0 0 27 0 0 0 0 0 0 0 22 0 71 97 78 0 0 97 0 6 0 0 0 0 0 64 0 0 
