55 <--# of nodes, 297 edges
1 6
1 13
1 27
1 31
2 11
2 14
2 15
2 28
2 53
2 55
3 12
3 21
3 39
3 52
4 6
4 15
4 23
4 34
4 39
4 46
4 55
5 21
5 36
5 47
6 8
6 30
7 28
7 39
7 44
7 46
7 49
8 1
8 16
8 18
8 30
8 35
8 37
8 48
8 50
9 45
9 47
9 54
9 55
10 5
10 15
10 19
10 22
10 53
11 3
11 20
11 22
11 41
12 8
12 28
12 46
13 9
13 10
13 24
13 25
13 41
13 45
13 48
13 55
14 15
14 21
14 31
14 39
15 4
15 23
15 32
15 34
15 35
15 41
16 14
16 27
16 42
17 6
17 23
17 40
17 44
17 49
18 1
18 2
18 32
19 10
19 14
19 25
19 51
19 53
20 29
20 36
20 44
21 5
21 8
21 18
21 22
21 24
21 30
21 41
21 46
21 50
21 53
22 1
22 11
22 16
22 20
22 21
22 32
22 35
22 37
22 55
23 6
23 10
23 13
23 19
23 26
23 29
23 35
23 47
24 3
24 12
24 15
24 27
24 37
24 53
24 55
25 1
25 17
25 22
25 24
25 32
25 37
25 44
26 9
26 19
26 27
27 14
27 20
27 22
27 24
27 35
27 36
27 40
27 43
27 54
28 8
28 24
28 32
28 36
28 45
28 50
29 1
29 41
29 48
29 51
29 53
30 16
30 18
30 31
30 35
30 41
31 3
31 13
31 40
31 53
32 9
32 10
32 12
32 27
32 28
32 29
32 33
33 5
33 15
33 18
33 47
33 49
33 54
34 9
34 17
34 28
34 42
35 2
35 5
35 16
35 25
35 26
35 27
35 31
35 45
35 46
36 1
36 4
36 8
36 25
37 29
37 33
37 49
37 53
38 8
38 15
38 25
38 29
38 37
39 4
39 18
39 36
39 42
39 44
39 50
39 51
39 52
40 1
40 2
40 7
40 14
40 20
41 1
41 3
41 4
41 22
41 32
41 34
41 46
42 2
42 5
42 8
42 17
42 32
42 34
42 38
42 39
42 46
42 52
43 24
43 37
43 38
43 54
44 29
44 32
44 39
44 51
45 8
45 52
46 22
46 23
46 25
46 43
46 55
47 2
47 5
47 7
47 27
47 41
47 46
48 24
48 40
48 53
49 5
49 9
49 10
49 11
49 22
49 23
49 30
49 41
49 50
49 55
50 9
50 20
50 30
51 1
51 20
51 43
52 7
52 18
52 23
52 31
52 34
52 43
52 46
53 7
53 28
53 31
53 50
53 54
54 2
54 16
54 19
54 20
55 2
55 12
55 25
55 38
55 43
55 46
55 51
Loss 0 0 0 86 0 0 0 0 0 0 0 62 0 0 0 0 49 0 0 94 84 0 0 0 0 0 0 0 0 0 40 0 0 83 30 0 0 0 49 0 0 65 0 0 0 0 94 76 0 54 0 0 0 0 0 
