44 <--# of nodes, 195 edges
1 8
1 15
1 19
1 26
1 31
2 9
2 30
2 36
2 37
3 2
3 14
3 24
3 29
3 36
3 38
4 8
4 16
4 31
4 43
5 14
5 22
5 29
5 38
5 39
6 7
6 19
6 23
6 24
7 2
7 5
8 19
8 33
9 4
9 18
9 20
9 25
10 8
10 21
10 40
11 23
12 33
13 5
13 11
13 16
13 35
13 38
13 43
14 13
14 15
14 18
14 21
14 25
14 28
14 31
15 7
15 13
15 21
15 27
15 31
15 42
16 6
16 8
17 2
17 7
17 35
17 41
18 1
18 7
18 9
18 27
18 36
18 37
19 8
19 12
19 18
19 40
20 6
20 11
20 18
20 19
20 23
20 31
20 35
21 5
21 33
22 34
22 40
22 42
23 19
23 20
23 21
23 24
23 29
23 30
23 37
23 40
24 1
24 9
24 17
25 17
25 18
25 26
25 29
25 36
25 41
26 3
26 15
26 19
26 30
26 31
26 41
27 1
27 9
27 22
27 28
28 9
28 29
28 43
29 1
29 4
29 14
29 16
29 25
30 4
30 8
30 22
30 24
30 41
31 2
31 21
31 28
31 38
31 39
32 1
32 5
32 9
32 12
32 28
32 33
32 34
33 18
33 20
33 32
33 35
33 36
33 41
34 6
34 12
34 14
34 25
34 35
34 36
35 3
35 12
35 14
35 16
35 17
36 22
36 26
36 27
36 32
36 37
37 5
37 9
37 25
37 28
38 3
38 12
38 25
38 27
39 15
39 21
39 29
39 40
39 41
40 8
40 10
40 12
40 13
40 23
41 7
41 26
41 32
41 38
41 39
42 16
42 26
42 39
43 6
43 8
43 15
43 31
44 4
44 11
44 35
Loss 0 0 0 0 86 64 85 56 0 70 0 29 0 0 0 0 0 0 0 0 0 0 0 0 0 0 0 0 0 75 87 0 0 32 0 0 0 0 0 43 0 73 0 38 
