37 <--# of nodes, 121 edges
2 15
2 20
2 21
2 30
3 32
3 35
5 2
5 9
5 20
5 21
5 31
6 37
7 19
7 32
7 34
8 14
8 35
9 5
9 11
9 16
9 22
9 36
10 22
10 36
11 1
11 8
11 16
11 17
12 3
12 7
12 11
12 15
12 19
13 5
13 24
14 6
14 11
14 31
15 2
15 8
15 16
15 18
15 26
15 33
16 27
16 34
16 35
17 8
17 15
17 16
17 30
17 33
18 12
18 16
18 17
18 24
18 29
18 34
19 2
19 29
19 33
19 35
20 14
20 26
20 35
20 37
21 11
21 12
21 25
21 26
22 10
22 25
22 29
22 30
23 2
23 10
23 26
24 6
25 1
25 2
25 5
25 8
25 17
26 14
26 15
26 17
26 31
27 2
27 10
27 14
27 32
28 8
28 14
28 16
28 21
28 22
28 24
28 33
29 4
29 5
29 25
30 6
30 9
30 32
31 28
31 36
32 5
33 32
34 16
34 35
35 14
35 17
35 20
35 31
36 1
36 6
36 11
36 17
36 33
37 17
37 18
Loss 0 0 0 54 24 0 0 0 0 22 0 0 0 0 0 87 0 0 0 0 0 0 0 0 0 0 38 0 62 57 92 0 0 0 73 0 59 
