52 <--# of nodes, 271 edges
1 6
1 11
1 12
1 14
1 35
1 43
2 3
2 34
2 51
3 6
3 8
3 24
3 30
3 34
3 44
4 18
4 19
4 29
4 42
4 44
4 45
5 1
5 6
5 12
5 18
5 33
5 34
6 14
6 35
7 3
7 10
7 37
7 48
8 19
8 29
8 33
8 36
8 41
9 4
9 48
9 52
10 2
10 6
10 12
10 27
10 29
10 41
10 48
11 6
11 7
11 14
11 18
11 24
11 30
11 45
11 50
12 9
12 14
12 18
12 19
12 24
12 25
12 28
12 31
13 8
13 23
13 27
14 8
14 15
14 36
14 46
15 14
15 37
16 18
16 22
16 32
16 38
16 42
17 1
18 13
18 14
18 15
18 30
18 34
19 4
19 12
19 18
19 21
19 30
19 37
19 43
20 1
20 8
20 16
20 21
20 27
20 40
20 46
21 16
21 22
21 23
21 30
21 36
21 39
21 46
22 13
22 15
22 33
22 34
22 37
22 40
23 5
23 8
23 27
23 30
23 34
23 51
24 12
24 26
24 30
24 34
24 36
24 48
24 51
25 16
25 17
25 49
26 20
26 22
26 42
26 45
26 49
27 1
27 3
27 6
27 8
27 18
27 22
27 28
27 40
28 8
28 24
28 34
28 44
29 8
29 14
29 21
29 36
29 41
30 9
30 29
30 37
30 51
31 4
31 12
31 13
31 14
32 13
32 28
32 46
32 48
32 52
33 2
33 3
33 10
33 18
33 35
33 41
33 47
34 7
34 26
34 28
34 39
34 51
35 4
35 12
35 14
35 24
35 29
35 34
35 43
35 46
36 7
36 28
36 39
36 40
36 49
37 4
37 10
37 13
37 20
37 24
37 26
37 32
37 45
37 52
38 4
38 12
38 13
38 30
38 37
39 9
39 11
39 23
39 29
39 40
40 3
40 18
40 21
40 39
41 19
41 31
41 38
42 27
42 28
42 29
42 40
42 50
43 4
43 8
43 32
43 38
44 7
44 17
44 24
44 29
44 31
44 37
44 39
45 21
45 30
45 33
45 37
46 8
46 14
46 51
47 3
47 13
47 22
47 29
47 40
47 49
47 51
48 2
48 9
48 10
48 12
48 13
48 36
48 38
49 22
49 27
49 34
49 46
50 7
50 20
50 31
50 45
50 49
51 11
51 12
51 14
51 20
51 24
51 28
51 34
52 2
52 8
52 14
52 20
52 40
Loss 0 0 0 70 0 0 0 0 0 0 53 0 0 0 0 80 0 74 0 0 0 0 0 0 0 0 43 0 9 9 13 0 0 0 67 0 0 13 0 0 0 0 0 0 0 0 3 0 0 0 0 0 
