47 <--# of nodes, 232 edges
1 7
1 35
1 43
2 5
2 17
2 26
2 42
2 47
3 5
3 6
3 10
3 15
3 18
4 21
4 31
4 37
5 22
5 36
5 43
6 16
6 21
6 22
6 34
6 36
7 16
7 32
7 37
7 43
8 9
8 11
8 17
8 23
9 18
9 23
9 26
9 42
10 7
10 14
10 17
10 27
10 38
10 42
10 47
11 2
11 4
11 16
12 1
12 4
12 10
12 13
12 23
12 39
13 5
13 6
13 7
13 14
13 19
13 37
13 38
13 39
13 42
13 47
14 6
14 10
14 25
14 29
14 34
15 4
15 22
15 30
15 32
15 40
16 4
16 6
16 9
16 14
16 22
16 38
17 2
17 29
17 31
17 36
17 41
17 46
18 8
18 14
18 22
18 30
18 37
18 40
18 42
18 43
19 20
19 36
19 41
19 42
20 2
20 10
20 21
20 22
20 34
20 35
20 39
21 1
21 23
21 27
22 3
22 9
22 12
22 18
22 23
22 32
22 37
22 46
23 15
23 33
23 45
24 12
24 20
24 34
25 2
25 3
25 18
26 9
26 23
26 29
26 36
26 41
26 47
27 8
27 17
27 21
27 36
27 45
27 47
28 14
28 18
28 24
28 30
28 33
28 42
29 3
29 13
29 28
29 43
30 5
30 7
30 24
30 38
30 39
31 5
31 12
31 19
31 24
31 38
31 45
31 46
32 9
32 13
32 15
32 23
32 42
33 2
33 13
33 15
33 16
33 24
33 34
33 45
34 3
34 5
34 24
34 25
34 29
35 5
35 17
35 18
35 21
35 22
35 24
35 30
35 33
35 43
36 15
36 33
37 10
37 13
37 18
37 33
38 1
38 6
38 11
38 33
38 37
38 44
39 7
39 9
39 23
39 28
39 44
40 9
40 19
40 32
40 34
40 36
41 1
41 8
41 32
41 43
42 30
42 41
43 24
43 29
44 6
44 14
44 38
44 41
45 2
45 3
45 8
45 16
45 29
45 44
46 15
46 18
46 24
46 30
46 33
47 7
47 23
47 33
47 34
Loss 0 0 0 0 0 0 0 0 0 84 0 98 0 0 0 0 0 0 0 0 76 0 0 0 0 0 65 0 0 0 12 0 75 0 0 0 0 66 0 0 0 0 13 0 0 0 0 
