32 <--# of nodes, 105 edges
1 3
1 13
1 22
1 26
1 32
2 8
2 21
3 5
3 23
4 11
4 12
4 15
4 16
4 26
4 27
5 18
6 12
6 19
6 20
6 26
7 17
7 20
7 31
8 10
8 16
9 2
9 13
9 14
9 24
9 27
9 32
10 14
10 15
10 17
10 21
10 26
11 4
11 24
11 31
12 3
12 22
12 23
12 25
12 27
12 28
13 4
13 5
13 19
13 20
14 3
14 8
14 19
14 21
14 27
15 2
15 9
16 4
17 11
18 1
18 28
19 20
19 32
20 4
20 6
20 12
20 27
20 28
20 29
21 9
21 12
21 19
21 25
22 1
22 12
23 5
23 12
23 14
23 15
23 25
23 27
24 3
24 25
24 30
25 19
25 28
26 9
26 11
26 17
26 30
27 23
28 3
28 26
28 27
29 7
29 11
30 7
30 14
30 18
30 21
30 27
30 31
32 1
32 3
32 24
32 25
Loss 0 3 0 0 52 0 0 0 0 0 0 93 0 0 16 19 0 0 0 0 0 0 0 0 0 0 0 0 92 0 0 0 
