60 <--# of nodes, 364 edges
1 15
1 22
1 46
1 52
1 56
2 16
2 29
2 33
2 37
2 41
2 53
2 54
2 59
3 2
3 13
3 22
3 33
4 7
4 25
4 30
4 41
4 54
4 55
5 6
5 26
5 29
5 49
5 57
5 59
5 60
6 15
6 18
6 27
6 37
6 53
7 29
7 33
7 43
7 44
7 46
7 54
7 56
8 19
8 26
8 29
8 60
9 22
9 29
9 35
9 55
9 58
10 15
10 19
10 26
11 13
11 15
11 28
11 33
11 34
11 56
11 60
12 29
12 53
13 21
13 32
13 33
13 57
13 58
14 9
14 15
14 42
15 6
15 28
15 29
15 45
15 46
15 60
16 10
16 24
16 26
16 32
16 35
16 46
16 53
16 59
17 6
17 26
17 29
17 32
17 34
17 38
17 53
17 57
17 60
18 6
18 29
18 34
18 49
18 60
19 2
19 27
19 35
19 38
19 46
19 57
20 1
20 8
20 12
20 18
20 24
20 26
20 33
20 36
20 49
21 1
21 17
21 24
21 38
21 51
21 52
21 54
21 57
21 59
22 4
22 10
22 15
22 16
22 29
22 34
22 37
22 38
22 49
23 14
23 15
23 19
23 29
23 36
23 44
23 52
23 56
24 1
24 19
24 26
24 41
24 46
24 53
25 29
25 40
26 6
26 14
26 34
26 40
26 43
26 59
27 6
27 21
27 23
27 36
27 50
27 57
28 11
28 20
28 34
28 47
28 49
28 51
29 23
29 37
29 39
29 42
30 2
30 16
30 35
30 37
30 46
30 48
30 49
30 50
31 20
31 23
31 25
31 42
31 51
31 54
31 56
32 5
32 8
32 9
32 21
32 47
32 53
33 7
33 20
33 23
33 28
34 7
34 33
34 39
34 52
35 2
35 7
35 13
35 21
35 39
35 42
36 10
36 17
36 31
36 41
36 42
36 43
36 48
37 6
37 15
37 16
37 19
37 27
37 51
37 57
38 10
38 18
38 20
38 26
38 36
38 42
38 52
39 5
39 7
39 8
39 37
39 58
40 17
40 30
40 42
40 47
41 2
41 10
41 11
41 19
41 30
41 47
41 56
41 57
41 59
42 6
42 16
42 18
42 23
42 27
42 30
42 34
42 50
42 53
42 55
42 57
43 2
43 30
43 48
43 51
43 54
43 56
44 4
44 7
44 17
44 33
44 58
45 2
45 18
45 32
45 35
45 36
45 51
45 53
45 54
45 58
46 2
46 4
46 7
46 26
46 50
46 58
47 3
47 8
47 20
47 22
47 25
47 40
47 53
48 3
48 15
48 28
48 36
48 38
49 2
49 16
49 17
49 27
49 33
49 34
49 41
49 42
49 53
50 10
50 20
50 42
50 43
50 48
51 2
51 10
51 18
51 20
51 34
51 42
52 15
52 34
52 39
52 42
52 45
52 49
53 2
53 11
53 15
53 20
53 40
54 4
54 7
54 49
54 56
55 2
55 3
55 11
55 34
55 38
55 42
55 45
55 52
55 59
55 60
56 16
56 19
56 58
57 31
57 48
57 50
58 1
58 14
58 22
58 29
58 45
59 6
59 9
59 10
59 12
59 44
59 52
60 4
60 10
60 18
60 21
60 35
60 37
60 39
60 50
60 51
Loss 0 0 0 0 0 0 0 0 0 0 0 10 0 0 0 0 0 0 0 0 0 0 0 0 0 0 0 0 0 43 0 0 0 0 30 0 0 0 0 0 0 0 0 0 0 33 0 0 90 0 0 0 0 29 0 0 0 0 0 0 
