28 <--# of nodes, 71 edges
1 25
2 6
2 10
2 21
2 25
3 9
3 21
5 7
5 13
5 20
5 22
5 23
6 1
6 10
6 15
6 18
6 19
7 3
7 11
7 15
7 19
8 7
8 9
9 17
9 25
9 26
9 28
10 1
10 3
10 18
10 24
11 1
11 6
12 6
12 8
12 20
13 5
13 6
13 7
13 25
14 18
14 21
16 1
16 10
16 23
16 28
18 9
18 19
19 1
19 14
20 13
20 14
20 16
22 17
22 26
23 13
23 15
24 26
25 5
25 12
25 19
25 20
26 8
26 11
26 14
26 25
27 3
27 17
28 4
28 15
28 27
Loss 0 0 0 0 0 0 68 0 0 0 0 0 0 29 0 95 0 40 0 0 0 0 0 0 0 0 0 26 
