45 <--# of nodes, 171 edges
1 23
1 33
1 39
1 40
2 4
2 6
2 7
2 13
2 23
3 2
3 12
3 31
3 37
3 41
3 44
4 2
4 25
4 26
5 1
5 4
5 21
5 36
6 7
6 10
6 22
6 27
6 31
6 45
7 6
7 29
8 7
8 36
9 1
9 5
9 7
9 12
9 35
10 1
10 23
10 29
10 34
10 41
11 12
11 29
11 34
11 45
12 1
12 4
12 11
12 42
13 20
13 23
13 38
13 45
14 2
14 32
14 40
15 16
15 26
15 44
16 1
16 9
17 27
17 29
17 44
18 11
18 13
19 14
19 21
19 24
19 26
19 39
19 44
20 3
20 4
20 11
21 9
21 25
21 37
21 44
22 8
22 19
22 26
22 40
22 41
22 45
23 13
23 14
23 16
23 17
23 18
23 31
24 8
24 20
24 44
25 9
25 11
25 16
25 31
25 33
25 38
26 16
26 20
26 36
26 39
26 45
27 1
27 18
27 20
27 30
29 5
29 8
29 10
29 36
30 2
30 9
30 27
30 29
30 38
30 42
30 43
31 8
31 10
31 23
32 12
32 30
32 41
34 31
34 42
35 1
35 10
35 19
35 33
35 38
35 43
36 7
36 13
36 18
36 22
36 25
36 29
36 38
37 23
38 2
38 19
38 21
39 1
39 16
40 7
40 21
40 31
40 33
41 8
41 14
41 15
41 25
41 28
42 12
42 33
42 40
43 13
43 16
43 19
43 23
43 36
43 41
44 15
44 34
44 45
45 19
45 27
Loss 0 0 0 0 0 0 0 0 0 0 0 0 0 21 0 0 99 0 0 0 0 64 0 95 74 0 0 0 20 0 0 0 55 70 0 0 0 0 0 0 0 0 0 0 0 
