36 <--# of nodes, 132 edges
1 2
1 4
1 10
1 20
1 22
2 6
2 15
2 20
2 32
2 33
2 34
3 15
3 22
3 26
4 1
4 8
4 16
4 26
5 3
5 10
5 12
5 21
5 22
5 29
6 2
6 30
6 34
6 35
7 26
8 10
8 12
8 15
8 35
9 8
9 12
10 14
10 15
10 23
11 2
11 18
11 31
12 8
13 6
14 30
15 2
15 3
15 14
15 25
15 28
15 29
16 6
16 10
16 25
17 7
17 20
17 23
18 10
18 13
18 22
18 29
18 35
19 4
19 29
20 1
20 6
20 7
20 17
20 24
21 4
21 22
21 29
22 1
22 19
22 24
22 33
22 36
23 10
23 12
23 13
23 15
23 26
23 36
24 1
24 4
24 32
25 3
25 15
25 16
25 28
25 34
26 25
26 29
26 31
26 32
27 3
27 26
27 33
28 10
28 16
28 19
29 3
29 17
29 25
30 3
30 21
30 26
30 31
31 1
31 2
31 8
31 9
31 17
31 20
32 9
32 19
32 24
33 11
33 28
33 29
34 3
35 16
35 30
35 31
35 33
35 34
36 3
36 13
36 23
36 26
36 27
36 30
36 31
Loss 0 0 0 68 0 0 0 0 0 0 0 10 0 0 18 0 0 0 68 0 0 0 0 0 0 0 0 0 76 0 0 0 0 0 0 0 
