48 <--# of nodes, 216 edges
1 15
1 17
1 18
1 30
1 36
1 38
1 41
2 14
2 20
2 37
2 39
3 24
3 27
3 34
3 38
3 45
4 2
4 5
4 13
4 23
4 27
4 37
4 39
5 1
5 9
5 13
5 18
5 32
5 34
5 41
5 44
5 46
6 2
6 24
6 33
7 9
7 23
7 25
7 29
7 34
7 35
7 40
7 42
7 46
8 23
8 29
8 30
8 42
8 47
9 6
9 14
9 35
9 36
9 37
9 46
10 5
10 33
11 5
11 7
11 19
11 40
11 44
11 47
12 9
12 13
12 16
12 32
12 46
13 9
13 22
13 24
13 30
13 31
13 34
14 10
14 13
14 20
14 37
14 46
15 5
15 7
15 17
15 34
15 40
16 1
16 5
16 34
16 36
17 2
17 21
17 42
17 43
18 7
18 14
18 27
18 37
18 40
19 4
19 12
19 37
20 41
20 47
20 48
21 7
21 9
21 13
21 23
21 40
22 15
22 40
22 44
23 24
23 25
23 34
24 10
24 13
24 14
24 27
24 31
24 46
25 20
25 40
26 24
26 25
26 37
26 38
26 44
27 17
27 31
27 34
27 42
28 15
28 25
28 44
29 7
29 22
29 30
29 37
29 42
30 17
30 20
30 48
31 2
31 14
31 34
31 36
32 7
32 9
32 20
32 22
32 25
32 41
32 45
33 8
33 26
33 28
33 29
33 48
34 7
34 20
34 40
34 46
35 8
35 10
35 23
36 2
36 8
36 34
36 48
37 1
37 8
37 15
38 3
38 19
38 31
38 33
38 40
39 11
39 18
39 22
40 7
40 32
41 19
41 24
41 25
41 31
41 42
42 2
42 12
42 15
42 21
42 36
43 10
43 18
43 31
43 34
43 37
44 35
44 37
45 11
45 22
45 33
45 34
45 38
45 48
46 17
46 18
46 23
46 30
46 41
46 44
46 45
47 13
47 22
48 27
48 47
Loss 0 0 56 0 46 0 0 0 0 0 0 0 0 0 0 0 0 83 0 0 83 0 0 51 93 0 0 0 72 0 41 0 0 33 0 74 0 0 0 98 0 0 0 0 0 0 0 0 
