64 <--# of nodes, 394 edges
1 7
1 9
1 13
1 20
1 51
2 16
2 40
2 49
2 58
3 14
3 33
3 49
3 53
3 61
4 12
4 48
4 52
4 56
5 15
5 24
5 25
5 44
5 52
6 49
6 51
6 55
7 5
7 26
7 28
7 29
7 30
7 32
7 40
7 61
8 3
8 9
8 19
8 29
8 40
8 49
9 14
9 22
9 54
10 3
10 6
10 12
10 14
10 16
10 19
10 44
10 53
10 55
10 61
11 17
11 31
11 41
11 45
11 47
11 48
11 62
12 6
12 7
12 27
12 32
12 34
12 47
12 53
12 54
12 62
13 16
13 31
13 34
13 36
13 39
13 42
13 49
13 59
13 60
13 62
14 4
14 10
14 12
14 30
14 31
14 33
14 58
15 55
15 58
15 64
16 2
16 7
16 10
16 11
16 29
16 34
16 56
16 60
17 20
17 26
17 29
17 36
17 38
17 49
17 56
17 57
17 60
17 61
18 7
18 15
18 17
18 37
18 38
18 45
18 49
18 51
18 53
18 57
19 1
19 6
19 10
19 25
19 29
19 37
19 56
19 63
20 1
20 13
20 22
20 25
20 33
20 41
20 43
21 10
21 40
21 47
21 48
21 51
21 56
21 57
21 59
21 63
22 4
22 21
22 30
22 44
22 63
23 9
23 21
23 27
23 36
23 49
23 52
23 53
23 61
24 6
24 12
24 36
24 47
24 55
24 61
25 7
25 11
25 23
25 36
25 38
25 43
25 45
25 60
26 16
26 36
26 42
26 61
27 10
27 20
27 26
27 28
27 40
27 47
27 53
27 55
28 2
28 16
28 22
28 24
28 25
28 47
29 1
29 6
29 7
29 18
29 25
29 30
29 48
29 56
29 58
30 16
30 34
30 56
30 63
31 23
31 27
31 37
31 59
32 2
32 17
32 19
32 34
32 37
33 23
33 44
33 54
33 58
33 60
33 64
34 4
34 11
34 26
34 29
34 39
35 5
35 7
35 24
35 50
36 4
36 13
36 24
36 27
36 38
36 56
37 9
37 14
37 19
37 26
37 39
37 42
38 1
38 7
38 13
38 15
38 24
38 56
39 19
39 20
39 23
39 43
39 44
39 52
40 1
40 7
40 22
40 25
40 37
40 43
40 55
41 5
41 8
41 15
41 38
41 59
42 7
42 31
42 59
43 24
43 25
43 41
43 46
43 54
43 57
43 64
44 3
44 7
44 32
44 37
44 38
44 41
44 63
45 3
45 8
45 9
46 24
46 41
46 44
46 54
46 64
47 1
47 10
47 29
47 58
47 60
48 8
48 33
48 35
48 39
48 49
48 57
48 62
49 8
49 16
49 23
49 28
49 32
49 39
49 44
49 52
49 64
50 7
50 32
50 36
50 44
50 54
51 16
51 22
51 41
51 49
51 53
52 9
52 23
52 24
52 26
52 42
53 7
53 10
53 14
53 23
53 37
53 40
53 42
53 43
53 50
53 55
54 4
54 25
54 46
54 47
55 10
55 18
55 19
55 20
55 62
56 10
56 20
56 31
56 42
56 43
56 63
57 31
57 42
57 54
58 5
58 9
58 18
58 61
58 62
59 6
59 8
59 15
59 21
59 22
59 30
59 39
59 42
59 55
60 6
60 10
60 16
60 20
60 23
60 30
60 39
60 42
60 45
60 50
60 58
61 5
61 15
61 17
61 30
61 39
61 51
61 57
61 62
62 10
62 21
62 23
62 29
62 46
62 64
63 39
63 42
63 46
63 49
63 59
64 1
64 4
Loss 0 0 0 0 0 0 61 9 0 62 37 63 0 0 0 0 0 0 0 0 0 0 0 0 64 0 0 0 0 0 0 0 78 0 58 36 73 0 0 0 0 0 0 0 0 31 0 0 45 0 0 0 0 0 0 0 0 0 0 0 10 0 0 0 
