45 <--# of nodes, 211 edges
1 19
1 21
1 22
2 23
2 26
3 1
3 7
3 16
3 22
3 32
3 35
4 1
4 19
4 20
4 23
4 25
4 30
4 36
4 45
5 4
5 13
5 16
5 25
5 39
5 40
6 5
6 14
6 17
6 19
6 41
6 45
7 6
7 16
7 20
7 26
7 34
8 23
8 41
9 5
9 19
9 29
10 15
10 31
10 39
11 2
11 21
11 25
11 31
11 38
11 42
12 11
12 13
12 41
13 18
13 28
13 43
14 4
14 16
14 17
15 13
15 29
15 34
16 3
16 15
16 18
16 32
16 36
17 6
17 13
17 16
17 21
17 24
17 25
17 34
17 35
17 38
18 1
18 16
19 8
19 9
19 10
19 25
19 40
20 11
20 27
20 42
21 11
21 19
21 24
21 26
21 33
21 35
22 4
22 7
22 18
22 23
22 27
23 7
23 8
23 13
23 18
23 31
23 37
23 39
23 41
24 1
24 6
24 15
24 28
24 29
24 34
24 39
25 5
25 18
25 21
25 36
25 42
25 45
26 1
26 20
26 22
26 25
26 34
26 37
27 23
27 24
27 31
27 44
28 14
28 20
28 33
28 35
28 40
28 43
29 1
29 15
29 35
29 36
29 45
30 29
31 18
31 23
31 26
32 1
32 11
32 13
32 23
32 33
32 38
32 39
32 43
33 3
33 19
33 25
33 36
33 43
34 40
35 2
35 8
35 14
36 9
36 11
36 21
36 38
36 43
37 7
37 18
37 33
37 39
37 42
38 20
38 26
38 28
38 45
39 9
39 12
39 15
39 17
39 22
39 33
39 36
39 41
40 3
40 16
40 41
40 43
41 3
41 6
41 21
41 36
41 42
42 4
42 14
42 36
42 44
43 4
43 14
43 28
43 41
44 11
44 14
44 18
44 24
44 35
44 36
45 19
45 23
45 24
45 25
45 29
45 43
Loss 0 60 0 0 0 0 0 0 0 0 0 0 0 0 0 0 41 0 71 0 84 0 0 0 66 0 0 0 0 0 23 0 0 85 0 0 6 0 0 85 0 0 49 0 0 
