33 <--# of nodes, 90 edges
1 19
1 23
2 5
2 17
2 33
3 10
3 12
3 24
3 29
4 23
4 24
4 30
5 3
5 19
5 30
6 26
6 27
7 20
8 7
8 11
8 14
8 21
8 31
9 7
9 27
10 4
10 6
10 24
10 26
10 33
12 1
12 3
13 17
13 28
13 29
14 19
15 18
16 2
16 13
16 33
17 10
17 15
17 31
18 17
19 9
19 17
20 1
20 6
20 10
20 11
20 14
20 22
20 32
21 5
21 19
21 30
22 3
22 9
22 14
22 24
22 29
23 28
23 33
24 9
24 12
25 19
25 20
25 21
25 24
26 1
26 11
26 25
27 9
27 10
27 30
28 2
28 13
28 17
28 25
29 4
29 9
29 30
31 2
31 15
31 24
32 4
32 9
32 30
33 14
33 23
Loss 0 0 25 0 20 77 0 0 0 0 0 0 0 0 0 0 78 0 0 0 0 0 0 0 0 58 85 16 0 0 98 0 0 
