67 <--# of nodes, 411 edges
1 5
1 8
1 15
1 25
1 47
1 59
1 66
2 14
2 17
2 27
2 37
2 38
2 47
2 49
2 53
2 67
3 5
3 6
3 9
3 11
3 17
3 21
3 22
3 26
3 27
3 30
3 31
3 44
3 48
4 13
4 18
4 22
4 37
4 39
4 44
4 47
4 66
5 7
6 14
6 16
6 30
6 33
6 47
6 60
7 4
7 13
7 28
7 29
7 35
7 42
7 45
7 52
7 54
8 20
8 32
8 41
8 52
8 63
9 7
9 26
9 31
9 49
9 56
9 60
10 13
10 17
10 19
10 20
10 44
10 55
10 63
11 8
11 24
11 30
11 34
11 56
12 25
12 39
12 43
12 52
12 56
12 62
13 29
13 33
13 36
13 37
13 49
13 50
13 51
13 66
14 8
14 13
14 15
14 35
14 39
14 45
15 23
15 25
15 65
16 22
16 32
16 35
17 1
17 6
17 9
17 12
17 13
17 27
17 29
17 39
17 52
18 3
18 14
18 26
18 40
18 41
18 53
18 64
19 1
19 13
19 36
19 65
19 67
20 5
20 18
20 55
20 58
21 9
21 13
21 43
21 44
21 45
21 59
22 6
22 7
22 12
22 29
22 53
22 66
23 3
23 14
23 16
23 43
23 47
23 48
23 51
23 54
24 34
24 37
24 45
24 46
24 52
24 55
24 66
25 5
25 6
25 8
25 11
25 13
25 18
25 32
25 36
25 49
25 51
25 58
25 67
26 2
26 4
26 18
26 24
26 29
26 30
26 38
27 18
27 38
27 52
27 64
28 39
28 52
28 53
28 56
28 61
29 11
29 34
29 36
29 39
29 41
29 67
30 1
30 10
30 17
30 21
30 24
30 39
30 48
31 5
31 18
31 29
31 35
31 54
31 59
32 20
32 33
32 58
32 65
33 13
33 34
33 37
33 42
33 45
33 49
34 4
34 15
34 17
34 19
34 23
34 30
34 44
34 58
35 12
35 18
35 26
35 29
35 39
35 40
35 47
36 1
36 11
36 25
36 39
36 43
36 53
36 59
36 66
37 7
37 13
37 23
37 50
37 64
38 17
38 43
38 54
38 55
38 65
38 67
39 14
39 22
39 26
39 30
39 47
39 48
40 17
40 25
40 33
40 67
41 3
41 9
41 15
41 22
41 26
41 27
41 42
41 54
42 1
42 6
42 21
42 28
42 31
42 43
42 46
42 51
43 20
43 21
43 54
44 2
44 4
44 56
44 58
44 59
44 62
45 18
45 29
46 1
46 4
46 9
46 12
46 21
46 38
46 48
46 54
46 55
47 56
48 30
48 41
48 42
48 50
48 51
48 54
48 65
48 67
49 4
49 5
49 12
49 17
49 20
49 29
49 33
49 36
49 48
50 1
50 4
50 9
50 12
50 14
50 16
50 18
50 26
50 39
50 59
51 3
51 33
51 35
51 59
52 9
52 14
52 21
52 23
52 26
52 29
52 42
52 43
53 18
54 2
54 64
54 65
55 3
55 13
55 36
55 43
56 3
56 10
56 12
56 27
56 48
56 61
56 66
56 67
57 20
57 43
57 60
58 33
58 42
58 43
58 44
58 62
59 3
59 8
59 31
59 37
59 42
59 46
59 48
59 49
59 67
60 2
60 4
60 25
60 26
60 31
60 42
61 1
61 19
61 43
62 6
62 18
62 22
62 25
62 27
62 30
62 44
62 51
62 53
62 67
63 1
63 7
63 22
63 49
63 53
63 67
64 9
64 26
64 33
64 35
65 15
65 35
65 38
65 51
65 53
65 63
66 16
66 20
66 22
66 30
66 33
66 39
67 20
67 25
67 28
67 43
67 49
67 62
Loss 0 0 0 0 0 0 0 0 0 0 93 0 0 0 0 0 0 0 0 26 0 0 0 0 0 0 0 64 0 41 63 41 0 0 44 59 0 0 0 79 0 0 0 0 0 0 73 0 0 82 28 0 97 0 0 0 0 0 0 0 0 0 0 0 0 0 0 
