64 <--# of nodes, 412 edges
1 23
1 26
1 41
1 43
1 45
1 55
1 59
1 61
2 11
2 12
2 21
2 34
2 40
2 46
2 49
2 57
2 62
3 1
3 2
3 7
3 13
3 16
3 39
3 50
3 52
3 57
4 11
4 14
4 25
4 35
4 38
4 46
4 48
4 53
4 56
5 12
5 33
5 47
5 49
5 59
5 63
6 11
6 17
6 21
6 32
6 43
6 56
6 58
6 62
7 22
7 33
7 38
7 58
8 1
8 5
8 15
8 19
8 23
8 30
8 38
8 50
8 55
8 60
9 2
9 12
9 20
9 21
9 25
9 33
9 35
9 45
10 2
10 11
10 14
10 25
10 30
10 35
10 37
10 42
10 44
10 47
10 55
11 17
11 20
11 29
11 36
11 40
11 56
11 58
11 59
11 64
12 5
12 30
12 40
12 55
12 57
12 58
13 1
13 11
13 15
13 40
14 4
14 8
14 36
14 44
14 51
14 52
15 4
15 21
15 23
15 24
15 44
15 47
15 59
16 5
16 7
16 9
16 14
16 17
16 33
16 40
16 46
16 48
16 64
17 9
17 16
17 22
17 26
17 31
17 38
18 2
18 17
18 23
18 38
18 52
19 37
19 43
19 49
20 6
20 28
20 29
20 30
20 51
20 52
20 53
21 1
21 10
21 23
21 25
21 36
21 37
22 9
22 10
22 13
22 25
22 31
22 34
22 42
22 50
22 56
23 7
23 22
23 35
23 42
24 8
24 13
24 16
24 17
24 45
24 63
25 18
25 36
25 51
25 53
26 7
26 11
26 24
27 5
27 9
27 26
27 30
27 31
27 36
27 48
27 49
28 9
28 13
28 23
28 60
29 1
29 48
29 52
30 1
30 2
30 27
30 37
31 11
31 17
31 25
31 27
32 8
32 18
32 25
32 33
32 42
32 50
32 51
33 15
33 18
33 37
33 47
33 50
34 9
34 44
34 49
34 53
34 55
34 61
35 14
35 16
35 36
35 38
35 42
35 48
35 56
35 57
36 26
36 29
36 34
36 56
36 58
37 13
37 17
37 21
37 35
37 39
37 42
37 48
37 64
38 22
38 44
38 50
38 57
38 59
38 62
39 3
39 52
40 11
40 12
40 14
40 26
40 28
40 43
40 52
40 58
41 19
41 21
41 22
41 31
42 10
42 31
42 32
42 39
42 45
42 51
42 53
42 60
42 64
43 10
43 12
43 24
43 27
43 38
44 18
44 26
44 32
44 34
44 43
44 55
45 12
45 28
45 38
45 57
45 58
45 64
46 1
46 10
46 39
46 60
47 1
47 7
47 16
47 20
47 26
47 29
47 32
47 35
47 40
47 42
47 52
47 59
48 6
48 10
48 22
48 34
48 35
48 38
48 49
48 55
49 13
49 23
49 52
49 64
50 5
50 18
50 34
50 42
50 45
50 47
50 49
50 60
51 2
51 12
51 13
51 49
51 53
51 54
52 5
52 8
52 18
52 58
53 1
53 20
53 25
53 33
53 36
53 49
53 51
53 57
54 3
54 14
54 24
54 34
54 40
54 61
55 1
55 16
55 31
55 42
55 43
55 47
55 54
56 30
56 37
56 48
56 60
57 10
57 20
57 54
57 64
58 1
58 2
58 20
58 23
58 30
58 33
58 41
58 49
58 62
59 8
59 23
59 42
59 53
60 4
60 11
60 13
60 16
60 21
60 27
60 29
60 35
60 36
60 37
60 45
60 46
60 49
60 59
60 61
61 5
61 33
61 51
61 56
61 57
61 62
62 6
62 7
62 14
62 17
62 39
62 44
62 61
63 27
63 31
63 46
64 3
64 15
64 22
64 30
64 32
64 35
64 38
64 57
Loss 0 0 0 0 0 0 42 45 88 0 0 60 0 0 0 0 76 0 0 65 0 94 0 0 0 0 0 0 0 85 0 0 0 0 0 0 0 0 0 0 0 82 0 0 93 0 0 0 0 93 0 0 0 0 0 0 0 0 0 81 0 40 0 0 
