31 <--# of nodes, 96 edges
1 3
1 10
1 13
1 30
2 1
2 17
2 21
3 1
3 24
3 27
3 31
4 11
4 15
5 17
5 29
5 31
6 16
7 15
7 24
8 1
8 23
8 24
9 4
9 10
9 13
9 19
10 11
10 16
11 5
11 25
12 4
12 11
12 22
12 24
12 29
13 10
13 15
13 17
13 20
13 24
14 3
14 20
14 25
14 29
15 4
15 10
16 1
16 3
16 17
16 20
16 25
17 4
17 6
17 10
17 14
17 27
17 31
18 12
18 27
18 28
19 20
20 4
21 3
21 9
21 22
22 2
22 3
22 5
22 19
23 6
23 18
24 6
24 27
25 14
25 21
25 27
26 5
26 15
26 20
26 21
26 30
27 1
27 2
27 9
27 15
27 29
28 5
28 7
28 30
29 15
29 25
29 26
29 30
31 9
31 16
31 29
Loss 0 0 0 0 0 0 0 0 0 18 57 0 0 0 0 0 0 0 25 0 31 0 0 0 0 0 0 0 0 0 0 
