37 <--# of nodes, 130 edges
1 11
1 15
1 23
1 26
2 6
2 9
2 18
2 25
2 35
2 37
3 2
3 9
3 12
3 24
3 28
3 30
3 31
5 36
6 8
6 19
6 35
6 36
7 4
7 9
7 29
7 33
7 34
7 37
8 36
9 3
9 5
9 20
9 29
10 21
10 37
11 1
11 13
11 18
12 8
12 9
12 10
12 18
12 22
12 23
12 26
13 8
13 33
13 36
14 13
14 21
14 34
14 35
15 22
16 28
16 34
16 36
17 20
17 29
17 31
17 37
18 12
18 24
18 34
19 1
19 9
19 35
20 8
20 9
20 19
20 34
20 35
20 37
21 6
21 15
21 24
22 18
23 5
24 27
25 5
25 8
25 10
25 20
25 23
25 27
25 30
25 31
26 12
26 15
26 16
26 20
26 21
27 11
27 13
27 22
27 26
27 30
28 13
28 22
29 27
29 28
30 1
30 9
30 17
30 24
30 33
31 4
31 22
31 32
32 3
32 15
32 29
33 2
33 9
33 16
33 20
34 9
34 25
34 29
34 35
35 3
35 20
35 37
36 4
36 9
36 14
37 3
37 13
37 17
37 20
37 36
Loss 0 0 0 0 0 7 0 0 0 0 0 0 0 0 0 0 0 0 59 15 0 0 0 0 0 74 83 0 0 0 0 0 0 0 0 0 0 
