50 <--# of nodes, 235 edges
1 12
1 15
1 20
1 30
1 34
2 1
2 10
2 18
2 21
2 22
2 28
2 41
2 49
3 4
3 9
3 29
3 30
3 38
3 47
3 49
4 2
4 10
4 12
4 14
4 20
5 7
5 17
5 33
5 36
6 9
6 17
6 34
6 35
6 44
7 4
7 8
7 17
7 20
7 31
7 32
8 28
8 29
8 33
8 36
8 44
9 7
9 39
10 4
10 27
10 37
10 38
10 44
11 19
11 30
11 37
11 43
11 44
11 45
12 2
12 17
12 31
13 8
13 26
14 8
14 12
14 21
14 34
14 36
14 42
15 6
15 7
15 21
15 36
15 46
15 50
16 3
16 13
16 17
16 18
16 20
16 24
16 26
16 31
16 33
16 37
17 8
17 16
17 47
18 17
18 23
18 40
19 28
19 48
20 2
20 7
20 11
20 26
20 33
20 38
20 40
20 41
20 45
20 48
21 23
21 42
22 11
22 13
22 19
22 20
22 30
22 41
22 44
23 5
23 19
23 21
23 35
23 37
23 43
24 5
24 39
24 49
25 6
25 8
25 37
25 46
26 31
26 36
27 3
27 6
27 10
27 13
27 23
27 39
27 49
28 8
28 19
28 21
28 30
28 41
29 9
29 14
29 25
29 32
29 43
30 6
30 13
30 40
31 1
31 45
32 10
32 25
33 26
33 28
33 35
33 50
34 3
34 22
34 28
34 32
34 33
34 42
35 6
35 12
35 16
35 18
35 27
35 29
35 48
36 8
36 14
36 20
36 33
36 39
36 40
36 41
37 10
37 12
37 17
37 35
37 40
37 47
38 8
38 10
39 17
39 23
39 24
39 35
39 37
39 40
39 41
40 22
40 35
40 39
40 46
41 17
41 21
41 25
42 9
42 11
42 17
42 23
42 28
42 50
43 8
43 18
43 37
44 8
44 10
44 30
44 36
44 49
45 5
45 22
45 37
45 47
46 28
46 29
46 36
46 37
47 17
47 18
47 27
48 24
49 3
49 21
49 30
49 31
49 33
49 42
50 6
50 7
50 9
50 22
50 28
50 35
Loss 0 0 0 0 7 9 0 0 0 0 0 0 0 0 0 0 0 0 0 0 0 0 0 0 0 30 0 0 0 59 0 0 0 74 0 0 0 50 64 0 0 0 0 90 0 0 0 0 0 0 
