36 <--# of nodes, 143 edges
1 11
1 12
1 26
1 28
1 30
2 3
2 10
2 15
2 22
2 26
3 2
3 14
3 17
3 31
4 2
4 27
5 1
5 10
6 14
6 33
6 34
7 3
7 9
7 13
7 14
7 24
7 30
8 3
8 11
8 29
8 33
9 17
9 18
9 21
9 22
9 33
9 36
10 3
10 9
10 12
10 14
10 18
10 24
10 25
11 1
11 9
12 8
12 9
12 17
12 32
12 34
13 2
13 17
13 24
13 28
14 4
14 7
14 20
14 22
14 31
15 9
15 21
15 27
15 30
16 20
16 28
17 8
18 3
18 9
18 35
19 13
19 22
20 19
20 30
20 33
21 3
21 4
21 8
21 15
21 17
22 24
22 30
22 36
23 1
23 3
23 8
23 17
23 20
23 22
23 34
24 19
24 31
24 33
25 21
25 24
25 30
26 17
26 25
26 29
26 33
27 10
27 11
27 14
27 16
27 28
28 22
28 23
29 5
29 21
29 22
29 23
30 13
30 15
30 17
30 19
30 20
31 2
31 7
31 9
31 21
31 25
31 29
31 32
32 12
32 16
32 25
32 30
32 36
33 2
33 8
33 20
33 27
33 31
34 5
34 10
34 14
34 22
34 33
34 35
34 36
36 2
36 20
36 31
Loss 0 0 0 0 0 0 0 59 0 0 0 0 0 10 0 0 0 11 0 0 46 0 0 0 0 41 0 0 42 0 0 72 0 40 0 0 
