51 <--# of nodes, 253 edges
1 3
1 8
1 15
1 19
1 23
2 37
2 39
2 49
2 50
3 21
3 41
3 42
4 8
4 31
4 42
4 46
4 50
5 38
6 14
6 22
6 24
6 33
6 48
7 16
7 25
7 39
7 44
8 5
8 13
8 15
8 22
8 29
8 47
9 35
9 40
9 43
9 45
10 1
10 28
10 50
11 30
11 39
11 40
11 42
12 13
12 14
13 9
13 21
13 42
14 22
14 43
14 50
15 9
15 43
15 47
16 3
16 7
16 20
16 25
16 44
17 8
17 10
17 14
18 13
18 23
18 32
18 33
18 39
18 41
19 4
19 13
19 18
19 31
19 48
20 27
20 42
20 48
21 22
21 26
21 42
22 1
22 7
22 28
22 39
23 12
23 13
23 15
23 22
23 24
23 28
23 35
23 37
23 43
24 2
24 14
24 32
24 34
25 5
25 12
25 18
25 22
25 26
25 31
25 33
25 36
25 45
25 48
26 10
26 13
26 38
26 46
26 47
26 51
27 2
27 5
27 17
27 18
27 20
27 38
27 49
28 1
28 13
28 25
28 35
29 8
29 15
29 30
29 40
29 41
29 43
29 49
30 14
30 20
30 33
30 43
31 1
31 15
31 27
31 30
31 34
31 41
31 42
32 1
32 10
32 19
32 29
32 33
32 47
32 48
33 4
33 6
33 14
33 24
33 48
34 7
34 10
34 25
34 32
35 7
35 11
35 24
35 40
35 48
36 4
36 21
36 26
36 40
36 45
37 6
37 8
37 42
38 10
38 12
38 26
38 30
38 35
39 5
39 18
39 22
39 26
39 29
39 41
40 1
40 14
40 15
41 7
41 9
41 21
41 22
41 26
41 39
42 1
42 11
42 22
42 32
42 50
43 9
43 20
43 30
43 42
43 44
43 49
44 3
44 6
44 10
44 11
44 36
44 40
44 45
45 1
45 4
45 9
45 20
45 28
45 33
45 41
45 44
45 48
46 5
46 7
46 17
46 30
46 39
47 4
47 9
47 14
47 22
47 25
47 40
47 44
47 51
48 5
48 14
48 17
48 22
48 37
48 43
48 45
48 50
49 27
49 45
49 47
50 3
50 41
51 4
51 12
51 21
51 25
51 27
51 30
51 43
51 47
51 50
Loss 0 26 0 0 0 0 0 0 0 23 0 0 9 0 60 94 65 0 27 0 0 0 0 0 0 0 0 0 0 0 0 0 46 0 0 0 0 0 0 0 59 0 63 0 11 1 13 0 0 0 0 
