43 <--# of nodes, 188 edges
1 5
1 18
1 20
1 39
2 7
2 25
2 35
3 15
4 3
4 7
4 15
4 21
4 27
4 43
5 22
5 26
5 32
5 36
5 37
6 21
6 23
6 24
6 26
6 30
7 21
7 26
7 29
7 41
8 4
8 20
8 32
8 33
9 2
9 11
9 12
9 32
10 6
10 7
10 16
10 30
10 32
10 39
11 13
11 17
11 25
11 31
11 35
12 23
12 33
12 36
12 43
13 15
14 8
14 13
14 42
15 2
15 5
15 21
15 23
15 41
16 6
16 8
16 13
16 24
16 36
17 13
17 21
17 25
17 30
17 40
18 13
18 20
18 29
18 32
18 36
19 26
20 25
20 29
20 30
20 42
21 14
21 15
21 25
21 38
21 39
21 41
22 8
22 14
22 16
22 30
22 38
23 9
23 18
23 20
23 25
23 29
23 32
24 11
24 17
24 26
24 28
24 29
25 7
25 32
25 43
26 6
26 10
26 16
26 21
26 32
27 3
27 24
27 30
27 38
27 40
28 5
28 7
28 14
28 21
28 30
28 41
29 10
29 24
30 4
30 14
30 22
30 25
30 27
30 28
30 41
30 42
31 1
31 7
31 16
31 22
31 25
31 38
31 43
32 1
32 2
32 22
32 23
32 29
33 4
33 41
34 3
34 9
34 30
34 32
34 35
34 36
34 39
34 41
35 7
35 11
35 21
35 23
35 26
35 28
35 29
36 19
36 37
36 41
37 23
37 31
37 41
38 34
38 36
38 37
38 42
39 4
39 13
39 22
39 23
40 12
40 19
40 41
41 5
41 9
41 38
42 12
42 19
42 27
42 37
42 38
43 29
43 32
43 36
Loss 0 0 0 0 23 0 0 0 0 0 0 86 0 0 90 0 0 0 0 0 0 0 0 0 0 0 0 0 0 0 0 0 0 0 0 0 0 0 83 0 0 0 0 
