57 <--# of nodes, 316 edges
1 43
1 44
1 48
1 49
1 52
2 20
2 31
2 35
2 37
2 38
2 42
3 33
3 34
3 40
3 55
4 25
4 53
4 55
5 1
5 10
5 17
5 31
5 34
5 35
5 52
6 4
6 18
6 39
6 40
6 44
6 51
6 53
7 4
7 28
7 30
7 35
7 41
8 5
8 17
8 32
8 43
9 2
9 23
9 34
9 44
9 52
10 3
10 7
10 14
10 15
10 19
10 22
10 45
10 46
10 49
11 3
11 4
11 5
11 13
11 19
11 34
11 54
12 25
12 33
12 40
13 3
13 9
13 17
13 19
13 36
13 47
14 2
14 4
14 23
14 29
14 41
14 47
15 2
15 28
15 34
16 8
16 21
16 22
16 29
16 39
16 51
17 8
17 22
17 37
17 42
17 47
17 51
18 1
18 16
18 17
18 23
18 29
18 34
18 35
18 49
18 51
19 24
19 40
19 42
19 48
19 50
20 4
20 17
20 33
20 41
20 49
21 6
21 16
21 19
21 27
21 37
21 45
21 48
22 3
22 13
22 16
22 17
22 28
22 41
23 5
23 7
23 8
23 16
23 19
23 32
23 35
23 38
23 56
23 57
24 6
24 8
24 18
24 30
24 49
24 55
25 13
25 20
25 26
25 43
26 4
26 12
26 37
26 56
27 4
27 17
27 21
27 22
27 30
27 37
27 54
27 57
28 18
28 19
28 43
29 1
29 2
29 5
29 7
29 10
29 12
29 16
29 17
29 24
29 40
29 44
29 53
30 12
30 15
30 25
30 28
30 35
30 48
30 53
31 7
31 20
31 33
31 44
31 53
31 56
32 11
32 24
32 37
32 38
32 46
33 5
33 11
33 18
33 20
33 34
33 47
33 57
34 3
34 18
34 29
34 31
34 40
34 42
34 52
35 17
35 20
35 30
35 33
35 45
35 46
36 1
36 8
36 19
36 37
36 38
36 46
36 53
37 12
37 20
37 21
37 36
37 39
37 46
37 53
38 19
38 40
39 9
39 15
39 24
39 28
39 36
39 38
40 8
40 19
40 23
40 29
40 36
40 41
40 52
41 6
41 10
42 6
42 9
42 10
42 25
42 29
43 3
43 19
43 40
43 52
44 23
44 34
44 38
44 43
44 45
45 8
45 16
45 35
45 40
45 55
46 16
46 17
46 26
46 39
46 43
47 20
48 3
48 6
48 19
48 24
48 53
49 6
49 11
49 35
49 41
50 20
50 46
50 55
50 56
51 6
51 17
51 26
51 28
51 34
51 44
51 49
51 52
52 11
52 25
52 27
52 41
52 48
52 50
53 5
53 40
53 42
54 7
54 14
54 53
54 55
55 4
55 10
55 19
55 20
55 22
55 38
56 7
56 22
56 35
56 40
57 14
57 18
57 22
57 30
57 45
57 51
57 53
Loss 0 0 0 22 0 0 0 0 0 0 85 0 0 0 0 0 0 0 78 88 0 0 14 0 96 0 0 0 0 0 25 89 0 0 0 0 92 0 0 30 0 0 0 0 0 0 0 0 0 0 0 0 89 0 0 0 0 
