60 <--# of nodes, 338 edges
1 9
1 12
1 25
1 36
1 41
1 42
1 50
1 51
2 10
2 13
2 18
2 30
2 44
2 50
2 54
2 60
3 6
3 11
3 15
4 2
4 5
4 21
4 33
4 35
4 53
5 4
5 7
5 13
5 40
5 41
5 60
6 31
6 39
6 44
7 10
7 57
8 2
8 13
8 52
9 16
9 35
9 36
9 40
9 41
9 50
9 53
9 55
10 41
10 47
10 51
10 57
10 60
11 6
11 10
11 27
11 28
11 32
11 42
12 16
12 18
12 56
13 9
13 11
13 17
13 34
13 39
13 56
14 18
14 21
14 28
14 44
15 12
15 27
15 49
15 53
16 36
16 54
17 6
17 9
17 28
17 29
17 47
17 50
17 60
18 13
18 19
18 26
18 33
18 60
19 3
19 12
19 16
19 23
19 38
19 39
19 44
20 1
20 2
20 11
20 45
20 56
21 6
21 18
21 36
21 50
21 51
22 31
22 45
22 49
22 51
22 60
23 24
23 51
23 52
23 54
23 57
24 30
24 41
24 58
25 9
25 38
25 49
26 1
26 6
26 7
26 19
26 38
26 43
27 1
27 3
27 8
27 12
27 17
27 21
27 47
28 13
28 20
28 37
28 41
28 44
28 51
28 56
29 1
29 53
30 1
30 5
30 9
30 14
30 48
30 49
31 2
31 3
31 10
31 13
31 23
31 32
31 33
31 35
31 39
31 42
31 50
31 52
31 59
32 4
32 9
32 17
32 28
32 30
33 11
33 37
33 40
33 41
33 42
33 48
34 2
34 5
34 6
34 12
34 17
34 20
34 32
34 38
34 55
35 1
35 10
35 18
35 22
35 44
35 46
36 18
36 26
36 32
36 42
36 51
37 12
37 22
37 35
37 36
37 48
37 57
38 1
38 6
38 8
38 14
38 15
38 22
38 23
38 27
38 39
38 42
38 43
38 52
38 53
38 54
38 60
39 10
39 24
39 28
39 38
39 55
39 57
40 1
40 6
40 13
40 14
40 18
40 37
40 48
40 56
41 2
41 9
41 14
41 26
41 28
41 31
41 38
41 58
42 9
42 19
42 34
42 38
42 53
43 3
43 8
43 27
43 41
43 48
43 49
44 11
44 20
44 32
44 60
45 3
45 17
45 54
46 5
46 8
46 9
46 32
46 47
46 49
46 50
47 2
47 4
47 11
47 21
47 24
47 41
47 60
48 5
48 9
48 14
48 19
48 33
48 46
48 52
48 56
49 2
49 15
49 31
49 35
49 55
50 12
50 31
50 32
50 35
50 42
50 48
50 55
51 21
51 26
51 27
51 49
52 28
52 33
53 14
53 39
53 43
53 46
53 49
53 52
53 58
54 22
54 27
54 29
54 41
55 4
55 10
55 17
55 22
55 24
55 29
56 9
56 15
56 20
56 25
56 32
56 54
56 55
57 20
57 26
57 45
57 46
57 51
58 5
58 21
58 35
58 41
58 45
59 5
59 19
59 46
60 1
60 9
60 26
60 33
60 46
60 58
Loss 0 0 47 39 0 0 0 0 0 0 0 0 0 0 0 0 0 0 0 0 62 31 0 0 0 0 0 0 0 51 96 54 0 0 0 0 0 0 0 0 0 8 0 0 0 0 0 0 98 0 6 0 40 0 74 0 68 0 0 0 
