70 <--# of nodes, 477 edges
1 17
1 48
1 65
2 18
2 19
2 21
2 28
2 30
2 61
2 62
3 4
3 13
3 14
3 22
3 31
3 48
3 52
3 60
3 63
3 65
3 69
4 1
4 8
4 18
4 30
4 43
4 47
4 55
4 59
4 66
5 2
5 7
5 10
5 19
5 32
5 44
5 55
5 64
6 1
6 19
6 42
6 45
6 57
7 6
7 11
7 15
7 17
7 25
7 31
7 37
7 46
7 50
7 55
7 63
8 9
8 28
8 57
8 58
8 63
9 64
10 25
10 41
10 47
10 55
11 16
11 17
11 40
11 42
11 58
11 69
11 70
12 33
12 37
12 45
12 55
12 63
12 65
13 8
13 11
13 27
13 28
13 39
13 50
13 61
14 8
14 40
14 41
14 43
14 44
14 46
14 47
14 60
15 24
15 31
15 42
15 63
16 7
16 12
16 19
16 37
16 55
16 58
16 68
17 9
17 14
17 20
17 35
17 44
17 53
17 57
17 65
18 1
18 12
18 20
18 30
18 32
18 37
18 56
18 63
18 67
19 6
19 8
19 12
19 18
19 28
19 50
19 55
19 58
19 67
19 70
20 8
20 9
20 17
20 31
20 47
21 13
21 14
21 15
21 30
21 47
21 50
21 53
21 67
22 1
22 7
22 14
22 15
22 40
22 62
23 25
23 31
23 46
23 53
23 56
23 58
23 59
23 65
24 1
24 15
24 18
24 23
24 33
24 37
24 43
24 53
24 68
25 1
25 6
25 20
25 35
25 37
25 43
25 48
25 55
25 57
25 68
25 70
26 6
26 21
26 50
26 51
26 54
26 70
27 8
27 9
27 41
27 50
27 54
27 56
27 57
28 6
28 15
28 25
28 31
28 39
28 43
28 44
28 45
28 57
28 61
28 66
29 7
29 30
29 43
29 44
30 3
30 10
30 20
30 23
30 41
30 44
30 45
30 53
30 63
31 10
31 37
31 39
31 42
31 46
31 60
32 4
32 11
32 25
32 39
32 59
32 67
33 1
33 10
33 15
33 27
34 19
34 30
34 35
34 44
34 47
34 49
34 63
35 2
35 11
35 24
35 31
35 43
35 56
35 62
36 1
36 4
36 32
36 34
36 39
36 42
36 52
36 63
36 65
36 66
37 23
37 24
37 27
37 35
37 39
37 54
37 62
38 4
38 17
38 31
38 32
38 44
38 52
38 70
39 2
39 4
39 29
39 47
39 51
39 52
39 61
39 70
40 7
40 9
40 16
40 32
40 45
40 57
40 59
41 6
41 9
41 23
41 24
41 29
41 30
41 31
41 32
41 43
41 45
41 48
41 58
42 2
42 17
42 38
42 56
42 59
42 66
43 7
43 11
43 15
43 22
43 39
43 47
43 51
43 60
44 9
44 14
44 22
44 47
44 48
44 51
45 10
45 21
45 44
46 9
46 17
46 20
46 40
46 47
46 49
46 54
46 56
46 61
46 63
46 70
47 7
47 30
47 33
47 38
47 46
48 10
48 12
48 53
49 1
49 3
49 30
49 40
49 47
49 53
49 58
49 62
50 22
50 24
50 37
50 38
50 46
50 62
50 67
51 3
51 12
51 28
51 40
51 60
51 66
52 12
52 15
52 23
52 34
52 39
52 40
52 43
52 57
52 65
52 68
53 3
53 24
53 25
53 31
53 33
53 37
53 50
53 68
54 1
54 8
54 18
54 35
54 38
54 39
54 41
54 44
54 53
54 63
55 8
55 34
55 35
55 36
55 42
55 48
55 52
55 54
55 66
56 17
56 24
56 43
56 51
56 62
57 33
57 37
57 44
57 56
57 60
57 63
57 66
58 29
59 9
59 16
59 23
59 62
60 13
60 43
60 45
60 46
60 48
60 52
60 59
61 15
61 28
61 38
61 62
61 65
62 1
62 5
62 35
62 44
62 50
62 54
62 57
62 59
62 65
62 67
63 9
63 18
63 20
63 23
63 26
63 34
63 51
63 68
64 16
64 41
64 42
64 63
64 67
65 3
65 17
65 24
65 29
65 56
65 70
66 5
66 37
66 46
66 49
66 53
68 12
68 16
68 17
68 21
68 30
68 42
68 70
69 15
69 27
69 30
69 45
70 1
70 2
70 13
70 26
70 47
70 48
70 54
70 60
Loss 0 0 0 50 0 37 79 0 0 0 0 53 0 0 0 7 69 0 0 0 89 0 0 58 0 0 0 0 0 0 0 0 0 0 0 0 0 0 28 0 0 12 0 97 0 0 0 0 0 0 0 0 0 0 0 0 0 26 0 4 0 0 0 0 61 0 0 0 0 0 
