68 <--# of nodes, 464 edges
1 44
1 66
2 4
2 24
2 39
2 45
2 58
2 67
3 32
3 40
3 54
3 64
3 65
3 68
4 2
4 32
4 37
4 45
4 46
4 54
4 62
4 65
5 10
5 11
5 33
5 40
5 42
5 46
5 50
5 67
6 12
6 36
6 42
6 67
6 68
7 11
7 33
7 38
7 41
7 46
7 57
7 60
8 11
8 30
8 33
8 34
8 52
8 60
9 3
9 15
9 27
9 55
9 64
9 65
9 66
10 1
10 7
10 18
10 20
10 32
10 37
10 40
10 58
10 63
11 2
11 13
11 30
11 36
11 38
11 42
11 47
11 48
11 53
11 59
12 2
12 21
12 26
12 37
12 38
12 57
12 60
13 6
13 12
13 17
13 20
13 24
13 28
13 42
14 12
14 18
14 25
14 51
14 52
15 1
15 5
15 42
15 62
15 63
15 66
16 12
16 28
16 30
16 56
16 60
16 64
17 4
17 10
17 50
18 2
18 7
18 24
18 38
18 40
18 55
18 66
18 67
19 20
19 24
19 34
19 37
19 63
20 1
20 3
20 11
20 12
20 14
20 41
20 47
20 48
20 59
21 10
21 23
21 39
21 43
21 52
22 5
22 8
22 9
22 12
22 36
22 38
22 43
22 55
22 63
22 64
22 67
22 68
23 36
23 37
23 42
23 48
23 61
23 64
23 67
24 1
24 7
24 12
24 15
24 29
24 52
24 63
24 65
25 4
25 9
25 41
25 42
25 45
25 54
25 63
25 68
26 30
26 31
26 33
26 40
26 57
26 60
26 67
27 1
27 19
27 32
27 54
27 56
27 66
28 11
28 21
28 44
28 49
28 53
28 62
29 3
29 12
29 42
29 44
29 64
29 65
30 1
30 4
30 16
30 26
30 47
30 54
30 59
30 62
31 14
31 23
31 36
31 48
31 54
31 59
31 65
31 68
32 2
32 6
32 48
32 54
32 55
32 57
32 61
32 64
33 6
33 28
33 56
34 22
34 32
34 64
34 65
35 6
35 13
35 16
35 19
35 44
35 46
35 48
35 59
35 65
36 23
36 39
36 51
36 52
36 63
36 68
37 13
37 15
37 17
37 19
37 29
37 30
37 34
38 16
38 17
38 23
38 31
38 32
38 36
38 50
38 60
38 63
38 66
39 5
39 9
39 23
39 31
39 49
39 55
40 2
40 16
40 25
40 27
40 28
40 34
40 52
40 59
40 61
40 67
41 8
41 10
41 17
41 18
41 19
41 32
41 42
41 47
41 58
42 7
42 13
42 24
42 57
43 5
43 8
43 26
43 37
43 39
43 54
43 57
43 61
44 15
44 19
44 39
44 59
44 61
45 1
45 19
45 24
45 26
45 33
45 59
45 65
46 8
46 12
46 55
47 9
47 38
47 39
47 42
47 68
49 3
49 4
49 11
49 17
49 20
49 39
49 43
49 61
49 64
50 13
50 25
50 31
50 34
50 40
50 45
51 7
51 17
51 24
51 28
51 30
51 35
51 39
52 2
52 4
52 9
52 10
52 11
52 13
52 16
52 20
52 32
52 40
52 41
52 49
52 50
53 14
53 16
53 21
53 27
53 42
53 48
53 54
53 58
54 23
54 31
54 45
54 67
55 7
55 18
55 26
55 27
55 31
55 32
55 38
55 43
56 18
56 19
56 25
56 28
56 48
56 54
56 62
56 65
57 7
57 11
57 16
57 34
57 41
57 66
58 14
58 19
58 37
58 38
58 46
58 48
58 53
59 3
59 5
59 10
59 22
59 33
59 40
59 41
59 42
59 50
59 61
59 62
60 9
60 11
60 21
60 29
60 33
60 39
60 56
60 63
61 2
61 6
61 24
61 34
61 35
61 45
61 54
61 55
62 27
62 29
62 40
62 56
62 57
62 61
63 16
63 17
63 18
63 19
63 35
63 45
63 59
63 62
63 66
64 3
64 7
64 18
64 24
64 33
64 38
64 44
64 52
64 54
65 3
65 23
65 48
65 52
66 3
66 14
66 25
66 42
66 46
66 48
67 6
67 32
67 51
67 65
67 66
68 8
68 13
68 20
68 24
68 31
68 56
68 66
Loss 0 0 0 0 0 0 0 0 0 0 0 0 0 0 0 0 0 0 0 0 0 0 94 0 0 0 33 0 0 0 0 0 0 0 0 0 0 0 0 65 0 0 0 0 2 42 0 92 0 0 0 0 0 0 0 87 31 0 0 32 54 0 0 0 4 0 0 0 
