65 <--# of nodes, 413 edges
1 2
1 26
1 27
1 52
1 56
1 61
1 62
2 7
2 11
2 19
2 34
2 42
2 46
2 54
2 63
3 9
3 18
3 20
3 24
3 34
3 43
3 50
3 51
3 63
4 7
4 11
4 18
4 30
4 40
4 47
4 53
5 16
5 26
6 8
6 17
6 37
6 46
6 56
6 59
7 1
7 5
7 9
7 20
7 25
7 28
7 34
7 41
7 56
7 57
8 15
8 18
8 50
8 59
8 63
9 1
9 12
9 17
9 23
9 31
9 37
9 38
9 48
9 54
9 58
9 64
10 19
10 23
10 30
10 56
10 63
11 6
11 15
11 16
11 34
11 45
12 15
12 36
12 40
12 42
12 43
12 57
12 65
13 10
13 17
13 18
13 22
13 23
13 37
13 63
14 2
14 11
14 19
14 21
15 4
15 22
15 45
15 62
16 2
16 3
16 17
16 36
16 50
16 53
17 15
17 16
17 33
17 38
17 52
17 57
17 58
18 47
18 56
19 14
19 32
19 42
20 15
20 23
20 35
20 41
20 57
21 3
21 7
21 11
21 18
21 37
21 39
21 41
21 48
22 12
22 15
22 24
22 26
22 65
23 8
23 37
23 43
23 45
23 52
24 12
24 33
24 37
24 48
24 57
24 58
25 7
25 8
25 9
25 20
25 24
25 50
26 9
26 17
26 22
26 34
26 38
26 61
26 62
27 4
27 7
27 14
27 17
27 19
27 31
27 33
27 46
27 48
28 6
28 15
28 41
28 62
29 5
29 18
29 24
29 26
29 32
29 36
29 61
30 18
30 23
30 25
30 39
30 46
30 50
30 56
30 65
31 10
31 17
31 24
31 28
31 32
31 36
31 58
31 62
32 19
32 39
32 51
32 52
32 58
32 62
33 18
33 21
33 44
33 55
33 56
34 7
34 16
34 24
34 25
34 29
34 35
34 47
34 52
34 60
35 15
35 34
35 45
35 47
35 48
35 59
36 10
36 17
36 24
36 28
36 42
36 50
36 65
37 2
37 9
37 10
37 30
37 34
37 36
37 49
37 53
37 58
37 65
38 8
38 40
38 43
38 44
38 57
39 18
39 26
39 32
39 38
39 53
39 54
39 65
40 3
40 15
40 50
40 52
40 56
41 34
41 35
41 55
41 64
42 4
42 7
42 9
42 10
42 19
42 20
42 43
42 46
42 54
42 60
43 11
43 18
43 28
43 46
43 54
43 59
44 8
44 12
44 49
45 9
45 11
45 15
45 41
45 42
45 47
45 49
45 63
46 23
46 28
46 44
46 65
47 1
47 12
47 15
47 20
47 31
47 32
47 48
47 57
47 65
48 2
48 12
48 19
48 28
48 49
48 54
48 58
49 48
49 52
49 53
49 60
50 7
50 19
50 36
50 37
50 46
50 49
51 42
51 58
51 59
52 6
52 8
52 14
52 23
52 27
52 53
52 54
52 59
52 64
53 12
53 14
53 20
53 41
53 45
53 49
53 54
53 58
54 2
54 37
55 23
55 28
55 31
55 49
55 52
55 60
56 8
56 18
56 19
56 28
56 45
56 61
57 14
57 24
57 26
57 35
57 36
57 45
57 46
57 48
57 53
57 54
57 60
58 26
58 30
58 31
58 40
58 47
58 48
58 50
58 64
59 4
59 6
59 10
59 22
59 39
59 51
59 62
60 3
60 26
60 41
60 42
61 38
61 47
61 49
61 54
62 19
62 32
62 39
62 40
62 45
62 48
62 58
62 61
63 22
63 24
63 40
63 44
63 45
63 48
63 52
63 64
63 65
64 19
64 26
64 29
64 30
64 36
64 41
64 46
64 59
65 11
65 35
65 46
65 57
65 58
65 61
Loss 0 8 0 0 0 0 0 0 0 0 0 0 0 0 0 50 89 0 0 0 26 0 0 87 0 0 0 0 0 0 0 0 53 0 0 0 0 94 0 0 0 0 0 25 90 97 0 0 0 0 0 0 0 0 0 0 81 0 0 0 0 0 0 0 0 
