43 <--# of nodes, 182 edges
1 14
1 36
2 3
2 26
2 36
2 42
3 15
3 20
3 31
3 32
3 36
3 39
4 7
4 34
4 42
5 11
5 17
5 32
5 41
6 8
6 15
6 41
6 42
7 4
7 9
7 10
7 12
7 23
7 29
7 30
7 32
7 35
7 39
7 40
8 10
8 12
8 13
8 21
8 38
8 41
9 22
10 2
10 3
10 5
10 14
10 37
11 2
11 6
11 7
11 29
11 40
12 39
13 2
13 6
13 16
13 31
13 39
14 20
15 5
15 12
15 20
15 29
15 34
15 39
16 9
16 17
16 30
16 43
17 13
17 14
17 19
17 24
17 25
17 40
18 10
18 11
18 31
18 38
18 40
19 8
19 15
19 18
20 1
20 15
21 19
21 33
21 34
22 3
22 14
22 20
22 38
23 2
23 9
24 5
24 7
24 28
24 32
24 38
25 1
25 6
25 16
25 18
25 24
26 11
26 13
26 23
26 30
27 5
27 8
27 10
27 19
27 30
27 38
28 2
28 8
28 9
28 12
28 14
29 3
29 13
29 21
29 24
30 10
30 22
30 31
30 41
31 13
32 3
32 12
32 22
32 23
32 24
32 43
33 15
33 36
34 6
34 12
35 7
35 12
35 23
35 31
35 34
35 43
36 7
36 17
36 19
37 2
37 4
37 5
37 6
37 10
37 11
37 19
37 24
37 29
37 43
38 15
38 18
38 25
38 36
39 3
39 14
39 22
39 24
39 32
39 33
40 18
40 24
41 6
41 9
41 10
41 11
41 17
41 25
42 27
42 38
43 1
43 10
43 13
43 14
43 18
43 31
Loss 0 0 0 0 24 0 0 0 0 22 33 0 33 0 0 0 0 0 0 62 0 0 0 22 0 0 0 0 0 0 0 0 0 0 0 0 0 0 84 0 97 0 0 
