61 <--# of nodes, 394 edges
1 2
1 20
1 26
1 50
1 51
2 30
2 55
2 57
3 8
3 9
3 14
3 20
3 26
3 27
3 41
3 50
3 55
4 9
4 27
4 49
4 59
5 2
5 8
5 12
5 13
5 30
5 33
5 43
5 45
5 53
5 54
5 57
6 8
6 32
6 34
6 38
6 52
7 4
7 8
7 12
7 17
7 19
7 23
7 37
7 38
7 42
7 46
7 47
7 51
7 57
7 61
8 12
8 40
8 41
8 43
8 47
8 53
9 20
9 25
9 28
9 33
9 36
9 56
9 61
10 25
10 29
10 54
11 4
11 6
11 12
11 27
11 34
11 43
12 5
12 43
12 55
13 5
13 18
13 21
13 35
13 40
13 45
13 56
13 60
14 5
14 11
14 24
14 31
14 44
14 49
15 3
15 5
15 25
15 27
15 32
15 33
15 38
15 42
15 59
16 3
16 6
16 11
16 15
16 23
16 37
17 9
17 14
17 43
17 56
17 61
18 19
18 38
18 51
18 52
18 53
19 27
19 28
19 29
19 30
19 31
19 38
20 27
20 47
20 54
20 59
20 60
20 61
21 1
21 24
21 27
21 29
21 47
22 4
22 15
22 17
22 23
22 33
23 2
23 11
23 13
23 17
23 30
23 46
23 52
23 60
24 18
24 21
24 32
24 39
24 57
25 12
25 17
25 19
25 20
25 26
25 34
25 35
25 36
25 40
25 50
25 60
26 2
26 15
26 28
26 37
26 50
27 1
27 6
27 23
27 29
27 32
27 38
27 53
27 58
27 61
28 6
28 30
28 38
28 42
29 4
29 10
29 15
29 38
29 40
29 41
29 47
29 50
30 7
30 14
30 21
30 23
30 37
30 43
30 51
30 61
31 9
31 11
31 12
31 25
31 30
31 37
31 39
31 44
31 49
31 58
32 1
32 31
32 36
32 46
32 53
32 58
33 4
33 8
33 10
33 20
33 24
33 34
33 39
34 7
34 12
34 16
34 19
34 23
34 29
34 33
34 57
34 58
35 43
35 50
36 1
36 3
36 4
36 17
36 34
36 40
36 58
37 4
37 12
37 16
37 40
37 49
37 51
37 61
38 37
38 46
38 49
38 53
38 54
39 4
39 12
39 19
39 20
39 42
39 54
39 59
40 2
40 6
40 30
40 34
40 38
40 48
41 7
41 16
41 20
41 28
41 33
41 43
41 49
41 56
41 57
42 21
42 22
42 39
42 57
43 4
43 18
43 33
43 49
43 55
44 1
44 19
44 40
44 55
44 60
45 17
45 22
45 30
45 34
46 14
46 16
46 33
46 48
46 59
47 4
47 39
47 40
47 43
47 50
48 20
48 41
48 52
48 54
49 8
49 19
49 27
49 32
49 36
49 51
50 13
50 17
50 21
50 24
50 41
50 45
51 5
51 15
51 21
51 28
51 33
51 46
51 48
51 58
52 22
52 24
52 27
52 38
52 43
52 49
52 54
53 27
53 38
53 45
53 49
53 50
53 54
54 1
54 13
54 19
54 21
54 31
54 42
54 48
54 49
54 58
55 4
55 12
55 13
55 17
55 20
55 22
55 31
55 32
55 40
55 50
55 59
56 29
56 35
56 43
56 57
56 59
57 40
57 44
58 14
58 37
58 48
58 49
58 50
58 54
58 59
59 4
59 5
59 17
59 26
59 32
59 34
59 39
59 53
60 3
60 15
60 20
60 48
61 1
61 5
61 9
61 10
61 17
61 19
61 25
61 27
61 40
61 41
61 45
61 49
61 50
Loss 0 0 0 0 0 71 44 0 0 0 0 0 0 0 0 0 0 0 0 0 0 0 0 0 27 0 0 0 0 0 37 0 0 0 0 30 0 0 0 0 0 0 0 0 0 0 91 0 67 0 0 0 0 69 0 0 0 0 0 0 0 
