68 <--# of nodes, 468 edges
1 16
1 33
1 38
1 41
1 45
1 47
1 49
1 62
2 5
2 26
2 38
2 47
2 53
2 64
2 66
3 1
3 29
3 38
3 42
3 43
3 53
4 9
4 14
4 21
4 37
4 42
4 52
4 62
4 64
5 2
5 7
5 11
5 13
5 16
5 26
5 49
5 54
6 15
6 28
6 29
6 35
6 38
6 47
6 51
6 56
6 63
6 68
7 20
7 22
7 27
7 28
7 36
7 38
7 42
7 48
7 60
7 61
7 67
8 10
8 23
8 24
8 38
8 39
8 55
9 6
9 32
9 34
9 52
9 58
9 67
10 4
10 8
10 13
10 41
10 61
10 63
11 36
11 38
11 47
11 50
11 51
11 61
12 2
12 4
12 5
12 10
12 19
12 57
13 2
13 4
13 6
13 18
13 24
13 29
13 48
14 9
14 17
14 25
14 27
14 48
15 7
15 12
15 40
15 41
15 50
15 52
15 62
16 1
16 7
16 15
16 20
16 34
16 46
16 60
16 63
16 67
17 7
17 10
17 36
17 45
17 49
17 62
18 3
18 14
18 15
18 21
18 32
18 34
18 39
18 41
18 43
18 58
19 2
19 21
19 25
19 33
19 39
19 55
19 60
19 63
20 9
20 10
20 42
20 47
20 65
21 6
21 10
21 20
21 22
21 23
21 27
21 43
21 54
21 62
21 63
22 6
22 9
22 19
22 37
22 49
22 52
22 55
23 42
24 2
24 11
24 38
24 48
24 59
24 64
24 65
24 67
25 9
25 11
25 12
25 16
25 22
25 33
25 55
25 61
25 65
26 2
26 32
26 33
26 47
26 50
26 52
26 55
27 4
27 22
27 26
27 30
27 36
27 37
27 49
27 61
28 58
28 67
28 68
29 5
29 41
30 3
30 8
30 10
30 14
30 27
30 29
30 35
30 53
31 11
31 21
31 25
31 43
31 44
31 52
32 4
32 10
32 18
32 34
32 36
32 45
32 48
32 51
32 67
33 28
33 37
33 39
33 43
33 51
33 64
34 27
34 54
35 10
35 19
35 22
35 26
35 29
35 33
36 4
36 20
36 46
36 58
37 15
37 32
37 35
37 45
37 51
37 58
38 10
38 11
38 20
38 44
38 47
38 65
38 68
39 23
39 35
39 38
39 57
39 58
39 63
40 18
40 19
40 23
40 27
40 28
40 53
40 54
40 60
41 5
41 6
41 18
42 13
42 38
42 50
42 68
43 3
43 7
43 12
43 24
43 31
43 46
43 66
44 1
44 2
44 9
44 36
44 64
44 65
44 68
45 20
45 36
45 48
45 50
45 55
45 58
45 62
46 2
46 4
46 7
46 12
46 35
46 47
46 51
46 52
46 55
47 3
47 4
47 12
47 14
47 16
47 26
47 32
47 44
47 48
47 52
47 64
48 25
48 29
48 55
48 58
48 63
48 64
48 68
49 6
49 8
49 18
49 21
49 46
49 61
49 63
49 65
50 2
50 3
50 4
50 8
50 19
50 35
50 36
50 40
50 51
50 54
50 61
50 65
51 8
51 16
51 23
51 24
51 38
51 52
51 63
51 65
52 6
52 11
52 12
52 13
52 20
52 27
52 39
52 41
52 42
52 43
52 56
52 63
53 1
53 3
53 18
53 32
53 59
54 1
54 50
54 57
54 58
54 65
54 67
55 21
55 29
55 36
55 39
55 49
55 57
55 60
55 64
55 66
56 10
56 19
56 22
56 25
56 28
56 45
56 54
57 12
57 31
57 41
57 47
57 66
57 67
58 11
58 15
58 31
58 35
58 53
58 63
59 7
59 11
59 15
59 22
59 24
59 26
59 31
59 48
59 68
60 15
60 16
60 29
60 36
60 58
61 11
61 31
61 33
61 43
61 49
61 58
61 66
62 3
62 11
62 32
62 34
62 41
63 1
63 15
63 17
63 35
63 36
63 48
63 50
63 61
64 20
64 27
64 29
65 1
65 31
65 37
65 42
65 45
65 57
65 60
66 6
66 17
66 34
67 5
67 13
67 18
67 19
67 24
67 42
67 44
67 48
67 52
67 54
67 61
68 15
68 18
68 19
68 31
68 39
68 41
68 57
68 63
Loss 0 0 0 34 0 41 0 63 0 0 0 0 0 0 0 0 0 0 0 0 0 0 0 0 0 0 0 63 85 0 0 0 0 0 0 0 0 0 84 0 0 0 9 0 0 0 64 0 0 0 0 0 0 0 0 0 0 0 0 0 0 14 10 49 0 0 0 9 
