61 <--# of nodes, 364 edges
1 8
1 24
1 37
1 49
1 56
1 58
2 13
2 20
2 30
2 47
2 54
2 56
3 24
3 38
3 58
4 6
5 42
6 37
6 41
6 42
6 52
6 54
7 4
7 8
7 14
7 26
7 43
7 54
7 59
8 1
8 18
8 21
8 24
8 34
8 39
8 46
8 60
8 61
9 3
9 6
9 12
9 17
9 47
9 51
9 55
10 13
10 20
10 45
10 55
10 59
11 2
11 5
11 8
11 19
11 23
11 39
11 40
11 46
11 58
12 4
12 17
12 38
12 39
12 52
12 55
12 57
13 6
13 8
13 28
13 51
14 9
14 20
14 27
14 38
14 52
14 55
14 59
15 25
15 30
15 38
15 42
16 6
16 37
16 60
16 61
17 3
17 27
17 46
17 52
17 53
17 54
17 60
18 3
18 7
18 9
18 17
18 21
18 41
18 55
19 13
19 17
19 53
20 3
20 5
20 6
20 18
20 19
20 31
20 39
20 53
20 56
21 26
21 27
21 30
21 58
21 60
22 38
22 51
22 59
23 2
23 12
23 13
23 20
23 26
23 37
24 1
24 12
24 18
24 21
24 26
24 32
24 33
24 43
24 45
24 48
25 4
25 13
25 15
25 29
25 30
25 52
25 58
26 9
26 43
27 6
27 12
27 30
27 36
27 44
27 52
27 54
28 5
28 7
28 15
28 30
28 31
28 34
28 36
28 40
28 61
29 2
29 6
29 14
29 26
29 42
30 2
30 16
30 23
30 36
30 54
31 8
31 18
31 27
31 36
31 41
31 56
32 13
32 26
32 34
32 35
32 38
32 45
32 55
32 56
33 3
33 14
33 16
33 17
33 28
33 51
33 52
33 57
33 60
34 25
34 51
34 52
35 1
35 17
35 32
35 42
36 2
36 9
36 12
36 23
36 34
36 40
36 43
37 2
37 4
37 22
37 25
37 26
37 34
37 56
38 15
38 45
38 49
38 50
38 54
39 23
39 27
39 37
39 45
39 47
39 53
39 58
39 59
40 36
40 42
40 54
41 14
41 18
41 20
41 22
41 32
41 39
41 40
41 50
41 60
42 24
42 29
43 8
43 35
43 37
43 39
43 47
44 16
44 43
44 47
44 51
45 4
45 6
45 9
45 25
45 29
45 31
45 42
45 43
45 49
45 51
45 52
45 54
46 14
46 31
46 32
46 38
46 41
46 54
47 1
47 9
47 10
47 16
47 25
47 38
47 42
48 15
48 18
48 27
48 38
49 5
49 8
49 12
49 14
49 16
49 20
49 23
49 32
49 33
49 37
49 44
49 60
50 4
50 5
50 15
50 17
50 23
50 25
50 34
50 59
51 2
51 13
51 14
51 22
51 28
51 37
51 45
51 52
51 55
52 27
52 29
52 30
52 31
52 37
52 43
52 49
52 57
53 13
53 16
53 17
53 21
53 29
53 40
53 46
53 48
54 9
54 27
54 28
55 7
55 32
55 40
55 48
55 52
56 29
56 34
56 51
56 58
57 10
57 22
57 24
57 26
57 29
57 33
57 36
57 49
58 9
59 1
59 4
59 16
59 40
59 46
59 54
59 55
59 60
60 16
60 24
60 30
61 4
61 8
61 11
61 16
61 18
61 26
61 46
61 54
Loss 0 0 0 0 0 0 0 0 0 0 0 0 0 0 0 0 0 0 39 0 55 0 0 0 0 0 0 0 0 0 0 0 0 0 0 0 0 0 0 0 0 0 0 0 0 28 0 0 80 0 14 0 0 0 0 0 5 0 0 0 56 
