67 <--# of nodes, 442 edges
1 4
1 24
1 29
1 39
1 45
1 52
1 60
2 12
2 17
2 19
2 37
2 62
3 34
3 37
3 44
3 51
4 6
4 16
4 33
4 34
4 39
4 53
4 61
5 22
5 28
5 29
5 35
5 41
5 45
5 64
6 16
6 36
6 42
6 58
6 61
6 67
7 17
7 29
7 37
7 60
8 4
8 23
8 43
8 51
8 57
8 58
8 63
9 3
9 18
9 22
9 29
9 33
9 51
9 53
10 18
10 27
10 32
11 2
11 7
11 13
11 22
11 29
11 30
11 42
11 59
11 61
11 62
12 3
12 10
12 15
12 18
12 26
12 36
12 43
12 48
13 2
13 7
13 14
13 18
13 29
13 33
13 40
13 64
13 66
14 3
14 4
14 27
14 37
14 52
14 57
14 64
15 16
15 36
15 44
15 65
16 12
16 20
16 21
16 23
16 35
16 47
16 66
17 13
17 20
17 34
17 39
17 50
17 61
18 4
18 6
18 8
18 24
18 44
18 53
18 57
19 12
19 13
19 32
19 48
19 52
19 61
19 63
20 9
20 18
20 23
20 24
20 29
20 30
20 33
20 38
20 54
21 2
21 5
21 6
21 17
21 24
21 26
21 29
21 43
22 10
22 15
22 16
22 24
22 26
22 40
22 62
23 7
23 12
23 24
23 28
24 2
24 8
24 14
24 20
24 36
24 43
25 9
25 42
25 66
26 17
26 31
26 42
26 64
27 17
27 24
27 43
27 52
27 55
27 60
28 6
28 16
28 17
28 19
28 38
28 59
29 19
29 27
29 44
29 55
29 59
30 28
30 37
30 41
30 46
30 54
30 56
30 64
30 67
31 10
31 18
31 30
31 49
31 58
31 59
32 4
32 9
32 28
32 37
32 49
32 54
33 2
33 26
33 27
33 28
33 30
33 32
33 45
33 47
33 63
34 29
34 37
34 39
34 50
34 51
34 55
35 8
35 25
35 31
35 54
35 60
36 18
36 22
36 31
36 43
36 44
36 60
36 65
37 3
37 18
37 22
37 23
37 25
37 51
37 56
37 65
37 66
38 10
38 21
38 37
38 44
38 56
38 57
39 12
39 21
39 32
39 41
39 60
40 6
40 30
40 43
40 57
41 4
41 8
41 9
41 18
41 23
41 49
41 51
41 57
42 13
42 14
42 27
42 37
42 61
42 66
42 67
43 1
43 3
43 29
43 34
43 47
43 52
43 59
43 66
43 67
44 1
44 11
44 20
44 31
44 32
44 33
44 46
44 58
44 63
45 24
45 44
45 47
45 50
45 57
45 60
45 61
45 65
46 1
46 2
46 21
46 37
46 42
46 43
46 50
47 5
47 6
47 15
47 20
47 31
47 42
47 50
47 52
47 56
47 61
47 64
48 15
48 36
48 41
48 42
48 43
48 44
48 49
48 60
48 65
48 67
49 1
49 3
49 12
49 15
49 24
49 31
49 40
49 67
50 34
50 38
50 66
51 2
51 13
51 26
51 29
51 33
51 42
51 59
52 1
52 23
52 35
52 40
52 50
52 51
52 53
52 64
52 67
53 7
53 35
53 37
53 58
54 1
54 22
54 52
54 60
55 7
55 12
55 27
55 43
55 47
55 52
55 56
55 57
56 17
56 20
56 21
56 26
56 48
56 49
57 18
57 21
57 33
57 39
57 40
57 49
57 54
57 67
58 4
58 10
58 18
58 20
58 34
58 39
58 50
59 1
59 4
59 9
59 23
59 33
59 35
59 39
59 53
59 61
59 63
59 64
60 2
60 24
60 29
60 44
60 63
60 64
61 8
61 10
61 14
61 17
61 37
61 39
61 45
61 53
61 65
62 9
62 11
62 22
62 24
62 28
62 43
63 10
63 12
63 31
63 33
63 39
63 45
63 65
64 9
64 38
64 48
64 50
65 8
65 10
65 16
65 20
65 45
65 63
66 4
66 40
66 47
66 56
67 15
67 18
67 21
67 36
67 64
Loss 0 0 0 29 0 0 0 0 0 0 0 0 0 0 0 46 3 0 72 0 0 0 68 0 0 43 67 0 61 0 0 18 49 66 0 0 38 0 0 0 0 95 0 0 0 29 0 0 0 61 49 88 0 0 0 45 0 0 0 0 69 0 90 0 0 0 0 
