55 <--# of nodes, 302 edges
1 2
1 9
1 11
1 15
1 21
1 24
1 27
1 29
1 30
1 33
1 40
1 49
2 3
2 5
2 10
2 11
2 23
2 28
2 31
3 13
3 14
3 37
3 42
3 54
4 9
4 17
4 20
4 34
4 39
4 42
4 47
5 7
5 10
5 31
5 34
6 11
7 1
7 46
7 48
8 2
8 3
8 15
8 16
8 37
8 38
8 50
8 55
9 18
9 23
9 39
10 15
10 52
11 31
11 36
12 2
12 16
12 42
12 51
12 52
12 55
13 6
13 15
13 34
14 5
14 8
14 39
14 46
14 54
15 34
15 36
15 42
16 9
16 11
16 30
16 35
16 36
16 53
17 12
17 18
17 24
17 29
17 43
18 4
18 10
18 12
18 27
18 33
18 39
18 50
19 1
19 5
19 8
19 11
19 14
19 51
19 53
20 4
20 16
20 17
20 24
20 25
20 45
20 52
21 15
21 29
21 45
21 47
22 20
22 29
22 31
22 42
22 49
22 50
23 24
23 39
23 54
24 4
24 7
24 10
24 11
24 13
24 16
24 26
24 30
24 36
25 1
25 6
25 19
25 23
25 39
25 41
25 44
25 48
26 14
26 48
26 49
27 12
27 32
27 35
27 47
27 48
28 1
28 9
28 10
28 24
28 25
28 27
28 34
28 42
28 45
28 47
29 3
29 13
29 15
29 41
29 44
30 11
30 14
30 16
30 19
30 29
30 50
31 5
31 9
31 16
31 29
31 54
32 20
32 29
33 43
33 45
33 47
34 9
34 13
34 22
34 25
34 44
34 49
34 52
34 55
35 2
35 3
35 5
35 37
36 1
36 3
36 4
36 27
37 12
37 21
37 35
37 51
37 54
38 8
38 45
39 3
39 7
39 19
39 31
39 42
40 1
40 19
40 32
40 34
40 37
40 45
40 46
40 47
40 49
41 2
41 15
41 37
41 38
41 45
41 47
42 1
42 3
42 8
42 29
42 30
42 39
43 2
43 4
43 29
43 34
43 52
44 2
44 3
44 4
44 49
44 54
45 2
45 16
45 24
45 38
45 39
45 44
46 5
46 12
46 15
46 30
46 32
46 34
46 55
47 4
47 8
47 14
47 15
47 32
47 51
48 20
48 24
48 32
48 43
48 51
48 55
49 14
49 30
49 31
49 36
49 53
50 5
50 11
50 12
50 15
50 17
50 28
50 30
50 45
51 4
51 11
51 16
51 19
52 7
52 14
52 19
52 36
52 41
52 48
52 51
52 55
53 1
53 6
53 10
53 16
53 33
53 36
54 1
54 6
54 8
54 9
54 12
54 16
54 34
54 40
55 6
55 28
55 31
55 36
55 41
55 42
55 54
Loss 0 0 0 0 0 0 72 0 0 0 40 0 0 18 0 0 0 0 0 0 0 0 0 0 0 0 0 0 0 0 0 0 0 0 0 0 0 0 0 26 0 0 0 0 67 0 18 81 0 0 79 0 55 0 0 
