44 <--# of nodes, 197 edges
1 7
1 10
1 20
1 25
1 30
1 32
1 43
2 6
2 17
2 20
2 31
3 1
3 4
3 38
3 41
4 19
4 21
4 22
4 26
4 41
4 43
5 3
5 9
5 10
5 13
5 20
5 36
6 20
6 44
7 12
7 24
7 40
7 42
8 2
8 6
8 19
8 24
8 32
9 10
9 12
10 7
10 8
10 39
11 4
11 17
11 37
11 39
12 3
12 5
12 8
12 11
12 21
12 24
12 25
12 29
12 32
12 35
12 41
13 42
14 10
14 20
14 32
15 22
15 33
15 37
15 41
15 43
16 7
16 18
16 19
16 24
16 42
17 3
17 14
17 19
17 33
18 5
18 22
18 25
18 31
18 38
19 2
19 9
19 12
19 42
20 10
20 18
20 25
20 32
21 5
21 13
21 20
21 22
21 34
21 37
22 1
22 12
22 20
22 23
22 24
23 24
24 2
24 3
24 6
24 12
24 36
24 40
25 7
25 22
25 24
26 9
26 15
26 16
26 23
27 16
27 20
27 21
27 42
28 23
28 27
28 33
28 34
29 4
29 7
29 9
29 10
29 18
29 32
29 38
29 43
29 44
30 4
30 6
30 7
30 32
31 9
31 30
32 13
32 27
32 37
33 12
33 23
33 30
34 20
34 38
34 39
34 40
34 42
34 44
35 11
35 15
35 17
36 1
36 12
36 13
36 23
36 24
36 26
36 37
37 8
37 11
37 17
38 12
38 26
39 6
39 9
39 10
39 26
40 8
40 14
40 20
40 23
40 37
40 44
41 5
41 7
41 11
41 14
41 17
41 18
41 23
41 28
42 13
42 15
42 22
42 25
43 3
43 11
43 19
43 22
43 28
43 35
43 39
44 11
44 17
44 36
44 38
Loss 0 0 0 4 0 0 16 0 0 0 1 0 0 0 37 0 0 0 53 60 62 0 82 0 0 0 0 0 0 0 0 0 0 0 23 0 0 0 0 0 0 0 0 0 
