67 <--# of nodes, 449 edges
1 3
1 18
1 27
1 64
2 7
2 34
2 38
2 55
2 57
2 61
2 66
3 13
3 16
3 18
3 30
3 34
3 36
3 50
3 58
4 12
4 30
4 35
4 61
4 64
4 67
5 2
5 4
5 22
5 23
5 38
6 7
6 21
6 45
6 48
6 50
7 11
7 44
8 4
8 10
8 19
8 21
8 39
8 42
8 48
8 59
8 65
9 11
9 15
9 23
9 25
9 29
9 34
9 45
10 19
10 26
10 29
10 61
10 64
11 7
11 15
11 36
11 53
12 2
12 4
12 8
12 9
12 17
12 19
12 29
12 31
12 37
12 47
12 52
12 55
12 57
12 59
12 61
13 5
13 22
13 28
13 29
13 49
13 58
14 4
14 28
14 34
14 37
14 50
14 52
14 54
14 58
14 61
15 12
15 16
15 23
15 45
15 53
16 6
16 14
16 17
16 22
16 25
16 32
16 33
16 46
16 47
16 63
17 26
17 32
17 62
17 64
17 66
17 67
18 3
18 9
18 11
18 28
18 32
18 41
19 1
19 9
19 10
19 11
19 17
19 28
19 36
19 42
19 49
19 50
19 59
20 14
20 22
20 47
20 51
20 65
21 18
21 19
21 22
21 25
21 28
21 45
22 42
22 44
22 59
22 64
23 27
23 29
24 6
24 11
24 18
24 25
24 27
24 28
24 32
24 46
24 52
24 53
24 59
24 66
25 22
25 33
25 38
25 47
25 48
25 56
26 6
26 22
26 43
26 53
26 58
26 59
27 12
27 13
27 14
27 16
27 40
27 43
27 45
27 46
27 51
27 52
27 54
27 55
27 58
27 59
28 4
28 19
28 24
28 30
28 49
28 57
29 14
29 15
29 16
29 17
29 37
29 40
30 2
30 24
30 31
30 39
30 52
30 60
30 63
31 17
31 20
31 28
31 43
31 60
32 2
32 15
32 35
32 54
33 5
33 22
33 53
33 58
33 67
34 15
34 26
34 27
34 29
34 38
34 49
34 56
34 57
34 63
34 66
35 18
35 20
35 37
35 40
35 44
36 23
36 27
36 33
36 47
36 55
37 12
37 15
37 29
37 39
37 43
37 48
37 53
37 55
37 62
37 63
38 13
38 31
38 33
38 48
38 50
38 67
39 9
39 33
39 43
39 44
39 45
39 47
39 52
39 60
39 62
40 3
40 5
40 43
40 57
40 66
41 10
41 13
41 25
41 32
41 37
41 40
41 44
41 62
41 64
41 66
42 3
42 12
42 43
42 47
42 52
42 63
42 67
43 14
43 22
43 24
43 26
43 33
43 52
43 57
43 59
44 23
44 28
44 51
44 52
44 53
45 12
45 32
46 29
46 36
46 48
46 58
46 59
46 63
47 18
47 23
47 53
47 54
47 56
48 6
48 12
48 16
48 27
48 28
48 49
48 52
48 57
48 62
49 4
49 14
49 32
49 47
49 51
49 56
50 3
50 15
50 30
50 47
50 57
51 11
51 34
51 45
51 66
52 6
52 9
52 32
52 35
52 51
52 53
52 54
52 66
53 26
53 28
53 29
53 35
53 49
54 11
54 18
54 19
54 22
54 27
54 41
54 56
55 11
55 29
55 38
55 40
55 44
55 49
56 13
56 17
56 27
56 44
56 50
57 3
57 12
57 24
57 33
57 46
57 64
58 17
58 25
58 32
58 49
58 51
58 53
58 67
59 1
59 12
59 13
59 31
59 43
59 47
59 50
59 60
60 1
60 3
60 21
60 23
60 24
60 30
60 46
61 9
61 13
61 26
61 37
61 41
61 53
61 62
61 63
62 25
62 54
62 55
63 3
63 36
63 47
63 55
63 65
64 27
64 28
64 30
64 34
64 46
64 48
64 54
64 62
64 66
65 10
65 21
65 24
65 43
65 45
65 48
65 62
65 67
66 2
66 8
66 9
66 10
66 13
66 16
66 24
66 27
66 35
66 41
66 49
66 57
66 58
66 62
67 10
67 29
67 44
67 50
67 55
67 60
67 63
67 66
Loss 0 0 0 37 0 0 0 46 0 0 0 80 0 0 0 0 0 0 99 0 0 0 0 35 0 0 93 0 0 0 0 0 0 0 0 4 0 0 0 0 0 0 0 0 0 0 0 0 0 0 0 0 0 24 0 0 93 0 0 0 0 0 0 0 0 0 23 
