55 <--# of nodes, 310 edges
1 10
1 15
1 23
1 28
2 30
2 31
2 36
2 55
3 4
3 6
3 30
4 18
4 20
4 34
4 37
4 49
5 10
5 11
5 24
5 26
5 33
5 36
5 43
6 12
6 16
6 27
6 35
6 53
7 9
7 16
7 25
7 31
7 32
7 37
7 44
8 4
8 6
8 22
8 41
8 43
8 54
9 1
9 4
9 12
9 13
9 19
9 20
10 13
10 16
10 23
10 27
10 37
10 39
10 42
10 44
10 48
11 5
11 17
11 28
11 32
11 46
11 48
11 53
12 4
12 27
12 30
12 31
12 43
13 3
13 16
13 35
13 45
13 47
13 48
13 53
13 55
14 18
14 41
14 46
14 48
14 51
14 55
15 10
15 32
15 34
15 37
15 55
16 5
16 6
16 12
16 25
16 29
16 30
16 45
16 49
17 15
17 16
17 21
17 37
17 42
18 6
18 16
18 20
18 30
18 40
18 41
18 54
19 7
19 9
19 10
19 32
19 40
19 46
19 53
20 18
20 47
20 50
20 53
21 2
21 15
21 28
22 4
22 36
23 1
23 5
23 18
23 26
23 53
24 1
24 10
24 31
24 49
25 9
25 10
25 30
25 31
25 33
25 40
25 48
26 22
26 31
26 32
26 37
26 38
26 52
27 3
27 10
27 35
28 7
28 16
28 29
28 32
28 36
28 44
28 53
29 21
29 36
29 40
29 54
30 4
30 21
30 28
30 29
30 31
30 37
30 45
30 52
31 16
31 48
31 49
32 23
32 28
32 29
33 4
33 9
33 14
33 36
34 1
34 26
34 36
34 46
34 47
35 10
35 15
35 18
35 39
35 50
36 1
36 5
36 17
36 22
36 23
36 30
36 33
36 37
36 43
36 51
37 13
37 14
37 15
37 21
37 32
37 36
37 42
38 19
38 39
38 41
39 1
39 7
39 15
39 20
39 31
39 37
39 49
39 51
40 4
40 34
40 36
40 39
40 55
41 8
41 15
41 16
41 17
41 18
41 26
41 48
41 54
42 3
42 9
42 13
42 18
42 21
42 30
42 49
42 50
42 52
43 17
43 27
43 38
44 9
44 17
44 33
44 39
44 43
44 49
45 25
45 35
45 49
45 53
46 2
46 16
46 18
46 40
46 45
46 49
46 52
47 1
47 11
47 30
48 2
48 4
48 16
48 29
48 33
48 36
48 37
48 40
48 50
49 2
49 18
49 24
49 25
49 26
49 28
49 35
49 51
49 53
49 54
50 37
50 42
50 45
50 46
50 55
51 39
51 41
52 12
52 16
52 39
52 45
52 55
53 7
53 12
53 33
53 41
54 5
54 14
54 16
54 38
54 44
54 46
54 50
55 2
55 9
55 27
55 34
55 36
55 43
55 45
55 49
Loss 0 0 0 0 0 84 0 21 0 0 20 0 0 0 0 0 84 0 0 0 0 20 89 58 86 0 0 0 40 0 0 0 68 49 0 0 0 71 0 89 0 15 0 0 1 0 0 0 0 0 0 0 69 0 8 
