67 <--# of nodes, 464 edges
1 7
1 29
1 42
1 45
1 53
1 54
1 64
2 5
2 7
2 27
2 30
2 38
2 46
2 48
2 63
3 27
3 54
4 1
4 25
4 37
5 2
5 12
5 16
5 45
5 46
5 54
6 21
6 24
6 36
6 52
6 53
6 54
7 2
7 11
7 25
7 33
7 46
7 49
7 50
7 58
8 2
8 5
8 12
8 29
8 44
8 51
8 52
9 6
9 21
9 23
9 32
9 34
9 42
9 47
9 55
9 67
10 19
10 22
10 34
10 40
10 53
10 62
10 66
11 10
11 19
11 34
11 42
11 43
12 9
12 16
12 19
12 23
12 32
12 52
12 58
12 67
13 1
13 22
13 24
13 27
13 44
14 8
14 9
14 26
14 28
14 29
14 32
14 37
15 14
15 21
15 39
16 32
16 36
16 37
16 44
16 59
16 63
16 64
17 7
17 9
17 10
17 20
17 31
17 33
17 64
18 4
18 8
18 13
18 17
18 22
18 25
18 48
18 58
18 59
19 3
19 23
19 29
19 35
19 61
19 65
20 1
20 27
20 28
20 36
20 49
20 52
20 53
20 62
20 65
20 67
21 6
21 11
21 14
21 20
21 30
21 31
21 59
22 51
22 62
22 64
23 11
23 13
23 26
23 27
23 29
23 44
23 50
23 58
23 59
24 7
24 13
24 17
24 19
24 29
24 42
24 46
24 60
24 66
25 2
25 11
25 20
25 26
25 27
25 31
25 35
25 38
25 45
25 54
25 58
25 66
26 4
26 15
26 21
26 53
27 5
27 22
27 24
27 32
27 45
27 52
28 8
28 16
28 21
28 23
28 33
28 37
28 44
28 54
28 56
28 58
28 60
29 22
29 26
29 27
29 32
29 33
29 38
29 42
30 6
30 13
30 35
30 49
31 11
31 35
31 52
31 56
31 63
31 64
32 49
32 56
32 65
33 20
33 30
33 38
33 54
33 67
34 1
34 5
34 8
34 10
34 35
34 42
34 59
34 63
35 3
35 42
36 17
36 34
36 40
36 51
36 53
36 57
36 67
37 16
37 38
37 49
37 61
38 5
38 13
38 28
38 39
38 57
38 59
38 60
38 61
38 64
39 2
39 7
39 24
39 29
39 31
39 38
39 40
39 48
39 51
39 55
40 30
40 46
40 59
41 22
41 25
41 30
41 37
42 1
42 35
42 50
42 59
43 2
43 18
43 26
43 28
43 30
43 39
43 49
43 56
43 67
44 4
44 10
44 16
44 48
44 55
45 8
45 22
45 23
45 31
45 43
45 46
45 51
45 57
45 67
46 7
46 8
46 28
46 29
46 31
46 41
46 44
46 55
47 2
47 5
47 22
47 35
47 44
47 51
47 62
48 3
48 6
48 22
48 36
48 43
48 52
48 54
48 59
48 64
49 5
49 9
49 15
49 19
49 38
49 64
50 6
50 13
50 24
50 27
50 30
50 37
50 58
50 61
51 1
51 6
51 16
51 29
51 36
51 41
51 52
51 62
51 64
52 18
52 34
52 38
52 62
53 4
53 5
53 18
53 19
53 34
53 38
53 45
53 49
54 18
54 20
54 25
54 27
54 30
54 47
54 52
54 63
55 3
55 6
55 17
55 20
55 32
55 40
55 50
55 64
55 65
56 8
56 13
56 18
56 22
56 33
56 34
57 7
57 10
57 11
57 13
57 22
58 6
58 12
58 14
58 19
58 29
58 31
58 33
58 36
58 37
58 38
58 39
58 41
58 55
58 64
59 3
59 22
59 36
59 37
59 43
59 45
59 46
59 52
59 58
59 62
59 66
60 1
60 5
60 11
60 12
60 13
60 15
60 20
60 39
60 45
60 50
60 51
60 53
60 57
60 65
61 6
61 18
61 20
61 23
61 32
61 49
61 53
61 65
62 14
62 16
62 35
62 52
62 64
63 8
63 11
63 13
63 20
63 35
63 40
63 41
63 46
63 47
63 48
63 57
64 1
64 13
64 31
64 33
64 36
64 54
65 15
65 23
65 33
65 43
66 2
66 4
66 16
66 26
66 42
66 45
66 52
66 62
67 7
67 9
67 27
67 29
67 42
67 66
Loss 0 0 0 0 0 0 0 11 0 0 0 51 0 0 22 0 0 49 0 0 0 0 77 0 0 0 82 0 0 0 0 0 0 24 0 0 0 0 0 0 59 0 0 83 0 0 0 0 16 0 75 0 0 0 0 15 0 0 0 0 0 0 0 0 0 0 6 
