67 <--# of nodes, 459 edges
1 8
1 12
1 20
1 21
1 48
1 50
1 60
2 1
2 15
2 20
2 45
2 47
2 50
2 57
2 64
3 11
3 13
3 18
3 34
3 51
3 55
3 61
4 1
4 19
4 44
4 50
4 57
4 65
5 1
5 6
5 10
5 20
5 23
5 29
5 33
5 37
5 38
5 66
6 10
6 11
6 40
6 45
6 47
6 50
6 55
6 64
6 65
6 67
7 12
7 21
7 48
7 50
7 66
8 3
8 4
8 17
8 28
8 30
8 49
8 52
8 55
8 66
9 2
9 6
9 28
9 32
9 37
9 42
9 43
9 52
9 53
9 59
9 63
9 67
10 18
10 27
10 59
11 7
11 20
11 21
11 35
11 43
12 2
12 3
12 14
12 16
12 17
12 20
12 39
12 53
12 60
12 65
13 17
13 18
13 28
13 42
13 50
13 57
13 59
14 30
14 32
14 46
14 51
15 20
15 30
15 47
15 48
15 58
15 59
15 62
16 21
16 24
16 25
16 43
16 45
16 49
16 55
16 56
16 63
17 20
17 25
17 38
17 54
18 3
18 4
18 9
18 20
18 21
18 25
18 29
18 41
18 44
19 8
19 14
19 23
19 25
19 51
19 54
20 12
20 49
20 61
21 5
21 17
21 27
21 33
21 38
21 64
22 37
22 61
22 66
23 10
23 13
23 16
23 18
23 25
23 50
23 52
23 53
23 58
23 60
23 62
24 3
24 21
24 23
24 30
24 37
24 64
25 8
25 11
25 13
25 44
26 1
26 10
26 11
26 44
26 48
26 60
26 66
27 7
27 8
27 37
27 39
27 62
27 66
28 15
28 26
28 43
28 45
28 53
28 56
28 60
29 19
29 27
29 34
29 40
29 60
30 5
30 16
30 19
30 28
30 37
30 42
30 48
30 52
30 60
31 3
31 10
31 13
31 16
31 18
31 21
31 24
31 26
31 36
32 11
32 13
32 22
32 40
32 51
32 53
32 56
33 9
33 21
33 27
33 43
33 57
33 59
34 11
34 20
34 30
34 37
34 43
34 51
34 64
34 67
35 11
35 27
35 34
35 43
35 62
35 63
36 3
36 21
36 26
36 29
36 38
36 39
36 48
36 51
37 24
37 39
37 50
37 60
38 4
38 28
38 32
38 35
38 36
38 39
38 43
38 44
38 49
38 65
39 2
39 13
39 27
39 38
39 45
39 52
40 9
40 10
40 15
40 38
40 43
40 47
40 54
41 2
41 18
41 24
41 29
41 36
41 38
41 47
41 51
41 61
41 65
42 7
42 21
42 23
42 32
42 35
42 39
42 45
42 56
43 22
43 26
43 30
43 34
43 41
43 52
44 7
44 11
44 17
44 27
44 28
44 53
44 62
44 64
45 8
45 20
45 22
45 43
45 64
45 66
45 67
46 3
46 17
46 32
46 43
46 58
46 62
47 26
47 50
47 55
47 60
47 63
48 8
48 11
48 13
48 17
48 20
48 46
48 59
48 60
48 62
48 66
49 5
49 38
49 42
49 63
50 12
50 43
50 44
50 46
50 48
50 55
50 61
51 3
51 6
51 14
51 24
51 33
51 43
51 54
51 59
51 66
52 21
52 26
52 31
52 37
52 48
52 54
53 9
53 20
53 28
53 36
53 59
53 60
54 1
54 4
54 5
54 12
54 41
54 45
54 60
55 2
55 4
55 10
55 16
55 19
55 32
55 53
55 64
55 65
56 11
56 16
56 19
56 20
56 59
57 1
57 9
57 21
57 35
57 36
57 61
57 63
58 4
58 17
58 27
58 44
58 45
58 49
58 51
59 41
59 55
59 65
60 4
60 14
60 20
60 25
60 30
60 35
60 51
60 58
61 21
61 39
61 48
62 1
62 19
62 21
62 31
62 57
63 22
63 28
63 38
63 41
63 44
63 57
63 59
63 65
64 30
64 42
64 54
65 6
65 12
65 22
65 23
65 35
65 42
65 47
65 51
65 52
66 7
66 16
66 20
66 24
66 27
66 40
66 55
67 2
67 3
67 4
67 15
67 18
67 38
67 41
67 46
67 50
67 63
Loss 0 0 0 0 0 1 0 70 73 0 0 0 0 0 0 8 0 0 0 0 0 0 0 0 94 0 0 0 0 0 0 0 0 0 0 0 0 31 0 0 0 0 31 0 20 0 0 0 0 0 31 38 0 0 0 0 0 0 0 0 0 0 0 0 0 4 0 
