59 <--# of nodes, 322 edges
1 13
1 22
1 31
1 36
1 43
2 14
2 20
2 21
2 32
2 35
2 48
3 15
3 20
3 51
4 28
4 29
4 31
4 43
4 44
4 58
5 15
5 26
5 27
5 48
5 57
6 4
6 12
6 19
6 31
6 35
6 41
7 25
7 34
7 36
7 39
7 48
7 52
7 59
8 1
8 13
8 18
8 58
9 4
9 11
9 18
9 22
9 25
9 39
10 15
10 16
10 23
10 43
10 55
11 2
11 8
11 27
11 38
12 6
12 9
12 15
12 22
12 26
13 22
14 2
14 11
14 18
14 22
14 36
14 38
15 1
15 23
15 29
15 57
16 2
16 9
16 39
16 49
17 2
17 14
17 18
17 24
17 32
17 57
18 11
18 21
18 26
18 37
18 50
18 52
19 23
19 35
19 41
19 47
19 54
19 57
20 21
20 25
20 33
20 39
20 42
20 45
20 48
21 9
21 17
21 19
21 38
22 4
22 11
22 17
22 26
22 36
22 45
23 4
23 36
23 39
23 42
23 57
24 16
24 17
24 19
24 36
24 38
24 44
24 45
24 51
25 2
25 5
25 12
25 24
25 27
25 42
25 43
26 2
26 4
26 6
26 12
26 16
26 40
26 45
26 50
26 55
27 11
27 15
27 41
27 49
28 8
28 16
28 56
29 27
29 42
29 53
29 59
30 9
30 28
30 39
30 50
31 8
31 18
31 29
31 37
31 55
31 56
31 58
32 6
32 12
32 29
32 37
32 49
32 59
33 1
33 9
33 18
33 41
33 52
34 5
34 14
34 25
34 32
34 35
34 37
34 38
34 41
34 49
35 6
35 15
35 21
36 11
36 13
36 20
36 40
36 41
36 55
37 4
37 5
37 31
37 47
37 55
38 12
38 15
38 29
38 30
38 53
39 5
39 31
39 34
40 12
40 18
40 31
40 36
40 38
40 43
40 50
41 17
41 22
41 31
41 40
41 44
41 51
42 8
42 21
42 29
42 31
43 11
43 13
43 15
43 17
43 32
43 50
43 53
44 15
44 26
44 35
44 47
45 5
45 13
45 16
45 17
45 40
45 48
46 14
46 35
46 37
46 45
46 48
46 49
46 53
47 2
47 19
47 25
47 26
47 37
47 42
47 55
48 6
48 13
48 33
48 50
48 57
49 1
49 7
49 26
49 35
49 36
49 53
49 55
50 1
50 14
50 18
50 23
50 24
50 27
50 32
51 16
51 27
51 41
51 57
51 59
52 10
52 24
52 26
52 31
52 37
52 46
52 49
53 9
53 11
53 15
53 36
53 47
53 52
54 40
54 43
54 57
55 6
55 38
55 42
55 43
55 49
55 50
55 54
55 56
55 58
56 31
57 3
57 16
57 50
57 55
57 58
58 4
58 11
58 14
58 21
58 38
58 40
58 49
58 59
59 21
59 40
59 44
59 47
59 48
59 57
Loss 0 0 0 0 0 0 16 0 0 0 32 0 0 0 0 82 0 59 0 0 0 93 0 0 0 60 0 0 0 0 0 33 0 0 97 0 0 0 0 0 0 0 0 39 6 54 0 0 0 0 0 0 0 0 0 0 58 14 0 
