65 <--# of nodes, 429 edges
1 10
1 15
1 23
1 26
1 44
1 65
2 5
2 18
2 21
2 31
2 37
2 42
2 53
3 16
3 20
3 28
3 33
3 46
3 49
4 3
4 21
4 26
4 31
4 53
4 60
5 15
5 29
5 33
5 38
5 44
5 63
6 15
6 17
6 23
6 39
6 55
6 56
7 17
7 22
7 26
7 27
7 32
7 45
7 48
7 49
7 56
8 7
8 13
8 15
8 21
8 48
8 56
8 63
8 65
9 5
9 14
9 19
9 22
9 23
9 26
9 34
9 53
10 8
10 25
10 26
10 39
10 48
11 1
11 5
11 9
11 45
11 56
11 60
12 4
12 24
12 30
12 42
12 44
12 64
13 6
13 8
13 11
13 23
13 44
13 53
14 3
14 18
14 38
14 41
14 43
14 46
14 47
14 49
14 51
14 59
15 16
15 27
15 36
15 47
15 50
15 53
15 57
16 3
16 8
16 11
16 21
16 41
16 45
16 49
16 56
16 57
16 65
17 20
17 29
17 59
17 60
18 16
18 22
18 27
18 37
18 48
18 52
19 6
19 16
19 17
19 24
19 29
19 30
19 33
19 41
19 49
19 58
20 10
20 23
20 33
20 55
20 58
20 61
21 1
21 9
21 12
21 26
21 53
21 59
22 5
22 6
22 10
22 21
22 25
22 38
23 11
23 18
23 19
23 20
23 31
23 33
23 48
23 59
24 8
24 30
24 32
24 53
25 2
25 9
25 27
25 44
25 57
26 2
26 11
26 12
26 13
26 14
26 16
26 20
26 32
26 42
26 55
26 65
27 16
27 22
27 41
27 44
27 53
28 18
28 29
28 37
28 51
28 60
29 10
29 14
29 15
29 19
29 20
29 25
29 27
29 56
30 3
30 4
30 15
30 23
30 52
30 61
30 65
31 29
31 41
31 52
31 56
31 64
32 5
32 13
32 30
32 45
32 49
32 63
33 6
33 8
33 13
33 30
33 38
33 39
33 48
33 53
33 56
34 17
34 18
34 37
34 58
35 1
35 3
35 11
35 22
35 58
36 14
36 26
36 33
36 35
36 42
36 43
36 44
36 60
36 61
36 62
37 5
37 7
37 20
37 25
37 26
37 31
37 32
37 34
37 42
37 43
37 61
38 21
38 28
38 32
38 50
38 64
39 10
39 18
39 20
39 43
39 49
39 50
40 1
40 4
40 32
40 33
41 1
41 30
41 52
41 57
41 59
41 62
42 5
42 16
42 17
42 20
42 33
42 55
42 61
43 2
43 8
43 12
43 13
43 40
43 45
44 4
44 9
44 12
44 19
44 20
44 31
44 36
44 45
44 53
44 54
44 62
44 63
45 24
45 36
45 38
45 40
45 57
45 65
46 15
46 18
46 35
46 52
46 62
47 5
47 15
47 21
47 22
47 35
47 54
48 2
48 3
48 23
48 27
48 35
48 37
48 46
48 51
48 63
49 42
49 60
50 14
50 33
50 37
50 40
50 55
51 3
51 9
51 14
51 16
51 30
51 38
51 49
51 65
52 4
52 22
52 30
52 50
53 22
53 45
53 56
54 3
54 6
54 7
54 10
54 15
54 27
54 40
54 48
54 52
54 64
55 44
55 45
55 57
55 58
56 14
56 21
56 23
56 26
56 32
56 33
56 34
56 36
56 46
56 57
56 58
56 63
57 14
57 16
57 25
57 34
57 35
57 50
57 55
57 58
58 5
58 15
58 20
58 45
58 54
58 59
59 6
59 10
59 16
59 31
59 61
60 9
60 21
60 22
60 29
61 6
61 18
61 21
61 38
61 46
61 55
61 57
62 5
62 8
62 9
62 22
62 26
62 28
62 38
62 39
63 6
63 26
63 33
63 38
63 48
63 49
63 60
64 8
64 16
64 28
64 30
65 2
65 33
65 34
65 44
65 46
65 62
65 64
Loss 0 64 0 46 0 0 81 0 0 0 0 0 0 7 0 0 32 24 0 0 0 98 86 0 0 0 0 0 0 0 13 0 0 74 75 0 0 0 0 0 0 0 0 0 0 0 0 0 0 0 0 0 0 0 0 0 0 95 0 0 66 0 48 0 98 
