41 <--# of nodes, 147 edges
1 20
1 21
1 22
1 26
1 31
1 36
1 39
2 19
2 21
2 25
2 39
3 28
3 30
3 36
4 5
4 6
4 12
4 21
4 27
4 29
4 35
5 19
6 15
6 20
6 23
6 32
6 34
7 3
7 5
7 11
7 12
7 13
7 31
7 39
8 41
9 17
9 20
10 11
10 20
10 23
10 26
11 12
11 25
11 29
11 35
12 27
12 28
12 41
13 4
13 10
13 22
13 41
14 41
15 5
16 9
16 22
16 35
16 39
17 8
17 21
18 2
18 9
18 13
18 24
18 25
19 27
19 30
20 3
20 34
21 8
21 29
21 32
22 1
22 6
22 16
22 18
22 19
22 25
22 28
22 37
23 6
23 9
23 11
24 2
24 8
24 11
24 18
24 37
24 40
25 15
25 20
25 32
26 38
27 5
27 10
27 24
27 35
28 4
28 30
29 10
29 11
29 14
29 22
29 30
30 2
30 7
30 21
30 28
31 7
31 35
31 37
32 2
32 7
32 11
32 15
32 35
33 20
33 25
34 22
34 33
35 7
35 13
35 31
35 32
35 36
35 38
35 41
36 31
36 38
37 12
37 21
37 22
37 35
38 16
38 29
38 35
39 3
39 12
40 3
40 13
40 17
40 31
40 34
41 5
41 15
41 27
41 34
Loss 0 0 0 0 0 0 0 0 0 79 0 0 0 0 0 0 0 0 0 0 0 59 0 13 69 0 0 0 0 0 0 0 0 51 48 0 0 0 0 0 0 
