66 <--# of nodes, 408 edges
1 12
1 38
1 62
1 65
2 4
2 24
2 47
2 55
3 12
3 29
3 51
3 57
4 1
4 33
4 42
4 57
4 63
5 9
5 18
5 36
5 45
6 2
6 10
6 13
6 21
6 26
6 34
6 51
7 8
7 17
7 18
7 20
7 24
7 30
7 34
7 35
7 39
7 43
7 44
7 59
8 11
8 14
8 17
8 43
8 46
8 52
9 1
9 33
9 34
9 45
9 49
9 50
9 56
10 7
10 20
10 24
10 36
10 43
10 51
10 53
11 12
11 24
11 65
12 15
12 38
12 39
12 45
13 6
13 8
13 14
13 19
13 37
13 43
13 56
13 64
14 1
14 3
14 21
14 31
14 34
14 49
15 11
15 13
15 14
15 24
15 26
15 28
15 33
15 43
15 50
15 56
15 62
16 4
16 7
16 26
16 29
16 39
16 51
16 59
16 61
16 63
17 16
17 28
17 32
17 36
18 1
18 6
18 9
18 15
18 27
18 28
18 31
18 35
18 56
18 60
19 7
19 10
19 11
19 26
19 42
19 54
19 56
20 13
20 14
20 29
20 32
20 37
20 39
20 46
21 3
21 5
21 8
21 25
21 32
21 64
22 1
22 7
22 14
22 27
22 33
22 41
22 64
22 66
23 25
23 26
23 49
23 53
23 62
23 63
24 13
24 17
24 19
24 61
25 26
25 41
25 54
25 61
25 64
26 2
26 9
26 10
26 22
26 41
26 66
27 8
27 12
27 48
27 53
27 56
27 59
28 15
28 36
28 38
28 43
28 48
28 57
29 4
29 15
29 34
29 35
29 47
30 1
30 47
30 48
30 65
30 66
31 5
31 18
31 29
31 43
31 51
31 62
31 66
32 1
32 8
32 15
32 22
32 25
32 43
32 44
32 49
32 52
32 66
33 17
33 32
33 34
33 59
34 1
34 5
34 12
34 14
34 17
34 19
35 10
35 11
35 24
35 27
35 49
36 11
36 18
36 22
36 33
36 40
36 49
36 51
36 55
36 59
36 62
37 2
37 4
37 8
37 16
37 19
37 23
37 28
37 45
37 63
38 16
38 25
38 66
39 1
39 10
39 42
39 52
39 63
39 65
40 2
40 3
40 26
40 27
40 31
40 53
40 63
41 16
41 19
41 28
41 29
41 36
41 49
41 62
42 6
42 21
42 26
42 43
42 46
42 47
42 58
43 46
43 55
44 1
44 10
44 13
44 18
44 52
44 63
45 9
45 24
45 25
45 58
45 63
46 4
46 6
46 8
46 10
46 14
46 16
46 41
46 50
46 63
47 15
47 18
47 19
47 40
47 41
47 65
48 16
48 19
48 21
48 30
48 55
48 62
48 63
49 2
49 38
49 39
49 46
49 52
49 55
50 2
50 6
50 11
50 13
50 23
50 34
50 64
50 65
51 7
51 13
51 19
51 24
51 33
51 42
51 64
52 10
52 19
52 26
52 41
53 35
53 38
53 40
53 41
53 45
53 66
54 3
54 18
54 21
54 34
54 35
54 60
55 2
55 7
55 17
55 21
55 25
55 26
55 39
55 44
55 54
55 58
55 60
55 65
56 6
56 17
56 35
56 40
56 64
57 12
57 37
57 54
58 13
58 25
58 29
58 30
58 55
58 63
58 66
59 36
59 43
59 60
59 63
60 26
60 28
60 30
60 31
60 34
60 49
61 8
61 14
61 29
61 54
61 58
63 15
63 17
63 20
63 36
63 38
63 52
63 65
63 66
64 9
64 14
64 17
64 18
64 32
65 7
65 11
65 19
65 30
65 31
65 40
65 51
66 8
66 41
66 49
66 50
66 56
66 58
66 63
Loss 0 0 46 0 0 0 88 0 0 0 0 0 0 0 0 72 38 0 0 0 0 0 0 0 0 0 0 0 30 0 0 37 0 0 49 0 0 90 82 0 59 58 0 0 0 20 0 0 0 0 0 0 50 0 0 0 0 0 0 12 0 0 0 0 0 0 
