63 <--# of nodes, 370 edges
1 10
1 25
1 41
1 47
1 55
1 60
2 12
2 33
2 36
2 39
2 53
2 54
2 60
3 36
3 46
3 51
3 52
4 1
4 7
4 13
4 14
4 17
4 20
4 41
4 47
5 19
5 26
5 50
5 57
5 62
6 2
6 3
6 24
6 29
6 60
6 61
6 63
7 16
7 36
7 43
7 58
8 14
8 20
8 25
8 28
8 45
8 59
9 2
9 3
9 6
9 11
9 26
9 32
9 43
9 60
10 3
10 52
10 54
11 1
11 2
11 8
11 12
11 16
11 26
11 42
11 52
12 1
12 4
12 8
12 10
12 17
12 42
12 51
13 7
13 41
13 42
13 50
13 51
14 4
14 15
14 18
14 20
14 26
14 40
14 41
14 50
15 3
15 23
15 32
15 35
15 59
16 2
16 3
16 6
16 7
16 19
16 34
16 40
16 49
16 58
17 9
17 15
17 18
17 38
17 39
18 23
18 32
18 49
18 55
19 1
19 5
19 9
19 13
19 15
19 29
19 39
19 48
19 49
19 54
19 62
19 63
20 1
20 5
20 10
20 30
20 34
20 53
20 60
20 63
21 38
21 41
21 44
22 37
22 49
22 61
23 2
23 7
23 15
23 36
23 38
23 41
23 58
23 63
24 11
24 18
24 39
24 46
24 49
24 51
24 59
24 60
25 10
25 11
25 47
25 53
26 2
26 3
26 20
26 28
26 30
26 37
26 57
27 1
27 21
28 6
28 19
28 24
28 30
28 52
29 1
29 12
29 23
29 30
29 33
29 35
29 51
29 52
29 56
30 7
30 22
30 40
30 57
31 1
31 24
31 37
31 38
31 40
31 42
31 59
32 16
32 30
32 38
33 19
33 29
33 39
33 46
33 48
33 55
34 5
34 13
34 14
34 16
34 53
35 10
35 11
35 30
35 59
35 60
36 5
36 6
36 16
36 23
36 24
36 26
36 39
36 45
36 47
37 19
37 35
37 46
37 54
38 13
38 57
38 60
39 8
39 19
39 50
40 2
40 10
40 17
40 23
40 28
40 29
40 55
40 61
41 12
41 14
41 31
41 57
42 11
42 25
42 27
42 29
42 62
43 6
43 15
43 19
43 31
43 37
43 46
43 55
43 61
44 6
44 23
44 26
44 30
44 34
44 41
44 46
44 47
44 56
45 7
45 10
45 43
46 6
46 16
46 34
46 35
46 37
46 43
46 50
46 56
46 60
46 61
47 4
47 12
47 24
47 53
48 29
48 31
48 33
48 36
48 38
48 39
48 42
48 59
49 6
49 34
49 35
49 42
49 47
49 54
50 1
50 2
50 9
50 26
50 30
50 51
50 62
51 12
51 34
51 38
52 1
52 7
52 22
52 35
52 49
52 63
53 1
53 38
53 39
53 54
53 55
53 58
54 21
54 23
54 27
54 38
54 53
54 56
55 19
55 39
55 44
55 47
55 54
55 59
56 31
56 33
56 35
56 38
56 47
56 62
57 13
57 29
57 40
57 43
57 44
57 48
57 62
58 17
58 59
58 61
59 2
59 5
59 18
59 34
59 46
59 54
60 1
60 8
60 10
60 11
60 13
60 15
60 26
60 35
60 48
61 4
61 50
61 55
61 60
62 13
62 18
62 20
62 57
63 1
63 16
63 17
63 40
63 49
Loss 0 0 0 0 0 0 0 0 0 0 0 0 0 0 0 0 0 0 0 0 0 0 0 0 26 0 0 0 0 0 0 0 0 14 0 0 0 0 0 0 0 0 0 0 0 0 0 97 0 59 81 42 61 0 0 0 0 0 0 0 0 0 41 
