59 <--# of nodes, 322 edges
1 2
1 28
1 30
1 51
1 58
2 4
2 10
2 12
2 16
2 20
2 29
2 48
2 53
3 2
3 9
3 16
3 20
3 23
3 40
3 42
3 44
4 7
4 12
4 19
4 22
4 35
4 39
4 45
4 50
5 10
5 12
5 17
5 25
5 41
5 49
5 52
6 31
6 38
6 39
6 58
8 7
8 9
8 12
8 35
8 39
8 40
9 11
9 55
9 57
10 20
10 25
10 39
10 43
10 45
11 3
11 35
11 46
11 50
11 57
12 1
12 7
12 8
12 9
12 29
12 43
12 53
13 7
13 22
13 25
13 27
13 29
13 32
13 44
14 16
14 20
14 36
14 44
14 50
14 53
15 8
15 11
15 25
15 35
15 56
16 14
16 24
16 32
16 48
17 3
17 13
17 18
17 26
17 31
17 43
17 44
17 55
18 9
18 13
18 20
18 31
18 38
18 53
19 2
19 7
19 11
19 14
19 16
19 18
19 38
20 16
20 22
20 38
20 44
20 46
21 25
21 46
21 53
21 56
22 4
22 16
22 17
22 19
22 20
22 21
22 24
22 36
23 17
24 2
24 17
24 19
24 31
24 34
25 4
25 9
25 26
25 32
25 34
26 15
26 49
26 50
26 57
27 11
27 14
27 18
27 36
27 44
27 48
27 56
28 3
28 6
28 13
28 32
28 56
29 26
30 11
30 17
30 18
30 25
30 31
30 37
30 40
31 10
31 13
31 18
31 24
31 25
31 32
32 6
32 34
32 43
33 22
33 31
33 55
34 1
34 11
34 15
34 21
34 42
34 43
34 49
35 38
35 53
36 3
36 6
36 10
36 12
36 19
36 46
36 54
37 1
37 19
37 27
37 51
37 53
38 4
38 11
38 17
38 23
38 27
38 29
38 39
39 14
39 25
39 35
39 36
40 3
40 10
40 15
40 22
40 27
40 28
40 33
40 58
41 10
41 11
41 28
41 37
41 51
41 53
42 12
42 15
42 47
42 56
43 1
43 5
43 17
43 19
43 23
43 27
43 31
43 33
43 34
43 40
43 45
44 7
44 10
44 16
44 24
44 29
44 45
44 48
44 52
45 6
45 12
45 14
45 21
45 36
46 7
46 11
46 25
46 32
47 15
47 38
47 39
47 54
47 56
47 59
48 12
48 19
48 21
48 26
48 43
48 47
48 50
49 8
49 20
49 34
49 43
49 55
50 7
50 28
50 48
50 56
51 13
51 20
51 23
51 27
51 41
51 49
52 18
52 20
52 22
52 26
53 10
53 23
53 48
53 56
54 1
54 2
54 18
54 21
54 27
54 28
54 34
54 35
54 37
54 40
54 42
54 45
54 46
54 48
54 50
54 55
55 8
55 11
55 14
55 15
55 39
55 40
56 31
57 13
57 26
57 37
57 39
57 43
57 44
57 47
58 4
58 33
58 54
59 27
59 36
Loss 0 87 0 88 0 0 0 0 0 20 0 0 64 0 0 0 0 0 0 0 0 0 0 0 0 0 0 0 0 20 0 0 0 0 0 0 0 0 0 0 0 0 0 0 99 41 0 27 0 0 0 0 50 0 0 18 11 0 0 
