32 <--# of nodes, 98 edges
1 5
1 9
1 21
1 22
2 11
2 21
2 24
2 28
2 30
3 4
3 24
4 22
4 31
5 16
5 24
5 26
5 30
6 20
6 22
7 5
7 22
7 25
9 15
10 1
10 5
10 26
10 28
11 9
11 19
11 24
12 1
12 6
12 8
12 9
12 16
12 22
12 24
13 9
13 11
13 12
13 24
13 32
14 3
14 22
14 25
16 3
16 31
17 16
18 22
18 23
19 3
19 11
19 16
19 31
20 9
20 28
21 6
21 18
21 23
21 28
22 1
22 3
22 21
23 8
23 20
24 21
25 12
25 14
25 17
26 6
26 19
27 1
27 7
27 8
27 11
27 20
27 29
28 13
28 15
28 30
29 8
29 18
29 22
30 2
30 5
30 11
30 12
30 25
30 28
31 7
31 12
31 14
31 21
31 29
32 8
32 17
32 19
32 25
Loss 0 0 46 0 0 35 0 0 0 0 0 0 0 46 0 42 0 0 0 50 0 0 0 75 0 0 0 0 89 0 0 0 
