32 <--# of nodes, 96 edges
1 20
1 21
2 5
3 12
3 16
4 5
4 10
5 3
5 4
5 8
6 11
6 15
6 22
6 25
8 1
8 2
8 4
8 5
8 12
9 4
9 6
9 15
9 23
10 21
10 25
11 5
11 20
11 30
12 1
12 8
12 10
12 19
13 2
13 6
13 9
13 21
13 24
13 32
14 1
14 7
14 8
14 23
14 25
14 31
14 32
15 11
15 25
15 32
16 8
16 10
16 12
16 18
17 5
17 22
18 2
18 4
18 10
18 20
19 23
20 18
20 26
20 29
21 7
21 11
22 9
22 26
22 29
23 19
23 30
23 31
24 20
24 30
25 2
25 16
25 19
25 32
26 3
26 20
26 22
26 27
27 12
27 16
27 20
27 21
27 23
28 5
28 15
28 29
29 7
30 3
30 6
30 11
30 21
31 2
31 8
32 5
Loss 0 0 0 0 7 5 0 35 0 0 0 14 0 0 0 0 0 94 0 0 0 0 0 0 0 0 42 79 0 0 0 0 
