40 <--# of nodes, 166 edges
1 8
1 10
1 25
1 39
2 8
2 19
2 24
2 33
3 10
3 13
3 14
3 16
3 17
3 20
3 32
4 24
4 26
4 27
4 36
5 2
5 9
5 24
5 25
6 7
6 27
6 29
7 6
7 20
7 27
7 40
8 5
8 13
8 16
8 24
8 29
8 31
9 7
9 13
9 18
9 28
9 34
10 9
10 22
10 32
10 37
11 16
11 23
11 27
12 1
12 13
12 19
12 20
12 37
12 38
12 40
13 21
13 34
14 12
14 20
14 33
14 40
15 11
15 13
15 18
15 20
15 38
16 9
16 22
16 29
16 33
17 12
17 26
18 3
18 14
18 15
18 21
18 39
19 33
19 35
20 8
20 9
20 15
20 23
21 31
21 40
22 12
22 21
22 28
24 8
24 17
24 30
25 2
25 5
25 7
25 17
25 19
25 31
25 39
26 16
26 20
26 21
26 28
26 30
26 34
27 22
27 32
28 3
28 7
28 19
28 39
29 14
29 20
29 28
29 31
29 34
29 36
29 38
30 4
30 6
30 11
30 13
30 15
31 2
31 8
31 17
31 23
31 32
31 37
31 40
32 17
32 20
32 23
32 25
32 26
32 34
32 35
33 3
33 6
33 24
34 3
34 9
34 10
34 21
34 22
34 25
36 2
36 4
36 13
36 18
36 23
36 38
36 40
37 10
37 14
37 38
38 3
38 12
38 17
38 22
38 23
38 29
38 34
39 19
39 24
39 28
40 18
Loss 0 0 0 0 0 0 0 13 0 21 99 0 0 94 0 0 0 0 0 5 0 23 0 0 0 0 0 0 0 0 0 0 0 0 0 0 0 0 0 0 
