58 <--# of nodes, 302 edges
1 2
1 14
1 29
1 41
1 42
1 43
1 52
1 56
2 4
2 18
2 38
2 39
2 52
2 57
3 8
3 31
3 34
3 40
3 46
3 54
3 56
4 12
4 14
4 30
4 46
5 3
5 6
5 10
5 13
5 41
5 46
6 13
6 14
6 39
6 43
6 51
7 18
7 22
7 35
7 44
7 57
8 14
8 16
8 31
8 52
8 53
9 14
10 22
10 32
10 46
11 22
11 28
11 39
11 43
11 45
11 49
11 56
11 57
12 4
12 11
12 13
12 24
12 31
12 33
12 45
13 10
13 39
13 52
13 54
13 55
13 58
14 16
14 24
14 27
14 32
14 33
14 35
14 54
15 11
15 17
15 18
15 32
15 52
16 10
16 13
16 14
16 15
16 33
16 34
16 51
16 53
16 55
16 56
17 1
17 2
17 8
17 10
17 15
17 30
17 35
17 45
17 46
17 53
17 57
17 58
18 9
18 54
18 56
19 7
19 12
19 21
19 54
20 4
20 8
20 27
20 28
20 33
20 38
20 41
20 45
21 4
21 12
21 13
21 15
21 18
21 30
21 47
22 8
22 19
22 41
22 44
22 48
23 21
23 25
23 39
24 21
24 22
24 35
24 36
24 58
25 30
25 40
25 54
25 55
26 3
26 22
26 24
26 36
26 39
26 46
26 56
27 9
27 17
27 19
27 37
27 41
27 42
27 48
27 54
28 1
28 2
28 46
29 39
29 52
30 13
30 28
30 31
31 18
31 20
31 35
31 42
31 58
32 7
32 10
32 24
32 37
33 6
33 12
33 14
33 17
33 23
33 25
33 28
33 31
33 35
34 7
34 10
34 17
34 38
34 44
35 6
35 12
35 56
36 18
36 20
36 23
36 26
36 30
36 35
36 39
37 1
37 7
37 8
37 13
37 36
37 45
37 46
38 8
38 25
38 51
38 58
39 3
39 11
39 37
39 42
39 44
39 52
40 8
40 25
40 43
40 44
40 53
41 19
41 55
42 45
42 46
42 56
43 10
43 12
43 55
44 13
44 27
44 30
44 40
44 45
44 47
44 51
45 8
45 35
45 55
46 9
46 16
46 21
46 44
46 55
47 1
47 6
47 15
47 42
47 56
48 6
48 7
48 22
48 39
49 6
49 9
49 37
49 39
49 42
49 43
49 58
50 10
50 13
50 15
50 34
50 52
51 4
51 6
51 21
51 56
52 7
52 15
52 25
52 41
53 2
53 8
53 14
53 34
53 43
53 46
53 47
53 55
53 58
54 13
54 29
54 33
54 57
55 1
55 23
55 26
55 27
55 45
56 7
56 32
56 51
57 11
57 31
57 35
57 38
58 19
58 21
58 25
Loss 0 0 0 0 0 0 0 0 0 0 0 0 0 0 0 0 0 0 0 16 0 85 0 0 35 0 0 0 0 0 0 0 0 0 49 0 0 87 0 0 0 0 0 0 74 57 0 0 0 0 33 99 34 0 0 20 78 37 
