44 <--# of nodes, 178 edges
1 7
1 14
1 25
1 33
2 17
2 25
2 26
2 28
2 32
3 12
4 14
4 18
4 20
4 29
4 34
5 7
5 17
5 26
5 27
6 2
6 3
6 31
6 34
7 2
7 5
7 25
8 1
8 23
8 32
9 3
9 6
9 11
9 15
9 16
9 37
9 40
10 31
10 32
10 41
11 23
11 24
11 26
11 33
12 6
12 34
12 36
12 42
13 2
13 3
13 17
13 27
13 33
14 27
14 28
14 36
15 3
15 28
15 32
15 34
16 1
16 5
16 14
16 21
17 10
17 22
17 30
18 1
18 9
18 12
18 20
18 33
19 1
19 2
19 26
19 28
19 31
19 36
19 39
20 16
20 43
21 16
21 33
21 39
21 40
22 4
22 15
22 21
22 27
22 28
23 3
23 14
23 17
23 21
23 31
23 37
24 5
24 6
24 15
24 21
24 43
25 13
25 19
25 23
25 40
26 1
26 2
26 7
26 24
26 27
26 32
27 5
27 6
27 9
28 24
28 31
28 37
29 2
29 35
30 22
30 32
30 35
30 39
30 41
31 17
32 3
32 5
32 20
32 21
32 24
32 28
32 29
32 35
33 14
34 3
34 7
34 12
34 15
35 23
36 4
36 18
36 32
36 39
36 42
37 10
37 15
37 23
37 25
38 2
38 6
38 20
38 23
38 26
38 27
38 28
39 24
39 26
39 30
39 43
39 44
40 10
40 27
40 30
40 32
40 34
41 1
41 2
41 38
42 5
42 6
42 17
42 28
42 29
43 13
43 30
43 40
44 25
44 30
44 43
Loss 0 0 0 0 0 0 0 0 0 20 0 0 0 0 0 0 0 0 35 0 0 0 0 0 0 0 35 0 0 0 67 0 0 0 0 0 0 0 66 33 14 0 54 0 
