35 <--# of nodes, 109 edges
1 22
1 32
2 6
2 25
2 34
3 2
3 12
3 24
3 29
3 30
4 11
4 19
4 24
5 13
5 22
5 23
6 13
6 23
6 24
6 31
6 33
6 35
7 2
7 4
7 28
7 29
8 3
8 7
8 20
9 4
10 8
10 23
10 26
11 2
11 4
11 15
11 32
12 6
12 29
12 34
13 12
13 29
14 8
14 10
14 20
14 25
15 6
15 11
15 12
15 14
15 35
16 26
16 33
17 18
17 25
17 32
18 5
18 6
18 7
18 34
19 12
19 18
19 23
20 7
20 32
21 29
21 31
21 34
22 20
22 32
23 3
24 27
24 29
24 31
24 33
24 35
25 2
25 3
25 14
25 22
25 34
25 35
26 13
26 28
26 30
27 3
27 17
27 30
28 2
28 3
28 11
28 22
28 33
29 2
29 17
30 14
31 15
31 35
32 1
32 7
32 31
33 9
33 10
33 19
34 2
34 18
34 23
35 9
35 34
Loss 0 0 0 23 0 0 0 0 0 17 0 0 0 0 0 0 0 0 0 0 50 78 0 0 0 0 0 99 36 0 0 0 0 0 0 
