40 <--# of nodes, 158 edges
1 3
1 15
1 20
1 31
1 34
2 18
2 33
3 1
3 7
3 9
3 13
3 23
3 26
3 34
3 37
3 39
5 11
5 32
5 38
6 3
6 12
6 15
6 16
6 28
6 29
6 35
7 19
7 27
7 37
7 39
8 1
8 20
8 26
8 40
9 12
9 15
9 35
10 16
10 25
10 29
11 23
11 24
11 25
11 29
11 38
12 3
13 5
13 22
13 23
13 37
13 39
14 31
14 39
14 40
15 9
15 20
15 26
15 33
15 40
16 7
16 10
16 24
17 5
17 10
17 13
17 20
17 27
17 35
18 2
18 3
18 9
18 24
18 26
18 40
20 2
20 5
20 23
20 30
20 33
20 34
20 36
21 9
21 11
21 15
21 23
21 24
21 25
21 29
21 36
21 40
22 5
22 18
22 34
22 39
23 18
24 23
24 37
25 5
25 34
26 2
26 13
26 19
26 24
26 30
26 32
27 9
27 38
28 14
28 16
28 26
28 34
28 35
28 36
29 4
29 7
29 19
29 36
30 3
30 4
30 11
30 25
30 26
30 35
31 18
31 34
31 39
32 11
32 40
33 6
34 9
34 15
35 2
35 8
35 15
35 32
35 39
36 13
37 5
37 20
38 8
38 10
38 12
38 19
38 25
38 26
38 28
38 30
38 39
39 3
39 7
39 10
39 19
39 37
40 5
40 12
40 14
40 21
40 33
Loss 0 30 0 0 0 0 0 95 0 0 0 0 0 0 0 0 75 0 0 0 0 0 0 0 17 0 0 0 0 0 0 0 0 0 0 0 28 61 0 0 
