68 <--# of nodes, 450 edges
1 12
1 27
1 43
1 68
2 9
2 24
2 36
3 1
3 25
3 28
3 43
3 49
4 6
4 25
4 35
4 42
4 62
4 64
5 3
5 25
5 26
5 30
5 38
5 40
5 44
5 49
5 50
5 52
6 22
6 27
6 53
6 64
7 1
7 6
7 9
7 11
7 12
7 16
7 21
7 26
7 33
8 10
8 16
8 20
8 31
8 35
8 41
8 44
8 57
9 1
9 3
9 14
9 20
9 23
9 33
9 37
9 41
9 50
9 57
9 64
10 20
10 23
10 33
10 35
10 42
10 46
10 50
10 55
10 63
11 5
11 15
11 17
11 23
11 26
11 46
11 52
12 13
12 14
12 18
12 56
12 59
13 10
13 12
13 17
13 18
13 21
13 28
13 29
13 35
13 38
13 44
13 52
13 58
13 67
14 6
14 8
14 18
14 33
14 53
14 65
15 11
15 29
15 33
15 45
15 46
15 61
15 65
16 8
16 9
16 31
16 32
16 41
16 44
17 42
17 57
17 61
18 1
18 39
18 58
19 28
19 40
19 41
19 48
19 52
20 5
20 32
20 34
20 36
20 37
20 42
20 65
20 67
20 68
21 8
21 10
21 12
21 20
21 33
21 46
21 50
21 53
21 59
21 68
22 2
22 4
22 13
22 19
22 31
23 7
23 15
23 30
23 53
23 63
24 12
24 30
24 49
24 57
25 13
25 29
25 45
26 1
26 23
26 37
26 38
26 47
26 56
26 60
26 65
27 3
27 21
27 33
27 44
27 53
28 4
28 15
28 43
28 45
28 49
28 55
28 68
29 6
29 24
29 28
29 32
29 45
29 47
29 50
29 67
30 3
30 6
30 18
30 35
30 40
30 41
30 48
31 4
31 6
31 14
31 33
31 38
31 61
32 11
32 41
32 67
33 1
33 17
33 26
33 31
33 39
33 56
33 57
34 2
34 10
34 19
34 29
34 40
34 53
34 55
35 1
35 12
35 16
35 22
35 26
35 45
35 49
35 56
35 58
35 63
35 64
35 66
35 68
36 23
36 31
36 45
36 49
36 53
36 60
37 15
37 18
37 28
37 29
37 55
37 59
38 12
38 13
38 16
38 33
38 42
38 54
38 56
38 62
38 67
39 2
39 16
39 18
39 38
39 43
39 46
39 53
39 58
40 9
40 12
40 13
40 22
40 30
40 38
40 68
41 4
41 6
41 10
41 11
41 19
41 26
41 27
42 1
42 5
42 46
42 58
42 62
42 66
43 4
43 48
43 51
43 56
43 66
44 3
44 14
44 18
44 39
44 48
44 63
45 5
45 6
45 13
45 32
45 55
46 3
46 8
46 16
46 33
46 35
46 36
46 51
46 53
46 54
46 59
46 66
46 68
47 11
47 22
47 26
47 43
47 53
47 59
48 13
48 15
48 17
48 22
48 35
48 37
48 46
49 8
49 22
49 24
49 39
49 47
49 64
50 10
50 26
50 36
50 39
50 47
50 59
51 13
51 24
51 31
52 1
52 2
52 3
52 5
52 17
52 19
52 61
52 68
53 11
53 12
53 36
53 39
53 55
54 1
54 19
54 24
54 45
54 60
54 62
54 63
54 64
55 16
55 17
55 29
55 33
55 44
55 54
55 58
55 65
56 2
56 27
56 38
56 50
56 54
57 1
57 6
57 11
57 17
57 19
57 20
57 22
57 45
57 50
58 21
58 22
58 28
58 32
58 33
58 37
58 52
58 68
59 13
59 25
59 27
59 47
59 52
59 53
60 8
60 16
60 35
60 42
60 47
60 58
61 8
61 10
61 25
61 32
61 44
61 51
61 63
62 2
62 4
62 19
62 24
62 29
62 34
62 35
62 37
63 1
63 23
63 30
63 34
63 43
63 50
64 17
64 37
64 44
64 58
65 6
65 9
65 12
65 28
65 38
65 42
65 57
66 16
66 17
66 23
66 25
66 26
66 44
66 53
66 55
67 7
67 19
67 21
67 25
67 32
68 11
68 14
68 16
68 23
68 34
68 63
Loss 0 0 0 23 0 0 0 0 0 93 0 47 0 0 0 0 0 0 0 0 0 75 0 67 0 0 34 0 0 0 0 0 6 74 0 0 0 0 0 0 0 0 0 0 0 48 0 0 0 48 0 0 54 0 0 16 0 0 0 0 0 0 0 0 0 0 24 80 
