38 <--# of nodes, 135 edges
1 29
2 22
3 17
3 29
3 38
4 1
4 11
4 35
5 3
5 13
5 24
5 27
5 34
6 4
6 5
6 7
6 12
6 38
7 2
7 6
7 12
7 18
7 31
7 35
8 16
8 35
8 37
9 2
9 7
9 18
9 38
10 17
11 2
11 3
12 2
12 20
12 26
12 30
12 37
13 34
14 15
14 20
14 22
14 30
14 37
15 21
15 22
15 24
15 33
16 4
16 8
16 21
16 29
16 31
16 36
17 3
17 9
17 26
17 29
17 30
18 8
18 12
18 24
18 35
19 4
19 9
19 21
19 30
19 36
20 12
20 17
20 29
21 2
21 7
21 14
21 25
21 27
21 33
21 34
21 36
22 2
22 10
23 2
23 20
23 31
23 32
24 11
24 12
24 23
24 26
24 37
25 8
25 17
25 18
25 19
25 38
27 14
27 20
27 26
27 31
28 5
28 6
28 19
28 23
29 7
29 23
29 28
29 34
30 4
30 13
30 36
31 17
31 20
31 30
31 36
32 18
32 29
32 38
33 7
33 10
33 13
33 26
33 29
33 31
33 36
34 7
34 30
34 38
35 4
35 28
35 38
36 16
37 12
38 24
38 32
Loss 0 0 0 0 0 0 0 0 54 0 0 0 0 0 63 0 0 0 0 0 0 5 0 0 0 0 0 50 49 20 0 0 16 0 0 0 0 53 
