61 <--# of nodes, 340 edges
1 16
1 17
1 20
1 25
1 31
1 44
1 50
1 51
2 24
2 32
2 36
2 42
2 48
3 2
3 5
3 12
3 15
3 18
3 22
3 28
3 33
3 41
3 51
3 60
4 12
4 28
4 33
4 42
4 49
4 51
5 7
5 10
5 21
5 44
5 48
5 49
5 50
5 54
5 59
5 60
6 1
6 9
6 31
6 33
6 46
7 46
7 47
8 5
8 9
8 15
8 16
8 30
8 31
8 41
8 49
8 58
8 60
8 61
9 16
9 36
9 38
9 52
9 57
10 1
10 12
10 35
10 43
10 59
10 61
11 1
11 3
11 12
11 13
11 33
11 60
12 9
12 50
13 24
14 10
14 17
14 30
14 33
14 36
14 45
15 19
15 33
15 36
16 9
16 11
16 12
16 15
16 31
16 48
16 53
17 3
17 20
17 22
17 41
17 46
17 47
18 9
18 13
18 23
18 39
18 45
18 49
18 55
18 60
19 12
19 17
19 27
19 30
19 33
19 44
20 21
20 27
20 31
20 42
20 57
21 17
21 30
21 36
21 37
21 40
21 41
21 43
22 32
22 54
23 34
24 2
24 3
24 34
24 54
25 2
25 19
25 21
25 24
25 39
25 57
26 2
26 4
26 12
26 18
26 20
26 23
26 41
26 45
26 54
27 6
27 11
27 14
27 26
27 49
27 55
27 56
28 3
28 12
28 14
28 27
28 47
28 48
28 51
29 17
29 24
29 32
29 39
29 57
29 58
30 13
30 31
30 36
30 41
31 25
31 50
32 3
32 30
32 45
32 60
33 9
33 25
33 51
34 9
34 14
34 17
34 19
35 17
35 18
35 26
35 32
35 33
35 51
35 52
36 21
36 22
36 32
36 46
36 48
37 11
37 14
37 20
37 39
37 61
38 1
38 5
38 14
38 20
38 22
38 23
38 39
38 42
38 46
38 59
39 4
39 9
39 35
39 55
40 11
40 12
40 21
40 24
40 28
40 29
40 36
40 44
40 54
40 60
41 3
41 4
41 25
41 30
41 31
41 38
41 47
41 51
42 2
42 19
42 24
42 32
42 35
42 45
42 52
43 1
43 2
43 29
43 31
43 51
44 1
44 5
44 20
44 31
44 41
44 42
44 46
44 47
44 61
45 4
45 9
45 20
45 22
45 34
45 47
46 5
46 17
46 24
46 39
46 43
46 52
47 9
47 17
47 21
47 37
47 39
47 45
47 46
47 52
47 59
48 13
48 32
48 45
48 50
49 9
49 24
49 33
49 42
49 45
49 50
50 5
50 21
50 30
50 45
50 54
51 5
51 6
51 26
51 29
51 32
51 33
51 38
52 20
52 23
52 32
52 56
52 60
53 10
53 17
53 21
53 61
54 6
54 15
54 23
54 28
54 30
54 39
55 5
55 34
55 40
56 2
56 5
56 9
56 22
56 30
56 33
57 1
57 14
57 28
57 37
57 48
58 6
58 12
58 27
58 30
58 37
58 43
58 59
59 25
59 50
60 57
61 18
61 21
61 48
Loss 0 0 0 57 0 0 0 0 0 0 0 0 0 0 0 0 0 0 2 79 0 21 0 0 0 0 0 0 41 0 0 0 0 13 0 0 17 60 0 0 0 72 93 0 0 0 8 0 0 0 51 0 0 0 0 0 0 0 0 0 0 
