45 <--# of nodes, 161 edges
1 7
1 41
2 4
2 7
2 10
2 18
2 26
2 33
2 35
3 16
3 20
3 24
3 38
4 1
4 10
4 11
4 22
4 38
5 12
5 17
5 23
5 37
6 5
6 8
6 17
6 25
7 3
7 29
7 30
7 31
8 1
8 11
8 20
9 22
10 21
10 29
10 37
11 21
11 23
11 27
11 34
12 14
12 25
12 30
12 34
12 36
13 26
14 29
14 38
14 42
14 43
15 5
15 17
15 23
15 24
15 33
15 35
15 41
16 43
17 7
17 26
17 30
17 39
18 4
19 9
19 30
19 34
19 36
20 35
20 45
21 2
21 3
21 15
21 44
22 25
22 34
22 37
22 38
23 3
23 8
23 17
23 19
23 34
23 35
24 30
24 34
24 45
25 12
25 22
25 36
25 37
25 41
26 7
26 19
26 28
27 2
27 17
27 23
27 36
27 40
28 18
28 33
29 24
29 39
30 40
31 4
31 21
31 27
31 43
32 16
32 21
32 35
32 42
32 45
33 4
33 32
34 1
34 15
34 28
34 33
34 41
35 17
36 6
36 20
36 28
36 34
36 37
36 39
37 4
37 7
37 19
37 26
37 35
37 38
38 13
38 25
39 20
39 27
39 30
40 6
40 18
40 24
40 29
40 42
41 1
41 13
41 31
42 12
42 14
42 35
42 44
43 1
43 34
44 6
44 24
44 35
45 1
45 20
45 31
45 37
45 43
Loss 0 0 60 0 0 0 0 0 0 0 19 0 21 0 92 0 89 0 52 0 64 0 0 0 0 0 0 0 0 0 0 0 0 0 48 0 0 74 0 11 0 0 0 85 0 
