48 <--# of nodes, 229 edges
1 6
1 42
2 24
2 29
2 38
3 12
3 17
3 34
3 36
3 40
4 15
4 27
4 38
4 40
4 41
4 46
5 11
5 14
5 17
5 21
5 30
5 33
5 37
5 39
5 42
6 2
6 3
6 4
6 18
6 22
6 30
6 32
6 43
7 11
7 19
7 22
7 35
7 38
7 43
8 37
8 47
8 48
9 11
9 18
9 20
9 25
9 37
9 44
10 1
10 4
10 7
10 9
10 13
10 15
10 30
10 38
11 3
11 15
11 18
11 26
11 36
12 18
12 28
12 35
12 42
13 21
13 40
13 41
14 2
14 5
14 16
14 21
14 30
14 40
14 42
15 5
15 33
15 34
15 37
15 42
16 3
16 23
16 31
16 45
17 2
17 3
17 13
17 14
17 21
17 38
18 1
18 41
19 3
19 38
19 42
20 16
20 24
20 34
20 40
21 9
21 22
21 27
21 29
22 4
22 12
22 24
22 28
22 33
22 36
22 40
23 15
23 31
23 42
23 43
24 1
24 3
24 17
24 21
25 37
25 41
26 14
26 25
27 3
27 4
27 6
27 7
28 22
28 32
28 37
28 39
29 21
29 40
29 41
30 1
30 3
30 8
30 13
30 17
30 26
30 28
30 45
31 8
31 9
31 19
31 21
31 23
31 36
31 43
31 46
31 47
32 17
32 24
32 37
32 38
32 41
33 8
33 9
33 19
33 24
33 30
33 37
33 46
34 14
34 28
34 32
34 33
34 40
34 44
35 3
35 12
35 14
35 18
35 21
35 32
36 6
36 8
36 9
36 19
36 20
36 29
37 1
37 13
37 14
37 24
37 31
38 31
38 46
39 1
39 3
39 4
39 7
39 14
39 24
39 37
39 44
40 2
40 9
40 15
40 44
41 22
41 34
42 2
42 17
42 20
42 29
42 39
42 43
43 2
43 44
43 46
44 40
44 41
45 7
45 22
46 20
46 22
46 47
47 3
47 7
47 10
47 17
47 20
48 9
48 12
48 14
48 16
48 25
48 32
48 39
Loss 0 0 0 0 0 0 0 0 15 0 37 94 0 0 0 45 0 0 0 0 0 51 86 0 0 0 0 45 0 0 0 69 0 0 0 0 86 0 0 0 0 0 0 0 93 0 0 0 
