33 <--# of nodes, 82 edges
1 20
1 21
1 25
2 5
2 29
3 25
3 31
4 5
4 13
4 18
4 20
4 32
5 18
5 20
5 27
6 8
6 13
6 17
6 29
7 11
7 26
8 7
8 16
8 20
8 26
8 31
8 32
9 4
9 10
9 14
9 20
10 12
11 4
11 20
12 14
12 16
12 32
13 1
13 9
13 16
13 20
13 21
13 23
14 5
14 9
14 27
15 20
16 5
17 18
17 33
18 8
18 11
19 10
19 11
20 8
20 25
21 26
22 9
22 17
23 5
23 17
23 27
23 31
24 5
25 8
25 12
26 12
26 15
27 10
27 14
27 18
28 6
29 3
29 7
29 15
30 18
32 23
32 30
33 8
33 21
33 25
33 28
Loss 0 0 0 0 0 0 16 53 0 0 0 0 0 91 0 0 0 0 0 0 0 0 0 0 0 0 0 0 0 88 27 0 0 
