35 <--# of nodes, 111 edges
1 5
1 13
1 22
1 26
1 35
2 9
2 12
2 30
2 31
3 9
3 24
4 21
4 23
4 33
5 8
5 12
5 23
5 28
5 30
6 11
6 13
6 14
6 16
6 20
6 23
6 26
7 24
7 30
7 31
8 5
8 20
9 11
9 29
9 30
10 1
10 6
10 7
11 9
11 26
12 11
12 23
12 32
13 22
13 26
14 23
15 7
15 24
15 33
16 6
16 8
17 9
17 19
17 21
18 27
18 28
18 33
19 32
20 18
20 27
20 32
20 35
21 5
21 9
21 12
21 14
21 24
21 27
21 29
21 35
22 14
23 5
23 14
23 25
24 13
24 22
25 18
25 21
25 26
26 14
27 6
27 7
27 29
27 30
27 32
28 1
28 14
28 20
28 27
29 2
29 3
29 15
29 20
29 33
29 35
30 3
30 17
31 16
31 17
31 30
32 5
32 15
32 21
32 31
32 34
33 2
33 6
33 19
33 20
33 30
34 2
35 1
Loss 0 0 0 0 0 0 0 0 0 20 0 0 0 0 0 0 0 0 0 0 0 0 0 0 0 0 37 0 0 0 0 0 0 0 0 
