55 <--# of nodes, 292 edges
1 25
1 26
1 27
1 32
1 34
1 37
1 44
1 52
2 14
2 16
2 28
2 35
2 39
2 48
2 49
2 50
3 4
3 13
3 15
3 31
3 41
4 5
4 11
4 22
4 26
4 54
5 19
5 26
5 32
5 34
5 47
5 52
6 8
6 15
6 29
6 30
6 41
6 52
7 2
7 4
7 11
7 28
7 36
7 46
7 50
7 53
8 1
8 19
8 53
9 45
10 18
10 26
10 42
10 43
10 51
10 53
10 54
10 55
11 8
11 29
11 37
11 39
11 45
12 43
12 55
13 1
13 8
13 15
13 28
13 32
13 40
13 47
13 54
14 24
14 31
14 39
15 2
15 3
15 7
15 25
15 26
15 40
15 44
15 50
16 29
16 31
16 32
16 49
17 2
17 8
17 12
17 18
17 21
17 23
17 37
17 46
17 51
18 25
18 53
19 8
19 12
19 13
19 23
19 29
19 34
19 36
19 37
19 54
20 2
20 26
20 35
21 1
21 8
21 23
21 37
21 41
22 8
22 11
22 31
22 32
22 39
22 50
22 53
23 16
23 46
24 12
24 32
24 37
24 52
25 24
25 40
25 43
25 47
26 9
26 21
26 25
26 32
26 34
26 46
26 51
27 22
27 24
27 35
27 39
28 1
28 14
28 18
28 29
28 36
28 52
28 54
29 3
29 11
29 14
29 16
29 23
29 25
30 3
30 4
30 20
30 38
30 51
31 4
31 12
31 20
31 21
31 24
31 27
31 44
31 48
31 55
32 19
32 21
32 23
32 53
33 7
33 17
33 32
33 41
34 3
34 13
34 15
34 32
34 52
35 4
35 22
35 45
36 2
36 7
36 14
36 16
36 25
36 37
36 40
37 27
37 38
37 43
37 51
37 53
38 2
38 9
38 30
38 32
38 40
38 41
38 43
38 45
39 3
39 9
39 11
39 16
39 37
39 44
39 47
40 21
40 32
40 34
41 7
41 8
41 9
41 12
41 31
41 54
42 3
42 5
42 32
42 34
42 46
43 9
43 18
43 20
43 29
43 34
43 37
44 9
44 29
44 31
45 1
45 18
45 25
45 31
45 38
45 55
46 19
46 23
46 28
46 37
46 39
46 40
46 45
47 2
47 28
47 29
47 34
47 39
47 44
47 45
48 7
48 11
48 15
48 18
48 34
49 4
49 7
49 17
49 18
49 47
50 10
50 12
50 36
50 46
51 8
51 9
51 19
51 30
51 49
51 54
52 1
52 10
52 33
52 34
52 40
52 41
52 51
53 12
53 25
54 40
54 42
54 44
54 50
55 2
55 17
Loss 0 0 22 0 65 27 0 25 15 0 0 0 0 0 0 0 0 0 0 0 0 0 0 0 0 0 0 0 0 82 0 0 0 0 0 0 0 36 0 0 0 0 0 0 0 0 0 22 0 0 0 0 0 0 0 
