51 <--# of nodes, 238 edges
1 11
1 14
1 27
1 28
1 36
1 43
1 44
2 16
2 20
2 21
2 22
2 24
2 33
2 42
2 47
3 12
3 24
3 41
4 1
4 2
5 7
5 12
5 13
5 14
5 21
5 26
5 28
5 32
5 34
5 45
5 47
6 30
6 38
6 40
7 1
7 3
7 5
7 10
7 31
8 22
8 38
9 43
10 1
10 6
10 26
10 28
10 36
10 39
11 4
11 6
11 7
11 12
11 25
11 29
11 37
11 45
11 48
11 49
12 15
12 46
12 50
13 8
13 14
13 31
13 38
13 41
14 1
14 10
14 12
14 27
14 33
14 36
14 50
15 13
15 16
15 25
15 27
15 29
15 30
15 36
16 21
16 23
16 28
16 33
16 46
17 3
17 19
17 41
17 42
17 51
18 1
18 19
18 40
19 4
19 9
19 23
19 24
20 14
20 17
20 18
20 24
20 30
20 38
21 7
21 22
21 33
21 39
22 23
22 49
23 18
23 20
23 36
23 47
24 23
25 5
25 20
25 28
25 48
26 2
26 5
26 17
26 38
26 43
26 45
26 46
27 6
27 7
27 36
27 39
27 45
28 14
28 17
28 24
28 40
28 41
29 33
30 9
30 23
30 39
30 42
30 48
30 50
31 2
31 13
31 19
31 48
32 5
32 15
32 23
32 48
33 5
33 19
33 26
33 30
33 44
34 13
34 30
34 36
34 40
34 41
34 44
34 45
35 1
35 4
35 15
35 41
36 14
36 24
36 50
37 30
37 43
38 30
39 2
39 15
39 20
39 21
39 34
39 40
39 51
40 8
40 22
40 38
40 39
40 48
40 49
40 50
41 20
41 46
42 2
42 5
42 22
42 24
42 30
42 36
42 41
42 47
43 4
43 11
43 18
43 40
43 46
44 11
44 24
44 30
44 34
45 3
45 17
45 27
45 51
46 1
46 6
46 14
46 19
47 12
47 21
47 24
47 25
48 15
48 20
48 24
48 27
48 42
49 4
49 6
49 11
49 43
49 44
50 3
50 4
50 11
50 12
50 36
50 43
50 47
50 48
51 6
51 9
51 36
Loss 0 0 0 0 0 0 45 0 0 0 0 0 0 79 0 0 0 0 23 59 0 0 0 0 0 0 0 0 0 36 0 0 0 0 0 0 0 17 0 0 0 0 10 0 0 0 36 0 0 0 63 
