32 <--# of nodes, 90 edges
1 9
1 11
1 20
1 23
1 31
2 19
3 4
3 10
3 23
3 32
4 19
4 28
5 19
5 22
5 32
6 2
6 3
6 11
6 12
7 18
7 23
8 20
9 5
9 10
9 20
9 21
10 27
10 32
11 7
11 21
12 10
12 25
12 26
12 30
13 28
14 4
14 8
14 15
14 23
14 26
16 12
16 21
18 5
18 20
18 22
18 29
18 31
19 2
19 6
19 16
20 8
21 12
21 16
21 23
21 31
22 11
22 26
23 9
23 22
23 31
24 8
24 12
24 15
24 25
24 28
25 8
25 10
25 13
25 15
25 23
26 11
26 18
26 30
27 3
27 15
27 23
29 1
29 5
29 9
29 11
29 13
29 16
29 22
29 27
30 3
30 14
30 22
31 4
31 5
32 30
Loss 0 0 0 0 11 0 0 0 0 0 0 44 0 75 65 0 0 0 0 0 6 0 0 0 17 0 0 0 0 0 0 0 
