37 <--# of nodes, 116 edges
1 11
1 22
1 32
1 36
2 5
2 12
2 17
2 29
2 30
2 36
3 5
3 14
3 18
3 27
4 2
4 14
4 35
5 18
6 12
6 29
7 8
7 16
8 11
8 16
8 20
9 23
10 15
10 32
11 2
11 14
11 33
12 3
12 25
12 28
12 35
12 37
13 2
13 26
13 27
14 1
14 7
14 16
15 12
15 17
15 34
16 10
16 30
16 33
17 21
18 3
18 9
18 10
18 21
18 24
18 35
18 37
19 12
19 16
19 20
19 33
20 2
20 9
20 22
20 26
20 34
21 2
21 10
21 12
21 18
21 23
21 31
21 34
22 9
22 36
23 11
24 8
24 15
24 22
24 28
25 30
26 7
26 22
26 28
27 3
27 8
27 10
28 17
28 30
28 32
29 7
29 13
29 35
30 1
30 10
30 18
30 21
30 35
31 13
31 20
31 25
32 4
32 14
33 15
33 16
33 34
34 6
35 10
35 11
35 18
35 20
35 22
36 3
36 11
36 21
36 22
37 18
Loss 0 0 0 0 0 51 0 0 0 0 0 0 0 0 0 0 0 0 0 56 0 0 0 0 50 0 0 0 0 0 0 0 23 0 0 0 0 
