69 <--# of nodes, 487 edges
1 15
1 20
1 27
1 37
1 68
2 4
2 12
2 21
2 29
3 2
3 6
3 10
3 57
3 60
4 7
4 17
4 27
4 43
4 46
4 55
4 56
5 10
5 29
5 32
5 36
5 62
5 64
6 7
6 40
6 42
6 45
6 50
6 64
6 65
7 45
8 6
8 19
8 27
8 33
8 38
8 49
9 2
9 26
9 40
9 47
10 15
10 18
10 28
10 37
10 42
10 62
11 6
11 14
11 22
11 28
11 33
11 36
11 39
11 56
11 57
12 3
12 6
12 18
12 34
12 45
12 59
12 64
13 1
13 28
13 31
13 35
13 42
13 43
13 54
13 61
13 69
14 6
14 13
14 42
14 62
14 69
15 9
15 18
15 32
16 10
16 19
16 31
16 33
16 50
16 52
16 55
16 69
17 2
17 3
17 14
17 21
17 24
17 28
17 29
17 34
17 35
17 38
17 55
17 57
17 59
17 60
17 62
17 63
18 5
18 21
18 27
18 34
18 35
18 37
18 40
18 52
19 2
19 5
19 10
19 22
19 32
19 42
19 46
19 51
19 55
20 18
20 30
20 61
21 14
21 20
21 32
21 42
21 52
22 30
22 35
22 45
22 47
22 53
22 68
23 15
23 25
23 41
24 1
24 2
24 6
24 13
24 25
24 33
24 35
24 36
24 42
24 55
24 60
24 63
25 10
25 14
25 19
25 24
25 42
25 44
26 12
26 25
26 27
26 33
26 39
26 50
26 66
27 5
27 12
27 20
27 26
27 49
28 1
28 4
28 17
28 33
28 37
28 39
29 20
29 21
29 23
29 39
29 50
29 55
29 57
30 6
30 8
30 12
30 20
30 22
30 41
30 54
30 60
30 64
30 66
31 7
31 42
31 56
31 57
31 58
31 65
31 66
32 10
32 18
32 23
32 28
32 29
32 58
32 62
32 65
32 67
33 7
33 10
33 14
33 19
33 32
33 38
33 39
34 20
34 36
34 50
34 56
34 60
34 68
35 28
35 29
35 32
35 34
35 39
35 50
35 60
35 62
36 9
36 13
36 22
36 26
36 39
36 45
36 48
36 55
36 56
36 59
37 18
37 19
37 20
37 25
37 32
37 43
37 44
37 46
37 48
37 53
37 57
37 59
37 60
37 63
38 19
38 21
38 28
38 42
38 66
39 18
39 49
39 51
39 58
39 61
39 63
39 69
40 17
40 28
40 32
40 46
40 49
40 62
41 11
41 13
41 16
41 26
41 31
41 44
41 49
41 60
42 4
42 5
42 18
42 46
43 3
43 19
43 21
43 29
43 38
43 48
43 51
43 61
44 18
44 34
44 51
44 53
45 10
45 14
45 24
45 27
45 47
45 49
45 50
45 55
45 60
45 64
45 67
46 7
46 23
46 29
46 38
46 44
46 54
47 7
47 9
47 14
47 20
47 35
47 41
47 44
47 51
47 59
47 65
48 18
48 34
48 43
48 51
48 52
48 58
48 66
48 69
49 2
49 17
49 19
49 42
49 47
49 53
50 1
50 2
50 30
50 31
50 47
50 64
51 1
51 3
51 4
51 6
51 12
51 26
51 31
51 33
51 34
51 36
51 54
51 56
51 60
51 67
52 19
52 22
52 23
52 35
52 45
52 48
52 61
53 3
53 8
53 15
53 19
53 25
53 39
53 58
54 13
54 26
54 29
54 33
54 35
54 39
54 63
55 4
55 11
55 12
55 14
55 17
55 28
55 30
55 44
55 47
55 48
55 54
55 68
56 14
56 34
57 7
57 15
57 24
57 27
57 33
57 39
57 41
57 60
58 7
58 14
58 30
58 68
59 13
59 39
59 49
59 54
59 62
59 69
60 47
60 61
60 63
61 7
61 55
61 62
62 21
62 56
62 66
63 7
63 28
63 30
63 34
63 44
63 54
63 56
63 62
64 5
64 11
64 12
64 30
64 35
64 38
64 50
64 65
64 66
65 13
65 15
65 19
65 27
65 35
65 51
65 61
65 66
66 1
66 9
66 18
66 26
66 37
66 42
66 44
66 50
66 52
66 59
66 60
67 7
67 16
67 20
67 23
67 25
67 31
67 37
67 50
67 57
67 68
68 2
68 5
68 11
68 16
68 21
68 23
68 24
68 30
68 59
68 62
68 67
69 16
69 17
69 18
69 21
69 23
69 33
69 34
69 45
69 67
Loss 0 0 0 28 0 8 45 0 0 0 0 0 0 0 0 0 0 0 39 0 0 0 0 29 0 0 0 0 33 0 15 29 0 0 0 0 15 0 73 0 0 68 0 0 0 0 0 0 0 0 0 70 59 40 20 0 0 0 0 92 0 0 30 0 0 0 0 29 0 
