38 <--# of nodes, 148 edges
1 16
1 17
1 33
2 9
2 19
3 7
3 11
3 13
3 16
3 17
3 31
3 33
4 13
4 20
5 6
5 12
5 23
6 3
6 28
7 6
7 20
7 31
7 36
8 1
8 6
8 17
8 19
8 25
8 30
9 27
9 29
9 37
9 38
10 11
10 14
10 21
10 27
10 32
11 9
11 22
11 35
12 6
12 28
12 32
12 35
13 24
13 27
14 13
14 16
14 18
14 19
14 24
14 30
14 35
15 22
15 25
15 32
15 33
16 14
16 24
16 27
16 33
17 7
17 27
18 7
18 9
18 17
18 25
18 28
18 29
19 9
19 20
19 22
19 36
20 24
20 29
20 30
20 36
21 8
21 11
21 16
22 2
22 7
22 24
22 28
22 36
22 37
23 18
23 22
23 24
23 29
24 1
24 5
24 9
24 11
24 19
24 27
24 29
25 20
25 23
26 19
26 35
27 2
27 8
27 13
27 25
27 32
28 20
28 25
28 35
29 3
29 4
29 15
29 16
29 20
29 32
30 9
30 14
30 33
31 9
31 15
31 19
31 33
31 35
32 17
32 19
32 22
32 24
33 4
33 10
33 15
33 27
34 7
34 10
34 25
35 6
35 13
35 18
35 37
35 38
36 14
36 25
36 37
37 11
37 32
38 6
38 9
38 16
Loss 0 62 0 0 0 0 0 0 0 0 0 20 0 0 43 0 0 28 0 0 0 0 0 0 52 0 0 0 0 0 0 0 0 0 0 0 0 0 
