37 <--# of nodes, 131 edges
1 14
1 32
2 4
2 33
3 17
3 20
3 24
4 13
4 15
4 20
4 30
5 2
5 11
5 13
5 19
6 19
6 27
6 31
7 5
7 23
8 4
8 9
8 25
8 37
9 10
9 15
9 18
9 25
9 34
10 13
10 15
10 17
10 21
10 26
10 27
10 37
12 8
12 20
13 3
13 7
13 8
13 29
13 33
14 2
14 30
14 31
14 35
15 17
15 28
16 2
16 21
17 3
17 9
17 11
17 23
17 31
17 36
18 1
18 5
18 9
18 30
18 36
19 3
19 20
19 29
20 10
20 11
20 24
21 1
21 22
21 23
21 34
21 35
22 23
22 25
22 35
23 4
23 26
23 27
23 32
23 34
24 5
24 17
24 18
25 18
25 26
25 32
26 28
27 1
27 5
27 24
27 32
28 13
28 14
28 23
28 24
28 25
29 3
29 10
29 11
29 16
29 18
30 9
30 14
30 23
30 26
30 28
31 10
31 18
31 20
31 34
31 35
32 6
32 15
32 16
32 17
32 21
32 25
32 30
33 21
33 22
34 13
34 19
34 20
34 24
35 10
35 16
35 17
36 1
36 2
36 14
Loss 0 0 0 0 0 0 0 0 53 0 0 0 0 55 0 0 0 0 21 0 0 0 0 0 0 0 47 0 9 60 0 23 0 89 0 0 0 
