26 <--# of nodes, 69 edges
1 2
1 8
1 24
2 11
2 15
2 21
2 25
2 26
3 7
3 15
3 16
3 26
4 3
4 9
4 18
4 20
4 24
5 3
5 11
5 13
5 21
5 25
6 21
7 3
7 6
7 25
8 4
8 5
9 2
9 14
9 16
10 21
11 22
13 4
13 7
13 12
13 15
14 12
15 20
15 21
16 3
17 4
17 10
17 11
17 16
19 4
19 7
19 22
20 3
20 14
20 16
21 3
21 22
21 26
22 17
22 19
22 23
23 14
23 19
23 26
24 2
24 10
24 11
24 25
25 2
25 7
26 12
26 19
26 24
Loss 0 0 0 0 0 0 0 34 20 0 0 0 8 0 8 12 0 0 0 56 0 0 86 0 0 0 
