37 <--# of nodes, 135 edges
1 10
1 19
2 12
2 19
2 25
2 26
2 37
3 22
3 23
3 30
3 32
3 37
4 3
4 15
4 20
4 32
5 2
5 18
5 22
5 23
5 25
6 16
7 6
7 18
8 1
9 10
9 25
9 32
9 36
10 1
10 2
10 7
10 33
11 7
11 13
11 28
11 29
11 30
11 31
11 32
11 33
11 36
12 6
12 23
12 27
12 36
13 1
13 17
13 20
13 23
13 28
13 34
13 36
14 8
14 13
14 23
14 37
15 1
15 3
15 5
15 13
16 1
16 3
16 17
16 29
16 37
17 3
17 5
17 18
17 20
17 21
17 26
17 32
17 34
18 1
18 11
19 18
19 26
19 30
20 5
20 7
20 25
20 31
21 3
21 11
22 7
22 8
22 19
22 37
23 9
23 14
24 30
24 37
25 2
25 6
25 20
25 29
26 8
26 30
28 5
29 10
29 18
29 31
29 33
30 5
30 19
30 22
30 33
31 16
31 25
31 37
32 11
32 23
32 29
32 33
32 36
33 23
33 25
33 30
33 34
34 2
34 12
34 23
35 2
35 7
35 10
35 32
36 5
36 13
36 32
37 8
37 14
37 16
37 31
37 32
Loss 0 0 0 0 0 0 0 0 29 0 0 43 54 0 0 0 0 0 0 0 0 0 0 99 0 65 0 0 0 0 35 0 0 0 0 0 0 
