64 <--# of nodes, 405 edges
1 7
1 40
1 51
1 52
1 59
2 4
2 19
2 31
2 37
2 43
2 47
2 49
2 50
2 53
2 56
3 4
3 6
3 7
3 20
3 29
3 45
4 7
4 12
4 13
4 42
4 55
5 14
5 42
5 57
5 64
6 1
6 20
6 23
6 34
6 61
7 2
7 4
7 6
7 13
7 16
7 27
7 30
7 33
7 49
7 59
7 60
7 61
8 22
8 30
8 42
8 55
9 3
9 4
9 22
9 25
9 33
9 43
10 15
10 20
10 25
10 26
10 51
10 58
10 61
11 1
11 3
11 14
11 22
11 24
11 29
11 39
11 43
12 1
12 6
12 11
12 19
12 40
12 49
13 2
13 6
13 8
13 25
13 27
13 39
13 56
13 57
13 59
14 18
14 26
14 27
14 33
14 46
14 47
14 63
15 2
15 4
15 7
15 9
15 20
15 53
16 3
16 5
16 28
16 44
16 62
17 4
17 33
17 37
17 47
17 50
17 58
17 64
18 4
18 8
18 22
18 45
18 48
19 4
19 16
19 18
19 28
19 29
19 42
19 43
19 53
20 22
20 42
20 45
20 52
21 4
21 5
21 47
21 48
21 54
21 57
21 63
22 1
22 20
22 34
22 45
22 58
23 7
23 11
23 16
23 38
23 40
23 46
23 52
23 56
24 11
24 50
24 54
24 58
25 1
25 6
25 12
25 26
25 30
25 32
25 34
25 54
26 10
26 22
26 30
26 33
26 47
26 50
26 53
26 54
26 63
26 64
27 50
28 2
28 8
28 9
28 18
28 26
28 31
28 47
28 52
28 54
29 18
29 26
29 42
29 43
29 44
29 47
29 57
29 58
30 2
30 6
30 8
30 25
30 59
31 3
31 12
31 18
31 28
31 30
31 33
31 37
31 47
31 57
31 58
31 63
32 11
32 14
32 27
32 37
32 40
32 42
32 43
32 46
32 51
32 63
32 64
33 1
33 9
33 16
33 19
33 28
33 34
33 39
33 64
34 14
34 37
34 45
34 61
35 12
35 32
35 36
35 50
36 7
36 19
36 25
36 49
36 54
37 2
37 6
37 9
37 12
37 13
37 20
37 27
37 44
37 49
38 20
38 25
38 28
38 43
38 52
38 54
39 5
39 8
39 11
39 12
39 30
39 32
39 48
39 53
39 55
39 60
39 63
40 10
40 11
40 17
40 21
40 33
40 37
40 38
40 39
40 47
40 58
40 61
41 31
42 7
42 13
42 18
42 31
42 55
43 3
43 21
43 41
43 46
43 53
43 58
43 61
44 6
44 10
44 19
44 64
45 8
45 42
46 8
46 16
46 41
46 43
46 49
46 51
46 52
46 62
47 2
47 8
47 14
47 32
47 46
47 63
48 11
48 14
48 34
48 42
48 47
48 60
48 63
49 5
49 27
49 31
49 64
50 8
50 13
50 20
50 30
50 36
50 58
51 5
51 13
51 20
51 30
51 43
51 56
52 14
52 30
53 11
53 16
53 18
53 42
53 43
53 59
54 17
54 38
54 39
54 45
54 60
55 1
55 4
55 6
55 13
55 32
55 64
56 3
56 19
56 23
56 45
57 4
57 12
57 24
57 26
57 54
58 6
58 19
58 47
58 49
58 53
58 56
59 6
59 9
59 21
59 47
59 55
60 3
60 8
60 14
60 29
60 38
60 47
60 53
60 57
60 63
60 64
61 4
61 9
61 23
61 30
61 38
61 55
61 56
61 60
62 4
62 18
62 23
62 31
62 51
62 53
63 1
63 4
63 6
63 23
63 36
64 25
64 31
64 33
64 41
64 42
64 46
64 58
Loss 0 0 53 0 0 65 0 25 0 0 0 0 0 0 0 0 0 0 0 0 0 0 0 69 0 0 0 0 0 0 0 0 0 93 0 16 0 99 0 0 0 0 0 0 0 0 0 0 32 0 0 0 0 0 0 29 0 64 93 0 45 0 34 68 
