32 <--# of nodes, 98 edges
1 17
1 18
1 22
1 23
2 14
2 15
2 26
3 2
4 6
4 21
5 1
5 4
6 1
6 10
6 11
6 19
6 31
7 4
7 13
7 15
7 19
8 20
8 31
9 3
9 6
9 17
9 27
10 6
10 9
10 17
10 29
11 21
12 7
12 8
12 14
13 8
13 21
13 25
14 1
14 4
15 3
15 6
16 9
16 32
17 9
17 23
17 32
18 3
18 9
18 14
18 26
18 28
19 1
19 3
19 15
19 16
20 1
20 3
20 4
20 5
20 17
20 18
20 30
21 7
21 28
22 11
23 12
24 9
24 14
24 19
24 21
24 29
25 4
25 17
25 23
26 15
26 28
27 19
27 29
28 23
28 24
29 3
29 5
29 13
29 32
30 8
30 10
30 16
31 8
31 17
31 25
31 26
32 4
32 9
32 15
32 21
32 23
32 27
Loss 0 0 0 0 0 24 0 5 0 0 0 68 0 0 0 0 0 0 0 58 0 0 0 0 0 0 0 0 0 0 0 0 
