57 <--# of nodes, 318 edges
1 8
1 14
1 19
1 24
1 30
1 45
1 49
2 17
2 19
2 28
2 55
3 12
3 21
3 33
3 40
3 45
3 52
4 9
4 37
4 46
4 47
4 48
5 3
5 15
5 43
5 53
6 2
6 10
6 23
6 24
6 37
6 41
6 48
7 19
7 24
7 26
7 38
7 41
7 51
8 11
8 20
8 21
8 22
8 24
8 26
8 28
8 34
8 45
9 13
9 21
9 26
9 28
9 42
9 45
9 51
10 2
10 17
10 34
10 47
11 24
11 34
11 37
11 54
12 32
12 53
12 55
13 10
13 14
13 26
13 32
13 33
13 36
13 48
13 53
14 20
14 35
15 21
15 41
15 50
15 54
16 11
16 19
16 34
17 19
17 20
17 26
17 41
18 6
18 7
18 9
18 10
18 12
18 14
18 37
18 38
18 40
18 41
19 7
19 8
19 13
19 33
19 38
19 56
20 3
20 4
20 6
20 29
20 42
20 56
21 34
21 37
21 42
21 57
22 7
22 17
22 23
22 26
22 33
22 44
22 53
23 8
23 9
23 16
23 41
23 55
24 1
24 8
24 14
24 18
24 22
24 25
24 34
24 35
24 48
25 1
25 9
25 29
25 52
25 53
26 1
26 5
26 9
26 35
26 43
26 51
26 52
27 22
27 37
27 40
28 7
28 15
28 17
28 30
28 44
28 45
28 46
28 55
29 5
29 23
29 34
30 15
30 33
30 39
30 52
30 55
31 6
31 23
31 34
31 38
31 43
31 57
32 2
32 9
32 21
32 31
32 43
32 49
32 50
33 11
33 13
33 19
33 25
33 30
33 52
34 7
34 20
34 28
34 33
34 39
34 44
35 3
35 7
35 17
35 22
35 28
35 29
35 54
36 9
36 10
36 21
36 41
36 42
37 1
37 4
37 40
38 9
38 12
38 17
38 23
38 41
39 11
39 23
39 32
39 33
39 48
39 50
39 56
40 11
40 12
40 15
40 16
40 23
40 37
40 43
40 49
40 54
41 4
41 5
41 15
41 16
41 19
41 32
41 43
41 57
42 7
42 41
42 44
42 52
42 55
43 11
43 12
43 23
43 25
43 46
43 56
44 8
44 15
44 21
44 22
44 43
45 4
45 5
45 12
45 56
46 24
46 52
47 8
47 13
47 17
47 18
47 28
47 29
47 31
47 52
48 5
48 9
48 14
48 23
48 28
48 36
48 37
48 40
48 43
48 50
49 4
49 6
49 13
49 28
49 30
49 41
50 21
50 26
50 28
50 31
50 48
51 1
51 15
51 16
51 40
51 41
51 45
51 50
52 22
52 26
53 7
53 19
53 22
53 34
53 45
53 51
54 2
54 4
54 15
54 21
54 30
55 18
55 22
55 26
55 54
56 11
56 31
56 37
56 45
56 49
57 27
57 28
57 33
57 56
Loss 0 0 0 0 0 81 0 0 0 2 0 0 0 0 0 0 0 0 0 0 0 0 0 0 0 0 0 0 0 0 0 0 0 39 0 0 0 0 0 18 0 0 0 0 0 0 0 26 0 0 62 62 0 55 0 0 0 
