40 <--# of nodes, 175 edges
1 2
1 5
1 7
1 10
1 18
1 32
1 36
2 14
2 27
3 13
3 15
3 25
3 27
3 31
3 34
4 24
4 29
5 4
5 8
5 19
5 26
5 30
5 38
6 7
6 9
6 16
6 34
6 36
7 11
7 15
8 10
8 30
8 36
8 37
9 22
9 25
9 27
10 6
10 12
10 36
11 4
11 8
11 14
11 20
11 25
11 34
11 36
11 37
12 15
12 25
12 28
12 33
12 39
13 6
13 9
13 15
13 21
13 24
14 5
14 30
15 4
15 6
15 19
16 3
16 30
16 40
17 6
17 9
17 10
17 28
17 29
17 31
18 5
18 10
18 30
18 38
19 3
19 8
19 16
19 28
19 29
19 34
20 5
20 14
20 23
20 27
20 33
20 38
21 2
21 4
21 10
21 19
21 28
21 29
22 3
22 24
22 29
23 1
23 20
23 24
23 36
24 1
24 7
24 16
25 3
25 4
25 9
25 14
25 17
25 30
25 37
25 40
26 1
26 4
26 10
26 16
26 36
27 2
27 3
27 5
27 8
27 16
27 18
27 20
28 11
28 15
28 23
28 36
28 37
29 18
29 21
29 35
29 38
30 3
30 12
30 34
31 16
31 17
31 34
31 35
32 8
32 19
32 23
32 28
32 33
32 34
32 38
34 5
34 9
34 26
34 35
34 38
36 7
36 9
36 31
36 38
37 7
37 9
37 13
37 14
37 26
37 35
38 27
38 39
39 4
39 7
39 25
39 31
39 40
40 6
40 9
40 20
40 23
40 24
40 36
Loss 0 0 0 38 0 77 0 0 0 0 0 0 0 0 85 0 0 0 0 40 0 0 0 0 0 0 0 0 0 0 0 0 0 0 0 0 0 9 0 0 
