28 <--# of nodes, 80 edges
1 9
1 16
1 24
2 3
2 9
2 11
3 13
3 15
3 18
3 22
3 23
3 28
4 8
4 9
4 16
4 21
5 6
5 17
5 27
7 13
7 22
7 23
8 15
9 3
9 10
9 28
10 7
10 11
10 22
11 13
11 27
11 28
12 14
12 18
13 11
13 17
14 8
14 12
14 19
14 24
15 21
16 2
16 9
16 18
17 4
17 26
18 3
18 17
18 27
20 10
20 22
20 28
21 3
21 12
21 22
23 2
23 4
23 8
23 9
23 11
23 26
24 2
24 7
24 17
25 1
25 5
25 10
25 11
25 16
25 28
26 14
26 15
26 17
27 8
27 16
27 20
28 5
28 15
28 17
28 24
Loss 0 0 78 0 0 0 0 0 0 0 0 0 0 78 0 0 0 0 0 0 0 0 0 82 7 15 0 0 
