66 <--# of nodes, 419 edges
1 4
1 12
1 25
1 27
1 35
1 47
1 48
1 51
2 5
2 6
2 16
2 25
2 33
2 42
2 43
2 60
3 6
3 38
3 59
3 64
4 42
4 45
4 47
4 52
5 21
5 22
5 27
5 28
5 48
5 61
5 63
6 16
6 22
6 23
6 25
6 48
6 50
6 64
7 4
7 12
7 14
7 47
7 63
8 7
8 32
8 51
9 6
9 8
9 20
9 29
10 11
10 15
10 22
10 43
10 48
10 52
10 53
10 64
10 66
11 14
11 23
11 25
11 34
11 35
11 36
11 43
11 52
11 57
11 60
11 66
12 2
12 11
12 13
12 18
12 22
12 37
12 38
12 55
12 61
13 1
13 7
13 8
13 20
13 34
13 45
14 4
14 6
14 27
14 50
14 63
15 5
15 41
15 51
15 55
16 3
16 9
16 12
16 17
16 23
16 26
16 29
16 40
16 49
16 53
16 57
17 9
17 14
17 24
17 31
17 34
17 40
17 41
17 47
17 59
18 16
18 24
18 49
18 59
18 61
19 6
19 7
19 25
19 29
19 30
19 32
19 33
19 37
19 55
20 2
20 4
20 6
20 24
21 2
21 4
21 17
21 18
21 19
21 28
21 34
21 35
21 41
21 61
22 19
22 31
22 43
22 46
22 48
23 33
23 37
23 40
23 63
24 2
24 22
24 45
24 53
24 56
24 57
25 13
25 35
25 39
25 44
25 58
25 66
26 6
26 10
26 15
26 17
26 18
26 23
26 33
27 2
27 6
27 9
27 12
27 17
27 28
27 29
27 41
27 60
28 23
28 38
29 7
29 13
29 18
29 49
29 50
29 53
29 56
29 66
30 1
30 10
30 15
30 18
30 25
30 28
30 46
30 47
30 50
30 54
30 55
30 56
30 62
30 64
31 23
31 25
31 44
32 35
32 47
33 5
33 13
33 43
33 45
33 59
34 1
34 7
34 23
34 29
34 32
34 33
34 38
34 43
34 47
34 54
34 62
35 4
35 33
35 45
35 57
36 25
36 28
36 40
36 44
36 46
36 52
36 56
36 61
36 62
37 2
37 14
37 15
37 16
37 21
37 22
37 46
37 57
38 8
38 24
38 40
38 42
38 59
38 60
38 63
38 65
39 4
39 26
39 30
39 32
39 33
39 48
40 16
40 21
40 59
41 22
41 31
41 33
41 60
41 65
42 3
42 13
42 17
42 45
42 47
42 48
42 55
42 56
42 57
42 58
42 66
43 1
43 3
43 7
43 20
43 23
43 32
43 45
43 51
43 58
43 60
43 62
43 66
44 21
44 23
44 24
44 55
44 61
44 66
45 6
45 20
45 43
45 44
45 47
45 64
46 6
46 8
46 20
46 28
46 32
46 43
46 62
47 10
47 19
47 31
47 38
47 61
47 66
48 3
48 12
48 14
48 19
48 25
48 32
48 55
48 56
48 66
49 2
49 8
49 19
49 29
49 30
49 39
49 43
49 52
49 66
50 15
50 22
50 23
50 39
50 41
50 43
50 48
50 65
51 14
51 50
51 62
52 2
52 5
52 15
52 23
52 24
52 40
52 43
52 47
53 6
53 37
53 43
53 52
53 62
54 1
54 4
54 10
54 14
54 21
54 47
54 50
54 59
55 5
55 35
55 48
55 49
56 2
56 6
56 14
56 26
56 29
56 42
56 46
57 4
57 9
57 30
57 64
58 4
58 11
58 19
58 30
58 40
58 50
59 13
59 26
59 33
59 39
59 61
60 5
60 16
60 17
61 15
61 29
61 62
62 6
62 11
62 28
62 29
63 6
63 9
63 10
63 21
63 32
63 36
64 4
64 6
64 13
64 25
64 47
64 51
65 1
65 22
65 64
66 7
66 20
66 30
Loss 0 35 0 0 0 0 0 0 0 0 11 0 0 0 0 0 55 0 0 89 0 0 0 0 27 0 0 26 0 0 60 74 0 0 0 22 0 0 14 9 0 0 29 0 0 0 0 0 0 0 0 0 0 0 0 0 0 0 25 0 67 77 0 0 0 2 
