49 <--# of nodes, 241 edges
1 26
1 37
1 43
1 45
2 1
2 28
2 31
2 43
3 20
3 32
3 33
4 8
4 12
4 30
4 46
5 6
5 13
5 19
5 24
5 28
5 49
6 19
6 22
6 24
6 27
6 38
6 40
6 47
7 22
7 25
7 29
8 13
8 23
8 42
8 49
9 22
9 38
9 43
10 1
10 7
10 19
10 22
10 26
10 34
10 42
11 25
11 28
11 31
11 39
11 45
12 5
12 21
12 37
12 40
12 42
12 48
13 3
13 7
13 11
13 20
13 23
13 29
13 30
13 33
13 35
13 38
14 4
14 5
14 8
14 11
14 18
14 19
14 22
14 46
14 47
15 12
15 23
16 6
16 26
16 37
16 46
17 8
17 22
17 33
17 46
17 47
18 27
18 32
18 33
18 44
19 5
19 33
20 28
20 39
21 6
21 9
21 12
21 23
21 26
21 33
21 48
21 49
22 6
22 10
22 11
22 12
22 41
22 47
23 8
23 14
23 28
23 30
23 39
24 5
24 14
24 18
24 23
24 38
24 42
25 5
25 8
25 9
25 29
25 40
25 42
25 46
25 47
25 48
25 49
26 11
26 16
26 33
26 37
27 1
27 43
28 3
28 12
28 22
28 25
28 27
28 31
28 36
29 4
29 8
29 23
29 34
29 47
30 13
30 16
30 42
31 1
31 2
31 4
31 21
31 28
31 45
32 13
32 34
32 44
33 9
33 10
33 21
33 29
33 42
34 17
35 12
35 17
35 27
35 49
36 3
36 10
36 35
36 42
37 7
37 13
37 22
37 25
37 26
37 45
37 46
38 2
38 13
38 20
38 25
38 30
38 46
39 10
39 15
39 18
39 32
39 42
39 45
39 47
40 1
40 10
40 17
40 22
40 35
40 45
41 4
41 23
41 40
42 3
42 5
42 17
42 35
42 43
43 5
43 40
43 42
44 15
44 27
44 28
44 34
45 2
45 4
45 13
45 16
45 19
46 18
46 24
46 40
47 2
47 20
47 21
47 26
47 27
47 30
48 27
48 30
48 36
48 42
48 43
48 45
48 46
49 8
49 9
49 17
49 21
49 25
49 47
Loss 0 0 0 0 42 0 0 0 0 29 0 0 0 83 0 0 73 0 0 0 31 0 0 0 0 0 0 0 0 0 0 0 25 0 0 18 0 0 0 0 0 32 0 0 0 0 7 78 0 
