69 <--# of nodes, 480 edges
1 27
1 34
1 37
1 42
1 46
1 57
1 66
2 7
2 51
2 56
3 2
3 22
3 36
3 41
3 56
3 61
4 2
4 14
4 37
4 43
4 58
4 69
5 3
5 13
5 14
5 15
5 23
5 29
5 32
5 38
5 60
5 62
5 65
6 51
6 52
6 60
7 3
7 17
7 25
7 26
7 27
7 33
7 40
7 42
7 45
7 51
7 62
8 2
8 11
8 21
8 22
8 28
8 41
8 44
8 50
8 54
9 11
9 14
9 26
9 60
10 7
10 15
10 21
10 23
10 24
10 26
10 65
11 8
11 26
12 8
12 11
12 18
12 20
12 22
12 34
12 64
12 65
13 29
13 37
13 39
13 55
14 30
14 32
14 61
15 19
15 26
15 33
15 62
16 10
16 12
16 13
16 15
16 31
16 45
16 47
16 52
16 64
16 66
17 5
17 13
17 14
17 19
17 23
17 29
17 38
17 45
17 50
17 51
17 54
17 55
17 59
18 2
18 20
18 22
18 27
18 44
18 63
18 64
19 8
19 10
19 12
19 16
19 17
19 23
19 27
19 30
19 34
19 45
19 51
19 59
19 62
20 4
20 5
20 13
20 26
20 32
20 34
20 47
20 53
20 62
20 67
21 24
21 30
21 38
21 39
21 49
21 51
21 57
21 58
22 9
22 12
22 19
22 40
22 53
23 1
23 5
23 10
23 24
23 25
23 37
23 40
23 44
23 50
23 57
23 68
24 2
24 5
24 8
24 13
24 14
24 16
24 23
24 27
24 31
24 38
24 46
24 66
25 4
25 14
25 33
25 42
25 56
25 63
25 67
26 2
26 7
26 29
26 42
26 44
26 50
26 52
26 57
26 60
27 1
27 3
27 6
27 15
27 21
27 32
27 35
27 42
28 9
28 21
28 46
28 69
29 2
29 12
29 41
29 44
30 2
30 11
30 16
30 41
31 15
31 20
31 23
31 35
31 38
31 47
31 52
31 53
31 57
32 7
32 15
32 18
32 19
32 26
32 46
32 57
32 59
32 64
33 4
33 22
33 31
33 53
34 10
34 22
34 33
34 35
34 36
34 41
34 51
34 56
34 68
35 12
35 13
35 17
35 23
36 23
36 33
36 46
37 20
37 44
37 49
37 55
37 62
38 13
38 60
38 68
39 1
39 2
39 14
39 28
39 33
39 47
39 49
39 51
39 60
39 66
40 14
40 23
40 24
40 30
40 41
40 53
41 2
41 7
41 16
41 25
41 36
41 46
41 47
41 54
41 63
41 67
42 14
42 32
42 50
42 52
43 6
43 14
43 19
43 21
43 23
43 26
43 33
43 40
43 47
43 50
45 14
45 15
45 20
45 33
45 41
45 51
45 62
46 7
46 14
46 39
46 51
46 69
47 8
47 21
47 28
47 61
47 68
48 2
48 3
48 5
48 10
48 18
48 20
48 30
48 39
48 41
48 43
48 46
49 1
49 37
49 55
49 63
50 2
50 14
50 17
50 24
50 36
50 37
50 41
50 53
50 57
50 65
51 2
51 4
51 5
51 17
51 32
51 47
51 54
51 67
52 3
52 16
52 18
52 20
52 38
52 57
52 58
52 59
52 62
53 1
53 23
53 24
53 38
53 39
53 40
53 42
53 43
53 45
54 27
54 38
54 46
54 69
55 4
55 23
55 28
55 30
55 34
55 35
55 39
55 51
55 59
56 3
56 6
56 26
56 34
56 41
56 53
57 2
57 15
57 19
57 23
57 32
57 68
57 69
58 1
58 9
58 29
58 46
58 55
58 60
58 61
59 4
59 5
59 9
59 12
59 30
59 43
59 50
59 53
59 62
59 68
60 13
60 17
60 19
60 42
60 51
60 55
60 63
60 65
61 24
61 37
61 40
61 51
61 56
62 10
62 15
62 25
62 56
62 60
63 28
63 31
63 33
63 35
63 42
63 62
63 64
63 69
64 1
64 9
64 10
64 39
64 58
64 66
64 69
65 18
65 20
65 25
65 32
65 50
65 56
65 63
65 67
65 69
66 6
66 27
66 31
66 37
66 47
66 50
66 54
66 55
66 65
67 2
67 11
67 18
67 19
67 26
67 45
67 46
67 64
67 66
68 18
68 22
68 30
68 45
68 65
69 8
69 31
69 42
69 47
69 57
Loss 0 0 15 60 0 27 0 47 0 80 30 0 0 0 87 0 0 0 75 0 0 77 0 0 0 0 6 0 0 0 0 0 84 0 98 0 0 0 0 0 0 0 0 50 0 0 0 44 0 0 0 0 0 0 89 90 0 0 0 0 0 0 0 0 0 0 0 88 0 
