53 <--# of nodes, 258 edges
1 9
1 21
1 24
1 33
1 51
2 6
2 11
2 29
2 40
2 50
2 52
3 7
3 37
3 40
3 42
4 1
4 5
4 6
4 22
5 27
5 36
5 42
6 17
6 51
7 4
7 13
7 16
7 23
7 25
7 26
7 27
7 33
7 39
7 52
8 5
8 7
8 28
8 39
8 44
8 46
8 48
8 53
9 4
9 14
9 17
9 22
9 36
10 13
10 22
10 36
10 40
11 10
11 17
11 20
11 23
11 41
11 49
11 50
11 53
12 16
12 20
12 22
12 34
13 2
13 16
13 27
13 28
13 31
13 51
14 25
14 34
15 6
15 8
15 29
15 35
16 1
16 19
16 22
16 35
16 41
16 44
16 49
17 4
17 14
17 21
17 39
17 47
17 51
18 7
18 26
18 29
19 9
19 20
19 25
19 32
20 4
20 7
20 29
20 38
20 39
21 9
21 49
22 4
22 21
22 29
22 34
23 5
23 8
23 10
23 21
23 29
23 34
23 38
24 9
24 17
24 21
24 25
24 43
25 8
25 22
25 33
25 46
26 1
26 12
26 21
26 30
26 44
27 5
27 16
27 20
27 46
27 47
27 52
28 2
28 6
28 10
28 15
28 29
28 35
28 44
28 49
29 1
29 17
29 20
29 21
29 35
29 38
30 8
30 13
30 32
30 34
31 39
32 6
32 11
32 36
32 37
33 14
33 17
33 38
33 49
34 10
34 25
34 40
34 41
34 50
35 6
35 18
35 25
35 38
35 53
36 7
36 12
36 38
37 10
37 12
37 22
37 27
37 28
37 42
37 46
37 52
38 1
38 11
38 30
38 36
38 48
38 50
39 10
39 37
39 51
40 1
40 8
40 24
40 28
40 31
41 8
41 45
41 53
42 6
42 8
42 26
42 30
42 43
43 4
43 12
43 23
44 15
44 23
44 25
44 42
44 46
44 51
45 6
45 12
45 30
45 35
46 1
46 26
46 32
46 34
46 41
46 42
47 7
47 12
47 18
47 35
47 50
48 12
48 15
48 19
48 27
48 52
49 11
49 23
49 26
49 39
49 43
49 51
50 5
50 16
50 18
50 22
50 32
50 37
50 38
50 43
50 46
51 30
51 34
52 4
52 9
52 22
52 29
52 49
53 34
53 35
53 42
53 45
Loss 0 0 0 0 0 0 0 0 0 0 0 0 0 0 0 0 40 98 0 0 25 0 0 10 0 0 0 0 0 0 0 0 0 0 12 0 33 0 91 0 0 0 0 0 88 0 0 0 5 66 0 0 0 
