49 <--# of nodes, 223 edges
1 5
1 12
1 13
1 19
1 29
1 44
2 17
2 22
2 24
2 41
3 17
3 28
3 34
3 39
3 44
3 46
3 47
4 7
4 17
4 19
4 28
4 30
4 40
5 18
5 28
5 49
6 4
6 5
6 18
6 32
6 39
6 40
7 1
7 8
7 36
7 45
8 5
8 12
8 43
8 49
9 4
9 15
9 28
9 43
10 3
10 28
10 30
10 32
11 12
11 29
11 30
11 40
12 8
12 17
12 26
12 31
12 33
12 36
12 46
13 21
13 23
13 24
14 5
14 6
14 41
15 7
15 8
15 13
15 22
16 6
16 9
16 22
16 41
16 49
17 15
17 20
17 37
17 41
17 43
18 25
18 38
19 13
19 20
19 40
19 47
19 49
20 9
20 12
20 34
20 44
21 11
21 12
21 14
21 16
21 32
22 1
22 11
22 14
22 16
22 20
22 27
22 44
22 47
23 27
23 36
24 3
24 11
24 29
24 37
24 44
25 26
25 27
25 32
25 37
26 2
26 28
26 43
26 45
27 6
27 21
27 22
27 24
27 26
27 39
27 45
28 18
28 20
28 49
29 3
29 8
29 21
30 15
30 17
30 22
30 25
30 26
30 27
30 37
30 39
31 16
31 19
31 21
31 23
31 46
31 48
32 24
32 37
32 48
33 6
33 13
33 16
34 13
34 21
34 30
34 41
34 43
34 44
35 8
35 12
35 21
35 24
35 30
35 40
35 46
36 11
36 21
36 34
36 39
36 47
37 21
37 39
37 42
37 46
38 2
38 12
38 33
38 35
38 43
38 48
39 6
39 29
39 32
40 21
41 5
41 8
41 37
41 44
41 45
42 24
42 30
42 34
43 11
43 24
43 30
43 42
43 45
43 46
44 1
45 2
45 10
45 14
45 17
45 20
45 27
45 33
45 39
45 40
45 42
46 6
46 30
46 36
46 49
47 13
47 21
47 25
47 42
47 46
48 11
48 13
48 14
49 6
49 27
49 32
Loss 0 0 0 45 0 0 0 0 0 0 0 0 0 0 0 0 0 0 0 0 0 0 14 0 0 71 0 0 51 0 0 0 0 45 0 0 82 96 0 91 14 0 62 0 0 0 0 0 0 
