28 <--# of nodes, 69 edges
1 2
1 9
1 23
2 3
2 17
2 28
3 5
3 6
3 11
3 12
3 24
3 27
4 6
5 22
6 7
6 9
7 8
7 23
8 6
8 22
9 5
9 22
9 25
10 16
11 4
11 5
11 8
11 21
11 23
12 5
12 21
13 6
13 26
15 21
15 22
16 20
16 23
17 2
17 15
18 22
18 27
19 8
19 14
19 16
19 25
20 17
20 28
21 8
21 10
21 12
22 5
22 9
22 23
23 7
23 25
24 28
25 10
25 13
26 6
26 15
26 18
26 20
27 6
27 7
27 9
27 16
27 17
28 22
28 23
Loss 0 0 0 65 92 0 93 23 0 0 0 0 0 0 7 0 0 0 82 0 0 0 0 0 0 3 0 0 
