60 <--# of nodes, 311 edges
1 8
1 40
1 48
2 5
2 12
2 50
3 23
3 39
3 51
3 53
3 57
4 8
4 12
4 24
4 28
4 29
4 36
4 54
4 55
4 56
5 9
5 10
5 14
5 17
5 22
5 33
5 52
5 55
6 13
6 27
6 33
6 48
6 51
6 58
7 9
7 18
7 20
7 26
7 42
7 48
8 12
8 21
8 22
8 33
9 3
9 4
9 7
9 39
9 60
10 1
10 11
10 17
10 21
10 37
10 42
10 46
10 47
11 6
11 18
12 19
12 23
12 35
12 40
12 45
12 58
13 16
13 18
13 22
13 56
14 6
14 28
14 31
14 32
14 46
14 54
15 6
15 9
15 11
15 19
15 28
15 40
15 45
15 60
16 3
16 20
16 24
16 52
17 38
17 42
17 52
18 1
18 16
18 34
18 55
19 2
19 3
19 26
19 41
19 59
20 2
20 23
20 28
20 45
21 15
21 40
22 60
23 25
23 33
23 44
23 48
23 51
24 11
24 15
24 16
24 21
24 26
24 27
24 32
24 41
24 56
25 20
25 24
25 26
25 33
25 44
25 60
26 3
26 27
27 5
27 10
27 11
27 31
27 45
28 2
28 8
28 15
28 24
28 32
28 34
28 55
29 5
29 11
29 16
29 18
29 35
29 37
29 38
29 44
29 48
29 50
30 2
30 11
30 16
30 18
30 19
30 24
30 29
30 37
30 47
30 50
30 55
32 9
32 14
32 33
32 43
33 37
33 50
33 55
34 25
34 38
34 40
34 52
35 4
35 7
35 13
35 24
35 45
35 59
36 12
36 27
36 28
36 34
36 49
37 2
37 44
37 48
37 49
37 57
37 59
38 14
38 32
38 34
38 59
39 5
39 18
39 19
39 33
39 36
40 8
40 23
40 32
40 35
40 43
40 55
41 6
41 14
41 16
41 18
41 19
41 50
41 53
41 54
41 60
42 2
42 19
42 39
42 50
42 57
43 45
43 47
43 49
43 53
44 28
44 40
45 10
45 21
45 50
46 4
46 11
46 42
47 14
47 30
47 43
48 6
48 16
48 30
48 34
48 37
48 53
48 57
49 10
49 12
49 13
49 29
49 30
49 41
49 50
49 56
49 57
49 59
50 5
50 10
50 12
50 29
50 41
51 23
51 34
51 45
51 50
51 55
52 12
52 14
52 31
52 42
52 48
52 53
52 55
53 13
53 18
53 36
53 38
53 40
54 2
54 5
54 25
54 40
54 41
55 14
55 19
55 20
55 22
55 39
55 40
55 41
56 17
56 26
56 28
56 37
56 44
56 55
57 24
57 33
57 35
57 36
57 37
57 40
57 60
58 17
58 25
58 31
58 50
58 56
58 57
59 41
59 52
60 5
60 41
60 42
60 47
60 57
60 58
Loss 0 0 0 0 31 57 0 66 0 0 0 0 0 0 0 0 69 0 81 0 0 0 0 0 0 0 0 32 27 0 0 0 0 0 0 0 0 72 0 52 21 0 0 0 4 0 0 0 0 0 0 0 0 0 0 0 0 0 83 0 
