53 <--# of nodes, 263 edges
1 2
1 44
1 52
2 5
2 6
2 12
2 39
3 2
3 19
3 24
3 25
3 38
3 53
4 2
4 3
4 5
4 9
4 27
4 28
4 52
5 3
5 11
5 16
5 19
5 27
5 34
5 38
5 39
5 41
5 45
6 2
6 10
6 36
6 43
6 51
7 15
7 19
7 20
7 24
7 40
7 45
8 6
8 15
8 42
9 21
9 52
9 53
10 11
10 21
10 33
10 46
11 2
11 18
11 34
12 2
12 45
12 48
13 1
13 15
13 18
13 40
13 47
14 2
14 13
14 16
14 29
14 31
14 36
14 39
14 44
15 8
15 31
15 37
15 47
15 50
16 11
16 19
16 32
16 40
16 48
17 12
17 25
18 2
18 6
19 13
19 25
19 32
19 35
19 43
19 48
20 16
20 25
20 28
20 32
20 41
20 45
21 7
21 11
21 33
21 47
22 5
22 24
22 29
22 31
22 36
22 43
22 53
23 11
23 20
23 21
23 28
23 29
23 30
23 32
23 49
24 2
24 4
24 28
24 34
24 37
24 44
24 48
24 49
24 51
25 6
25 19
25 31
25 35
25 41
26 24
26 36
26 37
26 48
27 1
27 7
27 17
27 32
27 49
27 52
28 2
28 15
28 20
28 22
28 31
29 5
29 6
29 7
29 39
30 10
30 32
30 33
30 37
30 48
31 11
31 26
31 30
31 35
31 37
32 5
32 13
32 36
32 41
33 2
33 4
33 14
33 16
33 22
33 44
34 24
34 29
34 44
34 47
35 5
36 7
36 15
36 20
36 39
36 41
36 50
37 2
37 7
37 16
37 25
37 36
37 40
38 33
38 37
38 39
38 41
38 51
38 53
39 2
39 16
39 17
39 49
40 17
40 51
41 10
41 16
41 22
41 36
42 14
42 20
42 29
42 37
42 48
43 5
43 33
43 37
43 42
43 47
44 34
44 38
44 39
45 11
45 19
45 32
45 34
45 47
45 52
46 7
46 12
46 18
46 19
46 50
47 28
47 32
48 3
48 12
48 14
48 15
48 19
48 49
49 1
49 7
49 14
49 17
49 44
49 53
50 1
50 6
50 24
50 29
50 36
50 40
51 27
51 31
51 33
51 34
51 36
52 4
52 17
52 18
52 19
52 26
52 29
52 39
53 11
53 33
53 37
53 39
53 47
53 48
Loss 0 0 0 0 0 0 0 0 43 0 0 0 28 0 0 0 0 49 0 0 0 0 0 0 85 0 0 0 49 0 0 14 0 0 95 0 0 0 0 0 0 0 0 0 0 78 0 0 0 0 0 0 0 
